userId,userType,historySize,history,timestampHistory,numberOfClicksHistory,timeOnPageHistory,scrollPercentageHistory,pageVisitsCountHistory,timestampHistory_new
943bb574298e954218c97f7ed32f89d2c6691f551c9aae4c0bbda7ebd9f7ee17,Non-Logged,10,"d5d6d9af-70f6-4e3b-952d-456179c617aa, 18633c31-9144-419f-95b7-7bbac07695c8, 1f32787b-de2b-49be-8c20-ddaeae34cc22, 598ed114-fd5a-4d82-90d8-f1e893cb0892, 92165aa2-a803-4d0f-8d2b-44977f224046, 8e599194-890f-4c59-b8e8-9922d5c25a80, 700d8181-ed28-48f9-b716-40c18325909a, d9db51d1-ba53-4135-8207-e085ec4309e0, 72e2c133-5d98-4a1b-88a2-04ed56725f31, b2e31128-76aa-474f-8310-2f0fd62750e4","1659977391423, 1660061351062, 1660123813401, 1660123879742, 1660146958849, 1660147059567, 1660233741746, 1660233918841, 1660234216998, 1660296707511","1, 1, 1, 1, 1, 1, 1, 1, 1, 1","181841, 208806, 65520, 170000, 99850, 70000, 175826, 297371, 148605, 90000","68.93, 100.0, 78.66, 89.74, 89.86, 76.02, 68.37, 93.02, 54.6, 80.25","1, 1, 1, 1, 1, 1, 1, 1, 1, 1","1659977391423, 1660061351062, 1660123813401, 1660123879742, 1660146958849, 1660147059567, 1660233741746, 1660233918841, 1660234216998, 1660296707511"
f6cccdc9904e949447c80da9e001fe91c20c18f405d238b91d6362501671d9e3,Non-Logged,10,"279ccbff-f203-4c6d-aa48-83d97f085302, 83ebda93-e1cf-422d-ae6b-18298c55ed8e, 533fa432-73d3-4d01-8819-0e23bdd0e8dc, 498f00e5-8860-4365-a03c-dca9fd298b80, 3fb7858c-33f9-412a-b0cc-c847df3e2be0, 9930ad3b-a506-4129-8efd-20c573365d74, 17d0a275-8223-472c-8c9c-cafdbd6b5739, 283a0372-4e74-4239-936a-0a6225bda7d7, 3230374d-3227-480f-8aad-be40e7918a89, 6c517284-c766-4c7e-a27f-09b4bc6ed8ab","1659710308219, 1659710588334, 1659825837808, 1659833739686, 1659946185182, 1660055851498, 1660069718429, 1660209504154, 1660331616692, 1660472419824","3, 15, 11, 10, 3, 16, 22, 13, 4, 17","30000, 50000, 50000, 15981, 24497, 69928, 64680, 50140, 11513, 83313","26.55, 37.59, 33.98, 36.87, 12.67, 39.69, 50.84, 38.74, 10.35, 44.23","1, 1, 1, 1, 1, 1, 1, 1, 1, 1","1659710308219, 1659710588334, 1659825837808, 1659833739686, 1659946185182, 1660055851498, 1660069718429, 1660209504154, 1660331616692, 1660472419824"
dbddbfb570b2b1d31775341e523ea38f92db2736da8d323b1e30f34383134dcb,Logged,10,"92064ef0-d524-4278-af4a-5a83ad54e85a, c02b2138-bdb9-40f2-acf7-39258e2184b6, 844ae59e-2293-4971-b3c9-915aa58c93ad, 9612dc7b-dc39-4e0c-8f0c-104422bdbba8, 444db2d3-2856-4307-8a36-09b15651fb8b, d85fbf2f-0f06-46f2-9a84-82346e4f6cfa, 7a1316be-f6b3-4031-a2f2-6cd6dac94f35, 66c273db-e19d-47bf-86aa-8ddb81c957d6, 34825663-ce69-4da2-81c7-999d6c046711, da42bebf-eb62-41e2-b325-26f2037900bc","1657229831301, 1659575458280, 1659575763625, 1659575907377, 1659720523660, 1659758773598, 1659833555922, 1659901635825, 1659984676434, 1659994748777","0, 1, 0, 0, 0, 0, 0, 0, 0, 0","57127, 110000, 50739, 82465, 60000, 50000, 30000, 11199, 70000, 20000","49.75, 42.2, 70.89, 89.15, 18.7, 38.65, 18.76, 18.01, 15.62, 51.44","1, 1, 1, 1, 1, 1, 1, 1, 1, 1","1657229831301, 1659575458280, 1659575763625, 1659575907377, 1659720523660, 1659758773598, 1659833555922, 1659901635825, 1659984676434, 1659994748777"
3d7391be28df2e6b66a1234b42026a8760a8e6e174cc903518f4e1c20b78b56d,Non-Logged,10,"esid:conteudo_editorial_g1#materia#https://especiais.g1.globo.com/sp/sorocaba-jundiai/eleicoes/2018/apuracao-zona-eleitoral-presidente/sorocaba/1-turno/, esid:conteudo_editorial_g1#materia#https://especiais.g1.globo.com/sao-paulo/sorocaba-jundiai/eleicoes/2018/apuracao-zona-eleitoral-presidente/jundiai/1-turno/, esid:conteudo_editorial_g1#materia#https://especiais.g1.globo.com/sp/campinas-regiao/eleicoes/2018/apuracao-zona-eleitoral-presidente/campinas/1-turno/, esid:conteudo_editorial_g1#materia#https://especiais.g1.globo.com/mg/minas-gerais/eleicoes/2018/apuracao-zona-eleitoral-presidente/belo-horizonte/1-turno/, esid:conteudo_editorial_g1#materia#https://especiais.g1.globo.com/sp/sao-jose-do-rio-preto-aracatuba/eleicoes/2018/apuracao-zona-eleitoral-presidente/aracatuba/1-turno/, esid:conteudo_editorial_g1#materia#https://especiais.g1.globo.com/am/amazonas/eleicoes/2018/apuracao-zona-eleitoral-presidente/manaus/1-turno/, esid:conteudo_editorial_g1#materia#https://especiais.g1.globo.com/rr/roraima/eleicoes/2018/apuracao-zona-eleitoral-presidente/boa-vista/1-turno/, esid:conteudo_editorial_g1#materia#https://especiais.g1.globo.com/pa/para/eleicoes/2018/apuracao-zona-eleitoral-presidente/belem/1-turno/, esid:conteudo_editorial_g1#materia#https://especiais.g1.globo.com/ce/ceara/eleicoes/2018/apuracao-zona-eleitoral-presidente/fortaleza/1-turno/, esid:conteudo_editorial_g1#materia#https://especiais.g1.globo.com/ba/bahia/eleicoes/2018/apuracao-zona-eleitoral-presidente/feira-de-santana/1-turno/","1656786723735, 1656786741260, 1656786771792, 1656786781354, 1656786792855, 1656786805656, 1656786821653, 1656786828057, 1656786840396, 1656786876543","4, 10, 8, 7, 8, 8, 2, 5, 8, 7","8417, 17645, 20000, 20000, 20000, 20000, 10000, 20000, 15833, 20000","42.95, 33.27, 56.11, 32.87, 27.6, 41.08, 34.98, 31.09, 29.76, 49.98","1, 1, 1, 1, 1, 1, 1, 1, 1, 1","1656786723735, 1656786741260, 1656786771792, 1656786781354, 1656786792855, 1656786805656, 1656786821653, 1656786828057, 1656786840396, 1656786876543"
ffa86204a01723a75b52903cc6bd900e378e10da48484b5667c333129841e20d,Non-Logged,10,"acda3f2d-9b4f-4618-a45e-0d4d1771801f, 8f1168e3-c968-404b-98eb-217b883defd0, 6c6640ac-1642-4a9b-9aea-03f655d8b8d2, 1ca0b64a-8bb4-4a2b-b3d0-af935960bf15, c7e0a040-9438-44e6-98b4-9dd154207fa8, efda143c-8d15-41cb-9316-c1ec51d2e4cf, 10594987-6ac9-440c-b0ba-2cba98f3fa11, 07a76e3d-2547-45e1-a9bd-cc51af53df6c, ba8bb363-c3e7-416c-9aa0-27e252d84f7c, 113fd5d7-22f4-482b-8565-518444fdb60c","1656650353843, 1656808316412, 1657258342617, 1657320522075, 1657393493694, 1657393860482, 1657485241957, 1657660484852, 1658215711180, 1660501436038","1, 0, 1, 0, 0, 0, 0, 0, 2, 2","24040, 14195, 27637, 41380, 200000, 23545, 64534, 50656, 141672, 30000","31.56, 27.82, 14.81, 56.55, 66.88, 13.9, 17.71, 27.76, 65.53, 37.12","1, 1, 1, 1, 1, 1, 1, 1, 1, 1","1656650353843, 1656808316412, 1657258342617, 1657320522075, 1657393493694, 1657393860482, 1657485241957, 1657660484852, 1658215711180, 1660501436038"
b35163b026a27797cbaa341c2c40d7a264c1d77c99e3068c014dc4c15f6000a1,Non-Logged,2,"1c27cf97-b20c-4e40-b1f1-288b721517b3, 53c2da8c-6871-467e-a2be-14cd5383b77b","1658781546622, 1658781585018","11, 11","35693, 29504","47.03, 8.84","1, 2","1658781546622, 1658781585018"
9d3c5ffc94c4cf471f78530e8af33e79795d5c02d8b2daf5883aa87a8c06008a,Non-Logged,2,"82206221-05a0-4f89-aa10-e8c8dc0cc418, d2593c3d-2347-40d9-948c-b6065e8459a9","1657569823939, 1659992317068","29, 109","91942, 220000","31.39, 40.58","1, 2","1657569823939, 1659992317068"
22b4ce7aaf861866a84539016f8c6b51f6974ce4297efb66cea698e2b7a9c7e7,Non-Logged,2,"122c722e-da8f-460d-b689-ad404c376406, be81f38c-fc94-4d30-90cc-4136b01dc83d","1658838153496, 1658930845786","2, 0","80000, 90000","40.19, 58.21","1, 2","1658838153496, 1658930845786"
63fb56e4d38c7a95bd86721a0da4180030e49cfc13d8f4c5b736bc7ea92fb52f,Non-Logged,2,"a07f586d-6939-4406-86fd-1af9f56d2123, 518c91a1-d7f2-4690-b61d-79804583cac1","1659077517069, 1659080245588","14, 14","43410, 20334","62.48, 38.51","1, 2","1659077517069, 1659080245588"
e5bba9159dbd8ffdd7bebec6c79c1a7c8f1b6cec0b30a317f65a641080dabb33,Non-Logged,2,"b5d75bca-a6a0-46f6-bd68-9cc7945413ea, a5736365-3442-4a7f-a446-2605c35e847f","1658163467807, 1658571255864","18, 4","20825, 35203","19.79, 13.42","1, 2","1658163467807, 1658571255864"
497732c38f68c3a656f54ea7b0203581f45bcc9f76d7ff0f32e031a5c3195294,Non-Logged,1,fa98b14a-337b-4b6c-880c-8599d4c91665,1660152110224,0,97239,60.07,2,1660152110224
7a369a2646001c1cfc04097994bb584f74e255cabc2ea9244fcbfd3f41fa9788,Non-Logged,1,e24e0282-c85d-4be0-9942-c757fc548542,1658976398762,18,70000,32.26,2,1658976398762
2639315b754266f6943c726d81dfbb324a9c1c32ab4d8767b1738f5e0607bcbb,Non-Logged,1,10474068-7969-49a0-b5ea-dac1d2eb5861,1656706473198,0,20000,12.02,2,1656706473198
d38031e7ac9f1b27a2cf91e3c9c6f37260ca7837d6ab7847806ba95e7eb90449,Non-Logged,1,b25ba13e-c782-44b7-864f-4b3bc11839a6,1658755638999,1,19177,18.19,2,1658755638999
685d5047f49c2310bf262547547b452da9ba908e8557ebabaf504a32d689dbf1,Non-Logged,1,4c11ec15-f6a5-4582-bb2e-4a92608a8e9b,1658088515525,11,50000,10.99,2,1658088515525
622cc5644d65429364da5da9cdd2f11be2428afd9ed7d22654d3363a78bd8b6e,Non-Logged,1,cf0dce35-8f86-42a8-b1a8-c99b40f2b514,1657249564031,22,87022,32.1,2,1657249564031
4c4e4c72e2e0ddb4cb9b20038b3a048b7ef0763e0cb596973412f65cc8b31092,Non-Logged,1,3595b87a-75f1-463e-87bd-895954ffdd98,1659822204172,5,40000,27.5,2,1659822204172
6931a0099408b606b3a5c052db07b8b18b28480878f87116afca210bfe01c9cd,Non-Logged,1,c6293e69-c7f4-48a1-8c50-d8f6b9d10a95,1657048538112,0,210000,69.77,2,1657048538112
9a59695c2e952a68477638c19be1cc212828d3704e43933d98f75ca55e599fdc,Non-Logged,1,c571767a-8e35-4730-b3e0-97587dd7aae6,1657131190050,18,65549,19.71,2,1657131190050
c6848c27fdd9a15dece28d01721e653b1aec363bae1772a336a257c51e759b1f,Non-Logged,1,45a23540-7c1b-4d3f-89bc-74d897e2a489,1659394836823,33,90000,68.76,2,1659394836823
a24c635437db37dca9f10ab0d51dedffe4c090e602f9f99a31b4b066643bd74d,Non-Logged,1,3a3f8f62-b847-47d7-b74b-d446fadbca82,1658937203088,14,55430,10.59,2,1658937203088
7f0b63033e197576addd7fa28f41d580bec7f8e38b38f6ba1b40799c1e3b8955,Non-Logged,1,7f87c3a0-1a2a-40cc-98a2-fd43351289c9,1659539316755,81,162166,39.13,2,1659539316755
19487923573d9a4d8a92d4e489515056ef360eb4a82bf89cc4389c308586f46d,Non-Logged,1,48b737ff-b3f8-4268-8cc1-cd56248ed1b9,1659466771028,1,47167,33.06,2,1659466771028
f044a1ad27529e8afd038744c6bf968bd51d1b68096bfcf4e65c8b33a0de1e91,Non-Logged,1,9054d7ac-8953-4abf-bf71-88622d17b5cf,1657310630575,31,282679,34.83,2,1657310630575
03c464173ef0cb3b3a75a5b051777d7cafea5b0922824dffa0efb6225f3621a6,Non-Logged,1,85080eef-ea13-4fd8-a711-837e8b9067cc,1659706204346,83,401101,64.14,2,1659706204346
a5ad24cc5df9534b45448cb77d49efab0884ec8a339b889016943339b3a20e44,Non-Logged,1,45652659-45de-44e2-8792-173bfa4b9db1,1656978416674,18,90000,28.49,2,1656978416674
3f849ab9e2701e5b1dd5adecd714e509f51a6331d303500621fb9aa024a9f26b,Non-Logged,1,662c83b3-15a6-498e-adce-6c2c9fe457b9,1659140385696,7,24499,11.63,2,1659140385696
4d3cdeb75867196c9faee01d90e5e08cb9249be85edd64b71925ece7a892c92b,Non-Logged,1,a205cad6-e100-4b06-8936-27721104f362,1657492448283,2,52420,53.58,2,1657492448283
6999896cf96d93f29976b25d91a837a6e4aa27ce34556942031f4c2a2efeb36f,Logged,1,e8502225-52b4-43b4-ab9a-7917ab042b23,1659909751755,6,34546,11.99,2,1659909751755
cda02b339072c6b1ee5df9cc9c049545a7472c8810357e5863a490a0bb2299d3,Logged,1,e997e4c6-4f8c-4069-ab33-70a1a2f4affb,1658331850400,18,80000,31.44,2,1658331850400
982e3612fa54f7fa011f34a6650d736aedc764651f7cb78bf16d3dd42e36cc80,Non-Logged,1,c66f5178-95da-49f0-8974-6bd507ef637b,1659623097147,1,50665,21.95,2,1659623097147
32512a69413643b02a7795dd8b2837b7513d2bd006f6378d2fcc09e32241f403,Logged,1,f6d907e8-921d-4fb0-96bb-87a0747baf14,1656965527969,0,137474,26.03,2,1656965527969
01aea8a5f6635045475727fea777c6604fba843f745b8902cf324aff7981a7b5,Logged,1,eba32137-7656-4213-b73b-e7885f5d562d,1659673561883,106,290629,33.07,2,1659673561883
bb5864024e57dd0173e2e614852ee56fc23559f236b56eb689609c2d1bd3c29d,Non-Logged,1,061a5771-76a1-4cbb-b595-cf47aef7c0c0,1658937474534,2,83127,19.85,2,1658937474534
d368b68c3f464094ef465b84100c0823c1cc15277992ebbaeea23740fa23ebe1,Logged,1,cc13a26b-9e07-4a64-9180-a941c549eee7,1659986281180,4,36826,14.07,2,1659986281180
5242cc94d8f5ac6e43268bba344a300efe85e0d3c0c230f22aac278a0f9a01ab,Logged,1,3c787cdc-99f7-4001-94ac-4edb2e971b94,1660509711286,70,62982,43.58,2,1660509711286
a6bb5a7a2172275a13e21876d20c6d660e3d4784fef0a4f76e4052e70ec22ff3,Non-Logged,1,f8b18d47-aee9-44b7-9bd6-4c8287d7c436,1658257460540,25,100000,25.34,2,1658257460540
791c9394e2cd111d32b01b90ae7c4cb3219e58854eb3af9abc722b12c67d4a1e,Non-Logged,1,c255f500-6d8d-45d8-812d-528c71b1b5db,1657734186141,0,64849,39.29,2,1657734186141
17457ba0960b7020ed7e38e5fe1db58305bdd68ae506a0bb8e7a1fef559d1956,Non-Logged,1,eb3460e4-bdba-4394-b994-e55100a3a050,1656881521863,9,31192,4.71,2,1656881521863
2a998a1a2ef2412524da046424f15d35186ee951f776cbacfc9d4454ab62ec2b,Non-Logged,2,"a063e350-ada2-48ac-a334-82676329807e, cfa7021e-aaba-436c-ac1e-08294905638e","1656858269325, 1656858331760","74, 19","127526, 26118","44.11, 52.88","2, 1","1656858269325, 1656858331760"
302b58493a11f017ac78269844c69f26682edadeb9756436bfc426f09fde6606,Non-Logged,2,"2909358e-28e0-44b8-9d52-0f762fadddc1, 845fe5dc-f527-4510-b6e8-d853d656785f","1657040251310, 1657041541536","10, 9","110000, 70000","19.77, 10.67","2, 1","1657040251310, 1657041541536"
c03ae17b92010af22f79b7fb05318071c11ca4b6d8e9db71262548c00de8c746,Non-Logged,2,"18e8ed49-723a-4cf9-9cdb-0afcae0dad08, ed188164-7ecc-4cdd-9f0f-98de07cf8905","1658157300721, 1660270672447","3, 1","16602, 22075","26.94, 65.68","2, 1","1658157300721, 1660270672447"
43b07abbae1192c48816820bdc35efd2167d6cdfa52149b6e763c129051b32af,Non-Logged,2,"86c3663e-ad55-4009-805b-a199fff8d6e1, d7c70780-9719-4f31-ae47-c5c2a47414bf","1659651351291, 1659651557398","37, 7","88007, 32802","44.82, 16.7","2, 1","1659651351291, 1659651557398"
06589e301212c6e6c1b0e99d49624ea6deffbc49c564b129cf3749133c32ecf8,Non-Logged,2,"3f39310a-cba8-4553-a8bf-cce565dffd45, 08945c89-2ff0-4fd1-9dc2-eedad463ed99","1659694633669, 1659695024724","0, 0","159279, 9990","44.65, 75.9","2, 1","1659694633669, 1659695024724"
b83bccf893155d214dbd5e1dad1350b545457ae5aaee5f6011b2a603576af3ea,Non-Logged,2,"0dee4983-efc9-411d-983f-8c6eee9c7c28, 1fdb403a-9cca-4c04-9c25-f4474fd0cc58","1658213579523, 1659690379065","6, 53","21010, 156185","25.11, 100.07","2, 1","1658213579523, 1659690379065"
6ed69148352c68a182bff9f5d8024ac2e07a928e8af64b13d4ea99e27d7ef069,Non-Logged,2,"6c88eba3-9a2e-4601-a26f-851c9a11d4c2, f4019d31-3ff3-4462-ae22-195253aa07db","1658038143558, 1658081514766","27, 107","169250, 430000","49.55, 70.12","2, 1","1658038143558, 1658081514766"
aa483f2f08bf323d9b0efd09f8de9e7ce8b95730031a716a75e058bc0b39287c,Non-Logged,2,"a3414edd-c6cd-4a38-a6c4-2df911a40ee1, 3308f3f0-7b91-459b-96c5-a7d2ef26ffb0","1658152967543, 1658153111313","0, 0","60000, 40000","12.06, 50.5","2, 1","1658152967543, 1658153111313"
1dbf9d5b24ad4a2a77166e08ce901b943c719f4dc10eeaf638074447a313eb5b,Non-Logged,2,"9cd7293f-2c57-406c-a848-dc7ae6bd8dde, bf40b317-ce19-4580-a1fb-1e3392ef4697","1656788102571, 1656804376575","4, 0","90589, 10000","19.55, 12.64","2, 1","1656788102571, 1656804376575"
ed7fc4459b2314d7fabfec4cf1ee1074470a42873ee943fcbc8268ca28e39a5c,Logged,18,"078899c5-fa05-4121-a111-6bde71945436, 4eb491ac-4b13-4780-8069-5d958eeb3080, 99cee40b-98dd-49a0-b741-41296aaea59e, d4e6eafc-93ef-49d8-90fe-3c84caf40a56, a58e90fc-842d-4f13-bab0-813b522a5750, 2947a493-d7a4-442a-acc1-a59d2dab3863, d031af1b-f939-47c1-a589-e6d691b66d91, f8b246a9-bc8f-4186-ad33-70d7c266b89c, 1aaa53f5-750c-4860-a79e-fe7ffac3d71f, 7b056bf6-c232-46bd-8903-59145ff7ce46, bf915bcb-9984-4c75-b383-d61cef6f40c7, 58187910-27b8-4e13-b9a4-a1af687558c1, 431154d9-478d-4c01-bef6-e86041c50126, bbdb1500-3b2c-407b-93e5-dff4d7f3d497, 86bbf273-5ee9-45bb-bee5-9b7b41c32e83, 9a8990ee-473b-4e2f-8a9f-22dd2653e625, 44fe8a32-4c7c-4e04-a41d-d8d1977e052e, 0a066d9e-219f-4397-ac71-ceb3bcf2fba7","1658708372967, 1658708601094, 1658872176521, 1658934486323, 1659052362161, 1659052369511, 1659272235631, 1659272267156, 1659367980975, 1659468040984, 1659468172860, 1659789964906, 1659790260555, 1659790504526, 1659790730253, 1660057378564, 1660076181060, 1660125846789","2, 0, 0, 0, 0, 0, 0, 0, 2, 0, 0, 1, 1, 0, 0, 6, 3, 1","137117, 52738, 53722, 8015, 75885, 109932, 159973, 111142, 150000, 64943, 50307, 271875, 10000, 222129, 56909, 150000, 59675, 18607","50.68, 32.75, 38.14, 5.06, 81.02, 58.27, 85.64, 75.42, 86.39, 38.43, 80.16, 97.83, 22.64, 82.17, 33.11, 22.13, 16.9, 9.24","1, 1, 1, 1, 1, 1, 1, 1, 1, 1, 1, 1, 1, 1, 1, 2, 2, 1","1658708372967, 1658708601094, 1658872176521, 1658934486323, 1659052362161, 1659052369511, 1659272235631, 1659272267156, 1659367980975, 1659468040984, 1659468172860, 1659789964906, 1659790260555, 1659790504526, 1659790730253, 1660057378564, 1660076181060, 1660125846789"
d9327e98da221a4cd7fb843220e93b74f2148348d1960a4c1d134c80727cbc15,Non-Logged,100,"cf7c4c6c-38e5-43bb-ad54-c33ad7253ac2, fb0938f6-52bb-49a6-997f-29e0d91c5e9c, fcdc961b-9239-4c94-a775-bff667a105a4, 8986091e-e534-4911-b257-62156be2988a, 5af85505-ad29-4d29-ad7d-011beca7e75d, e7bcf850-ac47-4a85-a040-d9d5f7bc8682, 63f5d588-f067-41c8-bdd7-07e2587020ea, 8634c420-35d5-4d2d-af72-542ade25b3d7, cb97062b-a3d9-4e1f-b60e-dec6c008aa76, 89269edf-dccb-448a-b4d7-60598d9e2094, a1f30805-1fba-44e1-a915-0da0e55aef6d, 286428b0-dd16-46e6-8189-2908a23967ea, 11cdab41-edc5-4af3-ba9a-bf53e5681263, c7296f91-5231-42d1-a7e9-b1a4a1bc28df, ab7e0db8-4d7b-4ffb-8c34-5eaf29661c0f, 97bfde1a-e778-4f77-b89c-450191fbb17c, 371a2854-b9d0-4d0d-93d2-7133cd9523eb, fd33f608-18f6-445a-bc4b-4ba1d1556fa2, 2a3cdcb6-d952-4fdb-93d4-231e161f1188, 9aa5e6c8-f7a9-46b4-839a-61a140210209, 36962fd8-9237-4dcf-bf76-98a8fc80f952, 6fde38a6-c04c-4ff4-ba98-efa7247fde5d, 6acbb64f-0b1b-4320-b9a8-b779c8da11a1, 70595e29-bf66-4ecf-85a2-46290b93cd18, 0f338ea1-7fa3-44e6-8f7f-a66bcbbe63f4, 11ae3ff3-e3de-4cdd-8a18-f0988e3bb0b3, 2d3ab11d-23c8-46d9-8361-b0c418fb0ae9, fae2868f-3309-40f7-9812-40c76bc72f5f, b1258ee1-02c8-457d-a388-4a224d960e6a, 1b606d64-4072-45eb-83ce-805e4d96b7e9, dcbcfc8d-6010-41df-a39d-008b0c7bc85d, 862ed05d-ba1c-4ae0-90d1-0ccaf769a799, 97c00ceb-20e2-455e-b706-9a720e9b32d2, 78c6496b-74f0-4060-94c8-a315d1acfe61, 27453ffd-5354-440a-a6b1-0b56eb6b6821, d2705701-d897-4048-992c-384542c33812, 5c7b84f6-67a4-4ec1-844d-f225d9fcf159, ea1fb0dc-a3b6-48b9-b80b-cce4370575f1, 312aa4de-c74e-49e9-b0b5-a4fbff3b4c99, e70ae589-11a5-406e-ab1e-a613639cafb8, a7d0a18d-f34b-4d81-bc60-01fa2891f8b5, c55b5b0f-9cd7-416c-a87c-e781c6e9bdaf, fb112a49-5e13-4046-ae7d-2a7d7dba74c7, f4b2bf7a-7064-47a6-b3d6-58bd2c2fd341, 08a14cc3-ca3a-4f4a-ac12-6c21dc50c432, b0617eb0-b658-4635-bf03-e689d783a0d4, 5af379e6-1bd1-4cf8-a23c-03266fb77b2c, ac0ffe2c-5277-48e3-b898-a26ec2f9b423, 5ef371d2-457b-4154-a55e-0e1d617d6528, 5ff06450-cfa0-4e6f-ba87-ca6f412c9b44, a42b477e-4650-413c-83e0-d68b3a1a9a13, 15281e10-e6bc-48bc-9b1b-94402f83699b, 3b94c985-903b-45db-89a2-24d3d4459509, c301f635-9989-4ca7-97a5-d2ec1d20ebdc, 73ae816e-499d-491f-8e11-957dfba32532, 32be4219-c156-41b6-acbe-6c29ce3b1ab5, b589c448-c864-4338-a9bf-9f43e3e94676, 26516399-e091-4bc4-89e4-d9d45cc3f9e4, eccc18ac-1a80-4bf3-a980-e4998ac9724b, f5d2a476-c8dd-4ef7-bf6e-8d9016c7f349, b4205fc1-0e95-4f4a-8ce1-e2e6478c5a41, 02461678-4c3a-4a50-a455-e4b56d39d4b7, 7c3fbe06-7d31-49b6-986f-3be196b84687, 818f0d18-937a-4391-b7db-9952e7a79e5e, cb324527-6a66-491d-b53c-6a6d7ece566f, cbc832d6-af68-41bf-91d4-8740d71c5952, f4d46a04-e9dc-4cb1-a383-af5c2a6413d6, bd02229a-c123-4e55-9623-9094f04101c5, 82d5ad79-433e-42af-b8d7-9d56ab3a9033, 1db5507f-ba78-4c81-96f1-36a4874fca87, 9929eaae-7536-4dbb-a05d-8261c8df07e6, b45d3be3-1172-4a62-8b29-a7c0faba7124, 542cbae0-40d6-49bb-b7cb-c869ea3192bc, b4d4484d-ed70-4785-a3d1-69ca4328d54d, 9e1b4571-e55d-4a26-8c5a-1ddd6ecf53ba, f399b893-e696-4f8a-9dbe-e49fdecddfa0, 4251d0dc-1eca-453e-b31c-12e7a007a312, a5ee586c-de0c-4684-beac-f9caa24466ff, 1e0057d7-3053-4d52-9cb9-1a7a849b4730, 51fcb534-1b46-44c2-b237-e6b6d774cec7, 399318fb-a6ca-4ef2-9297-c1c3b0ce955d, 89e19170-9ad6-4a7d-afbf-1721b2fae186, cd57090e-4d8f-40bd-acc7-f53844dd2414, a3361408-a006-466f-9656-2e60e4e06b84, b7e453a4-f138-4699-8600-33f9d1534a7e, 8ee1f5d0-b43b-41e9-b362-a0d812b587bf, 35fd529a-de00-4809-a752-4894ee7ba4b6, a2200d09-93d3-406a-93f0-b29d93b9cb0d, 96798969-115f-403f-857f-08470b049a5a, a25e68dd-1343-4dc5-be73-2ae40aaca5ee, d2562ba8-5dd0-4fcd-abaf-39484ec94545, 248658ec-ca38-4dc1-89cf-33f97ca8c635, 350f87bb-204f-48a1-aa24-6f038e119039, 215bb7a9-8777-4327-89ee-005464d731ee, c309c7aa-b438-416a-b3a2-bd433614c6ab, de98c205-7420-4c8f-af15-d00eecd92873, esid:conteudo_editorial_g1#materia#https://especiais.g1.globo.com/bemestar/coronavirus/estados-brasil-mortes-casos-media-movel/, 0e8237e9-24d6-44df-bf80-e944bf572a45, f203f833-8dcf-4a05-9f0f-4b58eb440bbe, eda4ff7b-35ac-4082-89a9-c6f0cd87ef47","1656716421751, 1656716647172, 1656717053607, 1656755856071, 1656843724736, 1656926905771, 1656927234222, 1656960545024, 1656987984569, 1657061588477, 1657062121831, 1657101435621, 1657110705177, 1657151737450, 1657245941603, 1657246422497, 1657246780440, 1657277423841, 1657277643085, 1657333144829, 1657361219867, 1657361458074, 1657361523506, 1657444504282, 1657444669476, 1657507099821, 1657529378321, 1657580305193, 1657580656248, 1657581193948, 1657591251316, 1657591360084, 1657591858348, 1657637300286, 1657659810874, 1657660067714, 1657707499514, 1657719882496, 1657760133080, 1657851145600, 1657921929805, 1657929865672, 1658015189165, 1658015334907, 1658066872172, 1658080203967, 1658135786506, 1658136141082, 1658180515733, 1658224757086, 1658284655578, 1658285276052, 1658310287840, 1658395383909, 1658396043720, 1658412061701, 1658457876309, 1658533762044, 1658543904729, 1658627584509, 1658659216712, 1658742055555, 1658784530921, 1658801402539, 1658829600250, 1658879615720, 1658879978219, 1658962501346, 1658963664946, 1659044801838, 1659061084954, 1659264328294, 1659348949896, 1659349190188, 1659408609115, 1659485897639, 1659580662442, 1659581196417, 1659666697644, 1659744918872, 1659822184741, 1659864034812, 1659924741184, 1659925271895, 1660002756835, 1660081047535, 1660086562163, 1660172260659, 1660172487481, 1660172702287, 1660172925289, 1660184880072, 1660272200707, 1660272667961, 1660317666536, 1660384495616, 1660416008865, 1660431979067, 1660479137500, 1660480149184","0, 32, 26, 92, 21, 26, 23, 15, 21, 54, 52, 17, 101, 10, 26, 10, 51, 24, 13, 16, 32, 0, 20, 17, 10, 110, 9, 54, 45, 4, 17, 8, 12, 20, 14, 11, 42, 18, 13, 13, 13, 10, 11, 14, 29, 5, 19, 48, 10, 9, 6, 14, 22, 55, 18, 12, 40, 10, 39, 4, 25, 31, 32, 17, 17, 47, 9, 11, 8, 22, 19, 73, 17, 22, 19, 11, 32, 13, 15, 12, 2, 13, 21, 12, 18, 21, 22, 34, 5, 23, 22, 9, 17, 15, 21, 23, 18, 28, 46, 0","12768, 94954, 110000, 314245, 80000, 100000, 80000, 134540, 60000, 230000, 134836, 60000, 340000, 18284, 110000, 50000, 182551, 90000, 54869, 70000, 138102, 7829, 80000, 71825, 50000, 320000, 22903, 140000, 200000, 14498, 97458, 70000, 55747, 60000, 90000, 87525, 210000, 70000, 38080, 52148, 85102, 30000, 59333, 30000, 134152, 40000, 60000, 230000, 30000, 40000, 40000, 80000, 70000, 170000, 60000, 60000, 120000, 35441, 196473, 8844, 70000, 122262, 130725, 100000, 50000, 140000, 52808, 89787, 42230, 70000, 56638, 168193, 100817, 83208, 115778, 38187, 120000, 50193, 68904, 52606, 10941, 47998, 110000, 40000, 93494, 80000, 131286, 100000, 20000, 127073, 73443, 40000, 90000, 44477, 50000, 60000, 70000, 64200, 160000, 10000","7.85, 44.89, 36.42, 34.9, 45.65, 45.33, 45.38, 40.3, 49.65, 59.1, 59.24, 38.73, 46.55, 37.54, 40.75, 36.4, 90.18, 61.88, 28.63, 39.57, 43.24, 8.16, 44.32, 33.98, 45.54, 69.64, 37.55, 47.47, 59.43, 35.78, 37.26, 23.2, 47.92, 32.9, 35.51, 37.53, 58.53, 38.06, 45.3, 36.9, 55.63, 48.56, 36.49, 47.64, 51.03, 5.73, 46.54, 60.58, 35.34, 49.42, 24.86, 46.61, 43.52, 65.28, 47.58, 38.34, 50.52, 35.1, 58.35, 30.32, 52.29, 50.35, 38.16, 47.46, 40.22, 51.16, 22.53, 23.21, 36.21, 36.16, 45.98, 100.0, 52.25, 47.14, 78.02, 44.73, 58.47, 47.21, 48.71, 48.3, 16.13, 42.95, 53.29, 47.55, 41.36, 43.34, 33.09, 50.87, 27.97, 36.7, 42.13, 36.47, 39.86, 48.64, 46.96, 44.92, 43.93, 54.24, 68.58, 9.19","1, 2, 1, 17, 1, 1, 1, 1, 1, 1, 1, 1, 2, 1, 1, 1, 1, 1, 1, 1, 1, 1, 1, 2, 1, 1, 1, 2, 1, 1, 1, 1, 1, 1, 1, 1, 1, 1, 1, 1, 1, 1, 1, 1, 1, 2, 1, 1, 1, 1, 1, 1, 1, 1, 1, 1, 1, 1, 1, 1, 1, 1, 1, 1, 1, 1, 2, 1, 1, 1, 1, 1, 1, 1, 1, 1, 1, 1, 1, 1, 1, 1, 1, 1, 2, 1, 2, 1, 1, 1, 2, 1, 1, 1, 1, 1, 1, 1, 1, 1","1656716421751, 1656716647172, 1656717053607, 1656755856071, 1656843724736, 1656926905771, 1656927234222, 1656960545024, 1656987984569, 1657061588477, 1657062121831, 1657101435621, 1657110705177, 1657151737450, 1657245941603, 1657246422497, 1657246780440, 1657277423841, 1657277643085, 1657333144829, 1657361219867, 1657361458074, 1657361523506, 1657444504282, 1657444669476, 1657507099821, 1657529378321, 1657580305193, 1657580656248, 1657581193948, 1657591251316, 1657591360084, 1657591858348, 1657637300286, 1657659810874, 1657660067714, 1657707499514, 1657719882496, 1657760133080, 1657851145600, 1657921929805, 1657929865672, 1658015189165, 1658015334907, 1658066872172, 1658080203967, 1658135786506, 1658136141082, 1658180515733, 1658224757086, 1658284655578, 1658285276052, 1658310287840, 1658395383909, 1658396043720, 1658412061701, 1658457876309, 1658533762044, 1658543904729, 1658627584509, 1658659216712, 1658742055555, 1658784530921, 1658801402539, 1658829600250, 1658879615720, 1658879978219, 1658962501346, 1658963664946, 1659044801838, 1659061084954, 1659264328294, 1659348949896, 1659349190188, 1659408609115, 1659485897639, 1659580662442, 1659581196417, 1659666697644, 1659744918872, 1659822184741, 1659864034812, 1659924741184, 1659925271895, 1660002756835, 1660081047535, 1660086562163, 1660172260659, 1660172487481, 1660172702287, 1660172925289, 1660184880072, 1660272200707, 1660272667961, 1660317666536, 1660384495616, 1660416008865, 1660431979067, 1660479137500, 1660480149184"
e494175c6c13b8bbdce8dade03ba59506b3454fc684d304bde7863320ef26dae,Logged,14,"68bcd037-cf0e-4a5f-899b-79d97ce2827a, 29b6b142-4173-4ec4-832f-7d0a32255c10, 13680bd0-fb71-4139-b157-62d8275b823d, e3d821f2-fa77-4121-925f-9200f8c9d780, 177f38fe-08a7-40ff-baf2-d4d849152d41, 9e93b143-069b-4139-aa1a-42db5c5370ca, 9d598d19-d6be-4c7e-a963-b8fedfa8f24f, 4a108326-b19d-42ce-94f6-807abf6e4679, 4e163060-2488-4627-a8ba-bbfc54a4d57d, 228734d3-1b69-4ce7-82c8-bd68c2051de2, 5f2f1833-d203-486a-ac56-665fc3767018, 5af99ef3-adff-464d-9976-5c5d6391b014, eb7cd76a-3b83-4237-b170-20b44fe2db77, 8e0884e2-50ba-44c0-87b9-d64d913288af","1656923736477, 1657107355419, 1657552023072, 1657943610243, 1658174747915, 1659124493489, 1659124797119, 1659124969444, 1659535590127, 1659804715421, 1659805000856, 1659980348117, 1660175169410, 1660331451509","2, 1, 1, 1, 0, 1, 1, 4, 1, 3, 0, 0, 0, 0","152561, 200808, 80163, 402030, 198094, 301901, 170563, 311620, 245743, 249942, 83924, 71183, 170000, 174403","73.74, 66.49, 52.78, 77.49, 61.26, 74.34, 79.91, 83.15, 64.69, 64.13, 71.45, 49.2, 65.02, 71.04","1, 1, 1, 1, 1, 1, 1, 1, 1, 1, 1, 1, 1, 1","1656923736477, 1657107355419, 1657552023072, 1657943610243, 1658174747915, 1659124493489, 1659124797119, 1659124969444, 1659535590127, 1659804715421, 1659805000856, 1659980348117, 1660175169410, 1660331451509"
043766d85617d26abd157dfbc98ca1f369dd686030d1a5d56f9060a1f4cc3f2a,Logged,1,f8b18d47-aee9-44b7-9bd6-4c8287d7c436,1657394176404,1,56041,4.74,5,1657394176404
39e6559f0022810d03dfb69a1b44963755c68b684b403d6f7810f13a4e801525,Non-Logged,90,"6617a8f7-712a-434f-a9bf-89148e7c78f5, bc055232-aa0d-40c8-84b0-91b45237c590, 239430d1-9a03-4b7e-a928-2362102ab641, 68bc8994-ebef-4e48-8478-e7fe1619ae58, c6ef110d-7837-47f2-84f6-cfea4da5e328, 44a7966a-d907-4cb5-a523-29a29f71fbdb, a9ecf2bf-e542-4aa7-b494-20fca61f0615, 1f32787b-de2b-49be-8c20-ddaeae34cc22, 7631ca92-d9c2-4891-96a9-a562b104c1cb, a91da755-0246-4f3f-a65e-c20ae598d860, a255bb7e-8214-46ec-beb1-3a48d4d09710, 5b1cb0ce-8056-4dec-a64d-623068958061, cd550092-66e3-4156-a8ba-e842d03e4a50, 82206221-05a0-4f89-aa10-e8c8dc0cc418, b2e31128-76aa-474f-8310-2f0fd62750e4, 3bd9f24b-cb02-4cc4-b6b7-da5c1389463d, 9dc80b61-f703-4122-abff-4666d617745c, d4623930-ae85-4058-aa4b-867696479d9a, c12d9d59-bfc8-425a-b8d7-e14b87850220, 21532265-cfd0-4301-a58d-dd615d0189d6, 6de9d71d-31dd-4534-a4a0-9f1fde87f6c5, e9de8ac6-229f-4836-bb13-c08a6927b80c, 57a0c7a5-6cf9-482c-b85c-dcd71092b15f, 6a879c45-7e70-42fb-a307-8a61d4d05d8d, 62c75a44-c053-4f1f-8cd7-788df09ad65b, dfde8517-4404-497f-9993-9f076db8fdcb, af5d32bb-ab3d-47fa-96c2-bf44680ea0f7, bd1276fb-8d3a-4d85-9301-d221476dfe23, c85cb6f6-60e1-4a94-8f8f-6b436bb1d77c, bcb082df-30e5-44c0-926c-6172cacaaae3, f8b246a9-bc8f-4186-ad33-70d7c266b89c, 88d6396e-b422-4b6f-a119-6dda88213f01, 58f350e5-cf09-4958-9703-84c0e56468ea, b2e0fc5f-b999-4cda-b004-5e7da2430ba0, 4e163060-2488-4627-a8ba-bbfc54a4d57d, 69b7551f-431d-4d75-8685-07ae2626f2ac, 34f20907-4adf-4da7-8f8d-8e950741790e, 5ecc4b24-ff5d-4f8c-8449-53de3b34d213, b74b005a-6563-40cc-9abd-509c7039d683, 347a01fa-6f39-49c7-9a61-72db9eca0d19, ebc00bed-3e2e-45d3-8a9b-0ce430f30d0f, a0aba7f4-5e1f-4f92-8239-10575ffa9957, 9a995df9-084f-4a39-a623-4ef1b06a36ed, 27453ffd-5354-440a-a6b1-0b56eb6b6821, d57cd3fc-5185-4b29-8a85-c2f04bf6921c, 547c15fa-57d9-4b47-9dde-944c1533fa99, 49b790ed-8512-4649-965a-057773c50997, 90c1930d-6795-4daf-8efb-635b7ac3dfae, 65328448-256c-4bf5-a868-732a98b1a3c7, d973bcc5-eb9d-4c11-8017-c88828858da4, a4c6c4ba-0143-47a3-832f-3f6cc1235cc8, b4ee4184-4be2-42bc-806c-90579721181e, 750ec729-cd61-4227-85fe-a1e0ebbf7d50, 807d5f5b-e102-4cfc-acf3-a3e74537f7f2, 03b2975b-7493-462b-a851-711ce6beb6c0, 1770d9f9-cafb-409a-8008-72655ec84a88, 4700f517-5c5d-483c-81b7-d77aca04991c, d57f0e9a-445b-465d-b757-be4f32e75fb9, 68c7a94f-7b14-4e3a-b320-a59560935549, f6b5d170-48b9-4f8e-88d4-c84b6668f3bd, 12c44ec3-3624-4c0d-990d-27c38e7a5848, 71b01665-e9fb-405b-9aaf-cf58f5b04942, e1b45ea0-7cb8-40f4-b016-e24c2c2338d7, d27fddcf-c3f4-48f7-8ea0-63dc4f07946c, c2db13c5-e7b8-4264-9eac-99e79fa2a592, 46726d44-b83a-4f34-bb8b-738f4205af48, be219af9-1f72-4ce5-8e4d-d60c7eae18cd, 1d9d181d-ab0e-45ba-86fe-0b5773d3a133, 9c989bd5-2987-451b-a4af-1143e774f2a0, 8d0a8515-4ec2-419e-b591-9615c96ea589, f00301ea-a6ff-437d-b83d-f18cc5d1a314, 0ccc0c7d-0040-4383-a73d-d97e1c3bacc2, 329433af-381d-42c4-b737-a2442ba44207, c937fba0-335b-430a-a0c1-8d8b3d3aa253, 7bcce1b7-4b72-404b-bc0a-dbb60ce8d538, 1870371b-1bec-465d-9213-0f9b3162dfad, e22473a3-7a8a-46cb-8c86-1bda7a5c70de, 3ddb4144-e34b-471d-a2d9-2e85a1e7a034, 256100cc-5bc2-4ad7-9cef-a526694e39f8, 0e732efb-2e1b-46e6-8108-813531287e2c, 6d6bb0f0-0586-40ee-8db7-f7054e370707, a6ff3348-3fd4-4d3c-8ac2-44294877fe83, e30c84b4-e76d-4606-aa9f-61819c8baec3, 564f0976-781b-44e7-96c8-7377097d0101, 1a732119-0975-4bc2-8077-cb2ae8d249af, 106e6c31-5aa8-4d21-8d76-2fd90d35dba1, 79fa537e-6643-4a83-8896-2e1ea3d18215, fd3c2179-09b0-4b2c-96a9-2d8822f28851, ee32df8d-d066-4711-b678-e0f5876efe20, b983ec13-6581-4a89-a800-ab2bffc1fcbe","1656966516589, 1657026471779, 1657109375991, 1657218339210, 1657218355638, 1657543945677, 1657628961578, 1657658139820, 1657715904316, 1657715940039, 1657716069537, 1657719070144, 1657729216079, 1657731343476, 1657731442875, 1657731861861, 1657757477642, 1657803481505, 1657889947805, 1657905875429, 1657969827874, 1657969872015, 1657969940778, 1658082793552, 1658149687050, 1658153738813, 1658167630071, 1658170257047, 1658237848225, 1658319391122, 1658322307607, 1658334588499, 1658410367159, 1658433482870, 1658433760850, 1658508422953, 1658508486636, 1658508508972, 1658748211466, 1658752448507, 1658752565701, 1658752759404, 1658756806267, 1658780321530, 1658844325900, 1658864295294, 1658868436088, 1658868570930, 1658927726678, 1658943623960, 1659011414714, 1659011448285, 1659012903893, 1659012949705, 1659099008242, 1659103629347, 1659104357136, 1659363127910, 1659363333367, 1659446920064, 1659546676683, 1659546725149, 1659616883814, 1659622564016, 1659630749843, 1659705104206, 1659709347293, 1659727018858, 1659731167515, 1659970974475, 1659978870625, 1659979948916, 1659980000379, 1659981581727, 1659982342243, 1659984011843, 1659990676826, 1660053351035, 1660063827956, 1660063966150, 1660090028406, 1660134967289, 1660135019934, 1660136848115, 1660137601410, 1660154325416, 1660222917898, 1660224044617, 1660240374574, 1660309427815","0, 0, 1, 0, 1, 0, 0, 3, 1, 0, 4, 0, 5, 0, 0, 0, 0, 0, 0, 26, 0, 0, 0, 1, 4, 0, 1, 1, 0, 4, 1, 1, 0, 0, 0, 1, 0, 1, 1, 1, 1, 1, 0, 10, 0, 0, 1, 0, 0, 1, 0, 8, 4, 0, 13, 0, 24, 2, 0, 0, 9, 0, 2, 1, 1, 5, 40, 0, 0, 2, 1, 1, 5, 0, 0, 0, 0, 1, 2, 0, 2, 1, 0, 28, 1, 0, 0, 17, 0, 0","30000, 80000, 29737, 14741, 38137, 15051, 56268, 38548, 24405, 27612, 106266, 24086, 80000, 13563, 10000, 20000, 36537, 52893, 16981, 106234, 37827, 40829, 56722, 106556, 70607, 13940, 10499, 15304, 23341, 14732, 16057, 33542, 30647, 51468, 130774, 40358, 15921, 31654, 35201, 88609, 43127, 9827, 42785, 38443, 16834, 30499, 58162, 14148, 111338, 39614, 16081, 13454, 14713, 30000, 195432, 51478, 61407, 34580, 10000, 35196, 48123, 24144, 18070, 50000, 40193, 26412, 127680, 27655, 21059, 6184, 24161, 51101, 210000, 39860, 70000, 60000, 54692, 20267, 47664, 48556, 66455, 6628, 41295, 52423, 16297, 12723, 100000, 160000, 30000, 30000","69.71, 31.67, 46.66, 50.63, 81.83, 18.26, 30.2, 26.54, 32.64, 58.18, 56.64, 24.76, 59.68, 32.69, 9.8, 66.59, 67.25, 77.12, 33.17, 49.6, 60.04, 50.81, 73.42, 72.74, 51.52, 41.1, 40.51, 50.38, 61.33, 47.46, 38.29, 38.19, 57.8, 49.89, 51.94, 51.34, 50.68, 24.98, 55.88, 78.89, 35.54, 64.68, 30.09, 24.74, 65.22, 62.33, 44.43, 55.85, 65.25, 87.91, 59.61, 30.73, 49.48, 63.98, 58.23, 74.78, 64.61, 64.03, 38.18, 43.64, 79.63, 53.63, 22.18, 13.49, 40.63, 14.34, 52.74, 58.1, 21.73, 7.73, 54.25, 84.79, 69.63, 73.37, 46.54, 55.55, 69.3, 63.24, 68.99, 65.03, 18.7, 19.79, 35.95, 48.46, 34.85, 52.96, 57.52, 76.17, 51.42, 41.17","1, 1, 1, 1, 1, 1, 1, 2, 1, 1, 1, 1, 1, 1, 1, 1, 1, 1, 1, 2, 1, 1, 1, 1, 1, 1, 1, 1, 1, 1, 1, 1, 1, 1, 1, 1, 1, 1, 1, 1, 1, 1, 1, 1, 1, 1, 1, 1, 1, 1, 1, 1, 1, 1, 2, 1, 1, 1, 1, 1, 1, 1, 1, 1, 1, 1, 1, 1, 1, 1, 1, 1, 1, 1, 1, 1, 1, 1, 1, 1, 2, 1, 2, 1, 1, 1, 1, 1, 1, 1","1656966516589, 1657026471779, 1657109375991, 1657218339210, 1657218355638, 1657543945677, 1657628961578, 1657658139820, 1657715904316, 1657715940039, 1657716069537, 1657719070144, 1657729216079, 1657731343476, 1657731442875, 1657731861861, 1657757477642, 1657803481505, 1657889947805, 1657905875429, 1657969827874, 1657969872015, 1657969940778, 1658082793552, 1658149687050, 1658153738813, 1658167630071, 1658170257047, 1658237848225, 1658319391122, 1658322307607, 1658334588499, 1658410367159, 1658433482870, 1658433760850, 1658508422953, 1658508486636, 1658508508972, 1658748211466, 1658752448507, 1658752565701, 1658752759404, 1658756806267, 1658780321530, 1658844325900, 1658864295294, 1658868436088, 1658868570930, 1658927726678, 1658943623960, 1659011414714, 1659011448285, 1659012903893, 1659012949705, 1659099008242, 1659103629347, 1659104357136, 1659363127910, 1659363333367, 1659446920064, 1659546676683, 1659546725149, 1659616883814, 1659622564016, 1659630749843, 1659705104206, 1659709347293, 1659727018858, 1659731167515, 1659970974475, 1659978870625, 1659979948916, 1659980000379, 1659981581727, 1659982342243, 1659984011843, 1659990676826, 1660053351035, 1660063827956, 1660063966150, 1660090028406, 1660134967289, 1660135019934, 1660136848115, 1660137601410, 1660154325416, 1660222917898, 1660224044617, 1660240374574, 1660309427815"
d5aead07f045fb7577048469a83d47340692be882f515137317403a4dcdca72b,Non-Logged,4,"afded6ea-d4ce-4b63-b52b-58611ee24685, 1e81d2a4-8321-4a1b-a267-2ab9623ee306, db968b0e-e42c-4722-974a-1c46578fa07d, d5715e4f-d795-4520-80b8-cf8898bebea0","1660127544774, 1660127723543, 1660127863721, 1660128601800","1, 0, 6, 0","129465, 20000, 786062, 70280","72.45, 5.82, 54.45, 44.04","1, 2, 2, 1","1660127544774, 1660127723543, 1660127863721, 1660128601800"
45ea104efe302f3eaf2ddda1472bfea25e5384d21ee2d8aad327d5801de0b77d,Non-Logged,4,"de7733c7-9283-4c25-880c-064489ccf7e2, cd934d2f-fbf0-41ab-b0ae-74deaa5f72f6, 3d286243-0c6d-4350-93d4-2a7ff94a42b0, 83fd6cd4-ecda-41c3-add2-e8527d046ea4","1658029034635, 1658029057576, 1658370717891, 1659670512635","1, 5, 2, 2","10751, 70000, 120000, 251936","19.08, 41.31, 43.78, 77.65","1, 1, 2, 1","1658029034635, 1658029057576, 1658370717891, 1659670512635"
002402843f8f46eeed915295bb12e2f34ef0754cc3de1943876a39e4efdfd738,Logged,27,"0d6b6f99-2830-47dc-bc71-37f64b776ccd, 1f2b9c2f-a2d2-4192-b009-09065da8ec23, db084fa5-88ed-40ff-abee-fc0138ae2ba7, 2c8d0162-7a7c-420b-ac35-1f7f1e9f7ba4, cd1b7441-dfae-4e9f-baef-e097bb83fe86, 7244799d-3784-4a1b-afdc-02244797ee83, 58f350e5-cf09-4958-9703-84c0e56468ea, 3934e888-c5fb-4da9-9629-3d98df48ab19, ec7dbae8-2ef3-4fa0-8b70-22b425f09f5f, 73151e02-dd2a-4509-968e-b9c16ec1c5db, 6cd1ac41-9d25-45c2-bb9c-0ad5958f2e64, db885929-1170-4bd4-ab98-a012ddd45807, 460c4280-ff21-4361-b7f9-52d93c980fb1, 5af379e6-1bd1-4cf8-a23c-03266fb77b2c, 58c69cde-570a-4558-bca6-987480110522, a123ce85-26b5-49e9-b551-363625ce4595, e85cca6c-73c4-438d-8b3d-94f41b75cfb1, 100ff71c-da18-4182-9672-369324a71bb5, 94c77949-55cc-434b-84bc-f84bf875da63, dc46adf0-ccbd-4617-8351-6022af4fbccf, ec0d7046-a4ac-453c-b0c4-b1b8945173f9, bd200a85-fdc9-41c3-99a4-2a78984fbc6d, 46dd22c6-4897-43f5-8fc7-b7b9b1d74796, 106e6c31-5aa8-4d21-8d76-2fd90d35dba1, 2b5e38bf-10ac-4f83-be25-bc14ab441a3b, a18391fd-7d12-41d4-bf2d-2eeed1f48c00, 5dbf1167-2e93-4408-a447-3c93b4eb9f40","1656951523433, 1656960222161, 1657042977842, 1657219075411, 1657558304736, 1657558310153, 1657558454292, 1657739672451, 1658107986101, 1658248322584, 1658250412072, 1658401645512, 1658401660623, 1658401708959, 1658428939830, 1658507076872, 1658848761621, 1658848989891, 1658940995092, 1659032557718, 1659371028651, 1659371310679, 1659371340766, 1659660370705, 1660317089258, 1660318155743, 1660318266750","2, 2, 1, 2, 1, 2, 2, 2, 36, 2, 1, 0, 1, 0, 1, 3, 3, 2, 3, 2, 0, 1, 1, 2, 5, 0, 2","159527, 208045, 93886, 126512, 13990, 231982, 91673, 60000, 96670, 199809, 161961, 63617, 172245, 121964, 117001, 84665, 120469, 234758, 97203, 131689, 28608, 70848, 86931, 110000, 260735, 78482, 110000","64.56, 75.64, 59.59, 61.5, 50.39, 62.7, 47.46, 60.13, 61.72, 69.34, 69.51, 70.54, 62.12, 66.74, 76.05, 55.51, 85.74, 59.74, 31.98, 51.23, 29.28, 63.95, 36.01, 65.56, 56.98, 72.63, 55.7","1, 1, 1, 1, 1, 1, 1, 1, 1, 1, 1, 1, 1, 1, 1, 1, 1, 1, 2, 1, 1, 1, 1, 1, 1, 1, 1","1656951523433, 1656960222161, 1657042977842, 1657219075411, 1657558304736, 1657558310153, 1657558454292, 1657739672451, 1658107986101, 1658248322584, 1658250412072, 1658401645512, 1658401660623, 1658401708959, 1658428939830, 1658507076872, 1658848761621, 1658848989891, 1658940995092, 1659032557718, 1659371028651, 1659371310679, 1659371340766, 1659660370705, 1660317089258, 1660318155743, 1660318266750"
02478710a68241df6e388e42b5f89475948607b38c241af81031a778b497d5f8,Non-Logged,6,"7caf0079-a39e-4f7d-9d5b-7f8d8a625f2f, 87b7c93a-809a-4709-8e59-c56b02fec7c2, 2436c67e-de27-4211-9100-0246527def69, 2cebe55c-e190-4e16-9a1f-37fa850f57d0, e63ef205-d49a-4cd6-ac85-059535e3d68c, 7f747187-72e4-4791-996b-4518742dc672","1657840613998, 1659392110410, 1659763781964, 1659766290345, 1659838642226, 1660312131025","23, 4, 8, 1, 2, 2","270000, 210000, 364822, 107518, 251547, 52317","33.95, 36.05, 60.11, 46.92, 15.85, 41.94","1, 3, 1, 1, 1, 1","1657840613998, 1659392110410, 1659763781964, 1659766290345, 1659838642226, 1660312131025"
1ee8ece8cfee2c3e59d749abf5f603ea1d79d51ceec0261f3f69034b156dcdae,Logged,75,"d5f5e1da-c3c8-49ab-b0a6-e027f3d4d724, 3ad4a5fa-ca7a-4178-8e53-f29421df4ecf, 18633c31-9144-419f-95b7-7bbac07695c8, 598ed114-fd5a-4d82-90d8-f1e893cb0892, 8539595a-8f2a-48ec-bfef-7cd73b6fea29, dc78dcef-7120-49f6-93d0-a8c25d6c4912, a4f61f36-38be-4f36-8feb-15385e3c21c4, 44fdcedf-e9ae-4748-8ab3-0cdb466672a6, c6ef110d-7837-47f2-84f6-cfea4da5e328, d64167a7-52f7-46c8-96c3-5a8af354384f, 78f442cc-1fb3-4bf0-a9c7-ab6cf5a73526, 72746e45-5d03-4802-ba92-f5e95e002c51, fe4d8ed5-bbca-42e0-9013-48e7e69e20c5, e344fb2b-a1d7-4e50-b236-ec39bd40b092, dfde8517-4404-497f-9993-9f076db8fdcb, 7594da99-d606-4338-a373-710a7dec776a, bf257382-74fb-4392-ad6a-143240e39f81, f4ac3eb5-e145-4685-b9e9-b61f3551aa58, 61e5c9d9-f22a-4993-9062-7bcff41a8b8d, 17d4177d-eb44-4693-b453-4ecc3a6b47a4, 5b68d910-8e4a-4fa5-8fae-65c841282e94, 22d08050-9350-4934-b066-16c405c47d05, 2039e315-9417-455b-a045-ce56d49c82be, 8c246d2b-81bd-4c1f-b563-2c905675f984, 8f28e4d1-c4ab-4ce6-8acf-27726b061aa3, 23acbbe8-30b8-4c4a-ba8b-88782e651380, 30f71f5c-14c2-47c6-9597-3588ce0af987, 347a01fa-6f39-49c7-9a61-72db9eca0d19, 882e7c95-935a-4eab-9ece-f85f5f7d0f4e, 5ecc4b24-ff5d-4f8c-8449-53de3b34d213, 6b16217b-760d-4e08-8ce6-0c7bf14cae36, 0ca6238e-51b3-4d82-b50a-c6756934370b, 39959832-be7e-4420-94ab-9244f409bfe9, d6b4d7b3-1721-4721-aa00-29fc7b97a567, 1c27cf97-b20c-4e40-b1f1-288b721517b3, f14ffcb3-49c4-4718-962b-862a655494b0, 900d36c0-3e25-4034-8d0d-f1fdd0ac0e3e, 13f2cc37-f575-44d5-b33f-045d0b0a912b, 03b2975b-7493-462b-a851-711ce6beb6c0, f4e179e7-d4d2-416f-8997-51f421bcab2d, 322f7eb3-7923-4a75-b578-1e121f7a21fc, 529ea868-bb38-46b4-937d-d9e50df196f1, 3faece3c-a834-4789-bdb7-9652bb29d1b6, 58c69cde-570a-4558-bca6-987480110522, 5af379e6-1bd1-4cf8-a23c-03266fb77b2c, d303158c-8b2c-45de-ad18-2fdf67d06397, f6b5d170-48b9-4f8e-88d4-c84b6668f3bd, 0e69fd2a-7bf7-487b-8da0-6e41a7950fd4, 100ff71c-da18-4182-9672-369324a71bb5, b2543715-4744-4983-991b-7692e2062de1, 4e05a1e2-4830-432b-8fac-1eb71a927f06, aa5d37c7-d4a6-40de-8a6d-d429852fa3e3, 78352afd-dc7e-4ccf-8cf3-b8e8f38f3f55, 1644ad91-bcee-4b08-9207-e19d77a7f1b3, e8e6fd2f-86e8-47f8-b132-e196dc9e3b2f, 1f8c0562-a740-4f88-8531-d3c358670428, a4a90685-5ce6-4c6f-9fd3-0316c052bb0a, e06765a8-fc9e-4150-97cd-00fac0c4f192, 25252b0f-9b1a-4d11-b74f-d51f5261be1c, f8c672fa-c364-4775-8752-6880225c9156, 1c0de40e-9796-48e1-ad7e-144d809f7f41, 564f0976-781b-44e7-96c8-7377097d0101, d2593c3d-2347-40d9-948c-b6065e8459a9, 89fa73f0-4341-4de4-bb2a-e429ef96bd43, 458bf0ec-efb4-4bfd-9446-c80295e6aa87, fa571e66-a5b4-448f-905f-59e398a673b5, 8bb76533-c245-4577-84a3-135d6975ee08, 79fa537e-6643-4a83-8896-2e1ea3d18215, 106e6c31-5aa8-4d21-8d76-2fd90d35dba1, 550cef95-cf4c-4fbf-a5db-6fcbc64eb92b, 56df2662-b10e-4c20-bbb4-be524dc8b6df, 074b796e-4a70-4604-9b50-3713505a1275, 72e5a5af-c657-41c0-a859-d4fcc4b7b933, f9f0cb85-61b4-4f1d-87ae-1499826eea22, 029c4dd9-4231-469e-8eca-3de5f05ea046","1656680716992, 1656958374672, 1657022482109, 1657043424573, 1657109506061, 1657118284164, 1657211637546, 1657215760168, 1657216086601, 1657297042136, 1657539919511, 1657556035562, 1657556370070, 1657624450242, 1657625511458, 1657625521522, 1657625553789, 1657627213763, 1657636207977, 1657823744201, 1657895176184, 1657897191748, 1657908870661, 1657908908349, 1657909076095, 1658233673188, 1658250451928, 1658312290381, 1658319647112, 1658319676037, 1658409661508, 1658410035085, 1658421575858, 1658440173723, 1658487925774, 1658507826797, 1658508692732, 1658515240139, 1658856964988, 1658857500978, 1658860118197, 1658861586648, 1658937968748, 1658941095141, 1658946722487, 1659018623974, 1659018636581, 1659018650007, 1659024818653, 1659094352343, 1659458728769, 1659458740555, 1659463122847, 1659465107210, 1659614933359, 1659633359974, 1659633360575, 1659633908786, 1659694928264, 1659695017212, 1659697904226, 1660047997421, 1660048064049, 1660048080720, 1660148494140, 1660152273310, 1660154648500, 1660156470299, 1660213481473, 1660219597509, 1660219602311, 1660219606783, 1660220362291, 1660244307963, 1660251810198","0, 0, 0, 0, 1, 0, 0, 0, 0, 0, 0, 3, 7, 0, 0, 0, 0, 0, 1, 2, 0, 0, 0, 0, 0, 0, 0, 0, 0, 0, 0, 0, 1, 1, 0, 0, 0, 0, 0, 0, 0, 1, 0, 0, 0, 0, 0, 0, 0, 1, 0, 0, 1, 0, 0, 0, 1, 0, 0, 0, 0, 2, 0, 0, 0, 0, 0, 2, 0, 0, 0, 0, 1, 0, 0","10000, 40000, 93012, 10000, 130000, 88810, 93780, 165624, 163222, 97108, 125144, 317062, 57633, 130964, 15733, 20202, 298639, 69232, 120000, 213161, 189953, 10000, 178070, 270000, 198020, 92210, 70000, 109377, 58489, 30000, 238824, 137339, 158371, 280858, 18903, 143199, 88125, 550000, 230209, 19336, 160000, 81201, 17678, 171108, 60332, 170254, 187062, 120000, 657617, 149474, 87488, 209627, 44004, 110000, 291332, 198928, 53159, 128463, 20000, 70859, 27667, 65089, 9973, 126751, 131414, 17721, 51332, 319302, 130000, 85773, 36240, 221856, 157182, 25647, 55729","7.64, 38.62, 41.6, 7.47, 28.27, 59.58, 45.3, 45.85, 49.45, 34.15, 49.9, 52.09, 45.47, 24.64, 21.16, 29.35, 61.24, 41.76, 62.58, 36.5, 63.81, 11.32, 62.03, 73.27, 61.11, 53.15, 52.44, 61.2, 40.28, 29.7, 65.44, 54.38, 41.52, 67.01, 27.03, 48.84, 32.0, 80.71, 58.33, 23.1, 55.37, 30.98, 17.92, 56.03, 26.95, 60.38, 49.65, 62.85, 71.8, 47.04, 23.9, 43.68, 16.44, 55.07, 49.14, 50.2, 13.57, 55.7, 14.3, 52.9, 27.3, 41.47, 33.53, 54.86, 60.25, 31.82, 53.58, 25.27, 55.99, 49.47, 40.34, 50.35, 46.41, 5.96, 22.06","1, 1, 1, 1, 1, 1, 1, 1, 1, 1, 1, 2, 2, 1, 1, 1, 1, 1, 1, 2, 1, 1, 1, 1, 1, 1, 1, 1, 1, 1, 1, 1, 1, 1, 1, 1, 1, 1, 1, 1, 1, 2, 1, 1, 1, 1, 1, 1, 1, 1, 1, 1, 1, 1, 1, 1, 1, 1, 1, 1, 1, 1, 1, 1, 1, 1, 1, 1, 1, 1, 1, 1, 1, 1, 1","1656680716992, 1656958374672, 1657022482109, 1657043424573, 1657109506061, 1657118284164, 1657211637546, 1657215760168, 1657216086601, 1657297042136, 1657539919511, 1657556035562, 1657556370070, 1657624450242, 1657625511458, 1657625521522, 1657625553789, 1657627213763, 1657636207977, 1657823744201, 1657895176184, 1657897191748, 1657908870661, 1657908908349, 1657909076095, 1658233673188, 1658250451928, 1658312290381, 1658319647112, 1658319676037, 1658409661508, 1658410035085, 1658421575858, 1658440173723, 1658487925774, 1658507826797, 1658508692732, 1658515240139, 1658856964988, 1658857500978, 1658860118197, 1658861586648, 1658937968748, 1658941095141, 1658946722487, 1659018623974, 1659018636581, 1659018650007, 1659024818653, 1659094352343, 1659458728769, 1659458740555, 1659463122847, 1659465107210, 1659614933359, 1659633359974, 1659633360575, 1659633908786, 1659694928264, 1659695017212, 1659697904226, 1660047997421, 1660048064049, 1660048080720, 1660148494140, 1660152273310, 1660154648500, 1660156470299, 1660213481473, 1660219597509, 1660219602311, 1660219606783, 1660220362291, 1660244307963, 1660251810198"
85edddfee311bbf8057f09246ed8f339da74f58eaca5a4df2f3637523903e034,Non-Logged,39,"f74aa0cb-fd5d-4f5f-a4cf-74e2c098bfb6, ba59dbee-6964-481b-af09-966e59a885d0, cb97062b-a3d9-4e1f-b60e-dec6c008aa76, 872ef766-4c9e-4fbe-9cef-f163c8b937fe, 462ab31f-8fe6-4c03-b721-9ea0733cf646, f71c6c1d-65f6-42dc-9095-5d8f25ca49ac, a36c98b5-f159-48f8-9f5a-1fc6ea9956c8, 00f9aa60-3a6a-4e2e-bf5c-bb25f742cdf2, 17d0a275-8223-472c-8c9c-cafdbd6b5739, 0906fe9c-99b4-4fbf-b879-47674953717b, d7ac8bec-69ed-4a1d-982e-d0596872c7c5, fbbd2472-9ee2-4d84-9211-deb431ba8a75, 641090ff-cd90-4432-a874-50009e50402e, 0e3ef613-8c76-4737-9fe6-dbac0ad8812e, a2200d09-93d3-406a-93f0-b29d93b9cb0d, 9e434fae-3183-4d3a-8e1d-00a461e5d7fc, 5bd3addd-14b2-48be-8c03-8cd15f13ede6, fec5cf7f-1039-43b2-8eee-e51c642f3b62, a1a27aa8-6ac4-4ff8-be0d-96b8c286059c, ae3bac5a-572f-46a9-870c-108c8e7a07dc, 939e5666-9049-4aec-8e93-f8f620abe00e, 19446b17-33cc-4df2-aaf0-f59205e188ea, edfb59b9-4713-42b3-89a6-a09b0debfe78, 531c4ee1-ed26-434a-a249-527c88058a31, 99aca8eb-9b0a-4f37-94fd-845537b315c4, 5af99ef3-adff-464d-9976-5c5d6391b014, 7c076eda-5b41-4b0f-815f-0f6400148b0c, 47f35bcf-6d49-4075-a053-a654175ca17f, c0f6b94a-d874-4211-b609-610f4c5d9b3a, ff3e8c61-d72a-42bf-a84a-ecf5409468dd, 9587115f-4178-47cf-9f77-e969e02a727d, cd57090e-4d8f-40bd-acc7-f53844dd2414, d20fc52b-0262-46e0-98ee-f5653fceaf51, 98473c0a-bbe2-4bc3-b1c7-12053701d2c7, e87f3788-e45d-48b2-a23f-9ed5b83c33e5, e3f6e172-5893-4a65-abb5-4adfc2ae2685, fb65fc7b-907d-491f-9aba-7a30901ac1c5, ce99e2fb-769f-46c2-8bdf-7a71162ac2df, 3db31d95-bc82-478c-997a-b462aab61fcf","1656851713038, 1656851880554, 1656852504113, 1656876835788, 1657060512056, 1657060531017, 1657231301696, 1657311352326, 1657311843238, 1657387539021, 1657413774842, 1657472215759, 1657485410454, 1657510091334, 1657563526477, 1657597678881, 1657629730977, 1657853578678, 1657900064910, 1658240771387, 1658241203183, 1658241533806, 1658783351714, 1658800235233, 1658856193223, 1659136690789, 1659137431860, 1659572357171, 1659621548040, 1659798434943, 1659867521497, 1659887637660, 1659887806813, 1660077384264, 1660093088790, 1660187598433, 1660187855588, 1660354709244, 1660354801615","1, 1, 1, 0, 0, 0, 1, 1, 0, 0, 0, 0, 1, 3, 0, 0, 0, 1, 0, 1, 1, 0, 0, 0, 0, 0, 0, 0, 0, 0, 0, 1, 0, 0, 0, 4, 0, 0, 3","110000, 100000, 40763, 112758, 23627, 7681, 70000, 150000, 60000, 102459, 43240, 42590, 88341, 112227, 20879, 57484, 79234, 10000, 46984, 20000, 90000, 190000, 106195, 100000, 25801, 127406, 90000, 48448, 100000, 40000, 16624, 166854, 80000, 80000, 80000, 150000, 65083, 82736, 66786","76.05, 57.68, 23.67, 52.08, 24.11, 9.86, 39.87, 46.92, 6.38, 54.68, 47.95, 28.53, 24.63, 73.83, 11.05, 47.04, 68.23, 12.64, 36.76, 31.21, 47.13, 56.36, 67.22, 66.67, 19.72, 51.6, 54.68, 57.02, 66.81, 40.87, 15.76, 85.65, 73.55, 40.09, 47.79, 68.75, 36.32, 69.06, 26.63","1, 1, 1, 1, 1, 1, 1, 1, 1, 1, 1, 1, 1, 1, 1, 1, 1, 1, 1, 1, 1, 1, 1, 1, 1, 1, 1, 1, 1, 1, 1, 1, 1, 1, 1, 1, 1, 1, 1","1656851713038, 1656851880554, 1656852504113, 1656876835788, 1657060512056, 1657060531017, 1657231301696, 1657311352326, 1657311843238, 1657387539021, 1657413774842, 1657472215759, 1657485410454, 1657510091334, 1657563526477, 1657597678881, 1657629730977, 1657853578678, 1657900064910, 1658240771387, 1658241203183, 1658241533806, 1658783351714, 1658800235233, 1658856193223, 1659136690789, 1659137431860, 1659572357171, 1659621548040, 1659798434943, 1659867521497, 1659887637660, 1659887806813, 1660077384264, 1660093088790, 1660187598433, 1660187855588, 1660354709244, 1660354801615"
367a3a394b4dc0931847c0ce8cdf033244a486af48a1f42c7ccc0ac11efb6bef,Non-Logged,28,"238c7c71-81a5-4e9a-8c6e-bf0a2620a196, 51cbf026-cbe6-4cc2-919b-d26347b7694d, 4e9c2825-ff13-41ca-8e91-edd848060d19, 0ca6238e-51b3-4d82-b50a-c6756934370b, 756f1fd7-703f-4ba3-ac49-a7c9bff1b1ec, 46726d44-b83a-4f34-bb8b-738f4205af48, 829265f6-c85e-4474-aaf2-49f7df8c4fdc, 229628a2-f8e0-43ca-bac9-f14a161f9124, b3984824-9eea-4ad9-ae37-b07782ecc313, 513bf981-867a-407e-be39-2c19901d59de, 462192dc-fc7e-403e-b115-bf6b1edc0e1d, 5c37a504-0ed8-49c1-a6a9-d237d90664e3, e2fe50c0-3e30-4421-8f92-b5e9e261a41a, f2b9c151-f12d-4b35-ac3f-40e1da06075a, 1c0de40e-9796-48e1-ad7e-144d809f7f41, 25252b0f-9b1a-4d11-b74f-d51f5261be1c, 564f0976-781b-44e7-96c8-7377097d0101, 0819b74d-b28a-4702-90a2-9d205dd9fc5e, 148518b5-c324-4882-81a6-678168063a2c, 8d477e04-3bab-4ad9-8fe3-799059238a9c, 89fa73f0-4341-4de4-bb2a-e429ef96bd43, fa571e66-a5b4-448f-905f-59e398a673b5, bf44b8ea-c737-4eec-a51b-01006202f303, ef311b58-fbd2-4690-be1d-dcf88b1c5361, 42697a0e-0f67-49f7-b549-75d2621955d7, e4a32f87-4d4a-42dd-b1d0-b4d0564b03bf, 44c1c60f-ae33-4350-a362-21fa3b26fb2c, 8668a87e-6ec5-4069-8649-a08824bb3e14","1657196041336, 1657201433093, 1657282810158, 1657283057378, 1657284686086, 1657285475921, 1657285683487, 1657550681099, 1657551240098, 1657551445853, 1657631341596, 1657636459321, 1657637809970, 1657638335382, 1657638488533, 1657714350790, 1657721436888, 1657806888861, 1657807316313, 1657808168726, 1657808341638, 1658155065421, 1658155769487, 1658924116531, 1658933127823, 1659445705246, 1659617229591, 1659625483640","1, 2, 1, 1, 1, 1, 0, 4, 0, 0, 1, 1, 1, 2, 1, 0, 2, 2, 1, 1, 1, 2, 0, 3, 0, 3, 0, 1","70000, 120000, 120000, 70000, 100000, 70000, 36483, 330000, 174592, 208563, 240000, 260000, 330000, 93467, 110000, 170000, 270000, 170221, 320000, 169968, 310000, 140000, 20000, 90000, 240000, 150000, 30000, 110000","27.77, 25.72, 47.46, 65.59, 58.96, 32.51, 22.84, 75.0, 67.55, 45.6, 22.75, 61.72, 89.29, 74.89, 62.44, 52.08, 68.49, 58.06, 79.1, 81.65, 66.22, 19.19, 8.31, 58.86, 89.57, 70.24, 8.51, 55.48","1, 2, 1, 1, 1, 1, 1, 1, 1, 1, 1, 1, 1, 1, 1, 1, 1, 2, 1, 1, 1, 1, 1, 1, 1, 1, 1, 1","1657196041336, 1657201433093, 1657282810158, 1657283057378, 1657284686086, 1657285475921, 1657285683487, 1657550681099, 1657551240098, 1657551445853, 1657631341596, 1657636459321, 1657637809970, 1657638335382, 1657638488533, 1657714350790, 1657721436888, 1657806888861, 1657807316313, 1657808168726, 1657808341638, 1658155065421, 1658155769487, 1658924116531, 1658933127823, 1659445705246, 1659617229591, 1659625483640"
5ab2a55e8843bf0a0a37a4da8443fa0b52c3b625569a9734a4cd08ba0e699fc6,Non-Logged,3,"d37d7e59-2ab2-4dd0-a415-8063af12966e, 5add4d01-a7d7-4819-a657-e677b24ece4d, bf257382-74fb-4392-ad6a-143240e39f81","1659698956837, 1659699423681, 1659699482594","7, 15, 15","30000, 48779, 60000","18.04, 18.81, 35.12","2, 1, 1","1659698956837, 1659699423681, 1659699482594"
91cb0463da9552aaec31eb8b7e840a0b755df3e5a4a30054e24b349b3f465a60,Logged,6,"39dfd349-0b74-42dc-9436-57f0368f614a, d262d4ad-f1ce-4f09-9a10-c41de1476995, 79b40822-a2aa-4196-b0bb-165dacd5942a, f5f02bc3-2e10-478e-bc06-0a12f25a3b09, 5418ef13-1588-406e-9e17-9095cd8aba5a, e3ca0592-7cb1-4acd-9753-cb376f653bc5","1659375098274, 1659993183359, 1659993411511, 1659993781644, 1659994388889, 1660083715873","0, 47, 2, 49, 4, 64","5429, 130000, 17566, 171977, 10000, 223747","34.55, 48.43, 19.88, 51.82, 6.83, 54.08","1, 1, 2, 1, 1, 1","1659375098274, 1659993183359, 1659993411511, 1659993781644, 1659994388889, 1660083715873"
44ae0d1235dafb215621a632148e6ae5ce6234e9fc613bb3da5924c23958f79e,Non-Logged,3,"839203a6-914f-4a39-a9b0-105b9a5ef1f4, bf6d3c7b-7b36-4bf7-9030-ca48b0636305, 89c06d88-8bd0-408f-899e-b30adf5f7c0a","1656715709927, 1657028880086, 1657313038630","1, 31, 15","10000, 100000, 30000","15.17, 26.03, 14.28","1, 2, 1","1656715709927, 1657028880086, 1657313038630"
b6adfddd56b58129a3024fd109709f3174ce2a494493028c212c08e80bc5ab0f,Logged,92,"55ab912a-2bac-46d9-9fcf-8e9be376f1b3, 68bc8994-ebef-4e48-8478-e7fe1619ae58, e1c41007-6658-4e86-ba0e-eac67a8bd0c2, da1dc85d-bce8-45f4-9bc3-53c62a1aea3f, eaa8e020-df58-427c-b411-ce770b89f80e, 44a7966a-d907-4cb5-a523-29a29f71fbdb, 270d9df8-9c03-4c3b-ba7b-0dda3c1b0406, 2008f497-c05f-49e0-88dd-86aa1e395f15, 53715d31-82ff-4957-95e0-7a5b39192066, f2c16799-427e-48e7-9139-66d061b57ccc, d219699f-a190-4875-ae5e-83b18aae244c, e5bf478e-8882-4bcb-aefb-f069180a6b7c, 9771b0d9-b14a-4908-8932-440b6fe33aeb, 30fa8088-bc67-440e-b66f-6f6b42c76e45, 3ffb80eb-0ae9-457e-883c-d52f57c124c0, 1aaa53f5-750c-4860-a79e-fe7ffac3d71f, 1fd81f89-cca7-4122-8749-db21b14c25b1, 56e367a1-a16a-465a-9bae-8c97bb2538d9, db037f57-5594-47e8-a523-076c8c83914c, 50e90704-666c-4c97-9bb9-7215d6399b75, 9d598d19-d6be-4c7e-a963-b8fedfa8f24f, 498dde33-725f-4b3e-bb99-b9976852e81f, 8de636f6-e61d-422c-9820-88b85ff85727, 687a52e3-e999-448a-8d10-69a6cd736c09, fbe11bca-863a-4e79-97cd-e0f6e538f64e, d8b6f5a1-2f96-4d02-a78f-dbe1c87946f8, 59223664-24e9-4a1e-922e-f50e2cad7be4, 79058416-0be3-44d3-9200-6f2869306150, 975775e3-e92d-4782-8d65-771251294369, 40fd637c-eceb-4b1f-a461-2841bfadb5e1, 37c56d52-c47f-4584-8f24-3aae138c490f, 1d6eb09c-e3a2-4a14-ae42-d0167564673b, 77669e1b-72b0-4c16-b591-9d5a93ac5891, e8fc4f0d-6d18-4690-824e-4869a1d2d12d, 9a995df9-084f-4a39-a623-4ef1b06a36ed, 3634319e-d760-4486-9012-a7b23b4711b4, 1e40bffe-f7f4-413c-b334-6de3db3d2c24, 9d7144ae-dab8-46aa-9f9c-bdfd3501713b, 987a0c99-5cc7-4121-b87d-55a904e7ea9f, d0b5ac09-591f-4f39-a325-25c242fe84b2, 9bcfcacb-17e1-4450-9e29-bd7852c20242, 44a28629-a693-4187-9fb1-5356ca798698, af7fbf78-f10e-40ca-969d-60c0c62f27cf, 8c04226e-9a63-4c14-b5ac-e33c2e1ae8f1, a78420a7-eb67-4f1e-a0e7-7c5a94f5eb64, 3ec61fff-c12d-4ecd-afdc-5871372b0dee, a6ab18ec-e32f-474b-964b-987309c61581, 03b2975b-7493-462b-a851-711ce6beb6c0, 4e986ba0-ca6f-479f-979c-a111d0a2b7dc, 15ddda0e-4dda-4f8b-9033-98668a652637, 5c8f298a-fa51-4c43-9d49-27f2836dfa29, 96636c13-46ba-4652-92af-a28850bedf73, 9134e3b6-b4ef-4d5b-b970-d2cf59fc499a, 6ee54fbf-b8ab-40e3-9289-27e6618b1cc1, c4a26728-d72b-454c-821d-0f22d2307a4b, 91cb8050-16a3-493e-b1da-da3227770040, f6b5d170-48b9-4f8e-88d4-c84b6668f3bd, a770759d-66b7-4680-a5e2-727fdb888079, 6003e2c4-ffb4-4268-9f3f-8f1468a436fb, 75372beb-e68c-4fcc-b9e4-91be595bfcad, 040abe70-0ca0-4c99-ae43-5ce278c2ae8d, dc8726d8-5086-457c-a461-a2be13280936, 15281e10-e6bc-48bc-9b1b-94402f83699b, 5640b3e5-cc95-4af9-a943-9d4083cbb557, 7c3fbe06-7d31-49b6-986f-3be196b84687, d872e2d7-cec1-4b8f-9680-c780b620d15a, edbf53fb-bad2-43a9-8c2e-da45aa24faa1, d2593c3d-2347-40d9-948c-b6065e8459a9, 0bf76649-90e8-4919-9e06-926ade82d4b2, 02982afb-e4ce-4b47-a8cd-1315f6889ca4, 3422afb1-dea7-4e62-a4c5-1fc3bd0c9a44, 3aa10591-b6d2-495a-bf92-6b9e62addfc3, 106e6c31-5aa8-4d21-8d76-2fd90d35dba1, 50f85bf5-c153-4611-bf35-2f781ae4e234, e2a0d813-8d58-4b54-a8fb-4f2e7eaf1e16, c0b5909f-fa31-4cfa-afba-550d0b5d9935, f5526bdb-24e3-44c8-af70-3048cb8c7894, 6e4ac905-3408-42e0-8b25-a6f509102100, 999f8b86-8f29-44b5-942a-79d1174efb6b, fd3c2179-09b0-4b2c-96a9-2d8822f28851, 36a451f3-07a1-4c8c-99bf-6732a9cd6663, 1152c8ea-eb0a-40d0-8b2e-2dd13eb476f2, 1045a19a-a686-47b8-aa54-33c1063613d6, 3a54bc78-a1f6-4a3c-a1f8-d541597eb6a0, aff98d69-a9e5-4ad7-99d7-f98a49af67eb, 855d20b7-53f2-4678-a10f-55402d085018, cab53e38-9800-4acf-967c-a5b88e438352, 47f45c1a-7790-4a8d-87a0-6e47ce91878e, 6125dd61-0d01-4826-9dcb-6efa2e7258b9, 424a9ba1-9936-4e48-b3d0-9d49a2029c81, e5185368-70f8-4998-a738-ca22f300da7b, d828f963-3ca2-4c39-8dd3-2cf9c687c74e","1656680324417, 1656705014451, 1656946922149, 1656947030632, 1656947086272, 1656947088868, 1656948523019, 1656948655952, 1657045907417, 1657046280213, 1657046475249, 1657046699752, 1657112322247, 1657204569004, 1657204770323, 1657204876305, 1657204883855, 1657206489708, 1657223307693, 1657223342947, 1657309525317, 1657539653235, 1657539695392, 1657539718836, 1657553765059, 1657553941678, 1657553941808, 1657725181287, 1658171559526, 1658171603611, 1658172002737, 1658172024387, 1658172053042, 1658172111635, 1658240629176, 1658329304449, 1658329390062, 1658329722154, 1658329730274, 1658330025813, 1658330103432, 1658330155338, 1658408335459, 1658431841051, 1658503833263, 1658503985392, 1658504441679, 1658778587489, 1658778649151, 1658842068070, 1658842338267, 1658842601694, 1658851378693, 1658851686518, 1658851692957, 1658862189822, 1658922240407, 1658925703610, 1658926090036, 1658937418884, 1658943061806, 1659016493089, 1659016496068, 1659016612691, 1659030460305, 1659030470374, 1659095521282, 1659095534497, 1659095543256, 1659108934798, 1659109157835, 1659117656755, 1659355184544, 1659355196896, 1659356303004, 1659456393482, 1659465621626, 1659530530273, 1659531010476, 1659531014295, 1659531421904, 1659984198116, 1660044443312, 1660049318355, 1660141283252, 1660141540803, 1660141627746, 1660142227698, 1660219194479, 1660226993047, 1660233088896, 1660233308872","0, 0, 1, 0, 0, 0, 0, 0, 0, 0, 0, 0, 12, 0, 1, 0, 0, 0, 0, 0, 0, 0, 0, 0, 0, 0, 0, 0, 1, 0, 0, 0, 0, 0, 0, 0, 0, 0, 0, 0, 0, 0, 0, 0, 0, 0, 0, 0, 0, 0, 0, 0, 0, 0, 0, 1, 0, 0, 0, 0, 0, 0, 1, 0, 0, 2, 0, 0, 0, 0, 0, 0, 2, 0, 0, 0, 0, 1, 0, 1, 0, 2, 0, 0, 0, 1, 1, 0, 0, 0, 1, 1","93996, 73784, 20000, 20000, 12092, 22530, 16425, 90000, 56555, 32370, 80000, 7961, 145191, 60000, 40842, 40513, 30000, 26814, 10000, 27282, 37845, 10000, 33638, 10000, 75355, 10000, 10000, 91213, 35977, 10000, 13122, 10000, 39100, 14914, 46312, 45485, 152885, 64498, 50000, 30007, 8130, 22690, 102730, 10000, 20000, 38213, 50000, 39570, 29250, 66012, 30000, 38505, 8909, 31699, 8335, 32818, 23046, 63193, 80000, 52726, 54742, 28911, 40000, 43898, 31584, 143543, 10000, 11864, 16756, 80000, 50000, 420372, 861643, 10535, 10000, 112234, 29433, 180000, 57024, 85298, 106677, 76621, 100748, 15759, 110000, 47715, 134732, 90000, 14380, 63666, 31199, 41343","33.44, 73.47, 54.04, 27.82, 40.3, 41.1, 23.11, 63.81, 59.58, 39.95, 35.75, 14.69, 37.01, 47.74, 43.51, 49.07, 23.35, 40.18, 8.39, 43.14, 37.46, 14.57, 21.92, 16.12, 76.33, 12.14, 14.89, 48.01, 69.38, 52.33, 35.5, 23.39, 47.23, 52.54, 52.37, 46.63, 75.66, 39.11, 38.02, 44.84, 41.44, 43.38, 53.55, 8.26, 49.32, 53.67, 53.3, 49.22, 40.54, 62.28, 20.49, 48.48, 56.36, 54.25, 48.25, 48.13, 54.04, 57.65, 60.36, 39.38, 55.85, 60.09, 50.64, 48.34, 45.41, 40.28, 15.31, 22.5, 29.01, 64.03, 33.62, 56.38, 49.35, 51.29, 12.57, 52.03, 39.26, 80.37, 65.01, 50.47, 21.84, 65.78, 80.97, 42.13, 49.08, 81.43, 44.69, 57.04, 21.62, 47.1, 12.82, 13.87","3, 1, 1, 1, 1, 1, 1, 1, 1, 1, 1, 1, 3, 1, 1, 1, 1, 1, 1, 1, 1, 1, 2, 1, 1, 1, 1, 1, 1, 1, 1, 1, 1, 1, 1, 1, 1, 1, 1, 1, 1, 1, 1, 1, 1, 1, 1, 1, 1, 1, 1, 2, 1, 1, 1, 1, 1, 1, 1, 3, 1, 1, 1, 1, 1, 3, 1, 1, 1, 1, 1, 1, 1, 1, 1, 1, 1, 1, 1, 1, 2, 2, 1, 1, 1, 1, 1, 1, 1, 1, 1, 1","1656680324417, 1656705014451, 1656946922149, 1656947030632, 1656947086272, 1656947088868, 1656948523019, 1656948655952, 1657045907417, 1657046280213, 1657046475249, 1657046699752, 1657112322247, 1657204569004, 1657204770323, 1657204876305, 1657204883855, 1657206489708, 1657223307693, 1657223342947, 1657309525317, 1657539653235, 1657539695392, 1657539718836, 1657553765059, 1657553941678, 1657553941808, 1657725181287, 1658171559526, 1658171603611, 1658172002737, 1658172024387, 1658172053042, 1658172111635, 1658240629176, 1658329304449, 1658329390062, 1658329722154, 1658329730274, 1658330025813, 1658330103432, 1658330155338, 1658408335459, 1658431841051, 1658503833263, 1658503985392, 1658504441679, 1658778587489, 1658778649151, 1658842068070, 1658842338267, 1658842601694, 1658851378693, 1658851686518, 1658851692957, 1658862189822, 1658922240407, 1658925703610, 1658926090036, 1658937418884, 1658943061806, 1659016493089, 1659016496068, 1659016612691, 1659030460305, 1659030470374, 1659095521282, 1659095534497, 1659095543256, 1659108934798, 1659109157835, 1659117656755, 1659355184544, 1659355196896, 1659356303004, 1659456393482, 1659465621626, 1659530530273, 1659531010476, 1659531014295, 1659531421904, 1659984198116, 1660044443312, 1660049318355, 1660141283252, 1660141540803, 1660141627746, 1660142227698, 1660219194479, 1660226993047, 1660233088896, 1660233308872"
d424d7c9dc2b447092a5cca4c60d9ab6e8e5d104b30d70e60500225204995fe0,Non-Logged,4,"3c7dcf20-3aff-43e2-993d-1a5b1f961eb7, 058a0453-c08a-4849-8c2e-9715cb15ee2f, e52c7fd4-f395-45cd-a2f4-178b39aa24c7, 6c48c880-dcb8-45a6-94a5-a3da4b6113ae","1659555196365, 1659703877175, 1659802292855, 1660001424458","3, 0, 1, 0","378200, 61746, 10000, 82847","45.77, 29.82, 30.1, 86.44","2, 1, 1, 1","1659555196365, 1659703877175, 1659802292855, 1660001424458"
20655dc5dc92908bc6f407149cc5ed44f64443541f5d16b0e99cd6c3852a95f4,Non-Logged,12,"b9511a79-8693-4fbe-949e-4e6844b783e9, b7a0f1ea-0754-4dd7-bdd8-d9862429e636, f5803869-ccbd-4400-b6a3-0305a6e02cd2, 6ffbb7ff-8667-4072-9491-00a5cb62aaa7, 4c62b549-7f0c-406e-a6f2-8c509e885431, f5b99f2a-b4b9-4886-8d95-9788df19ca13, 61015c99-4e63-4afa-9180-ee1fec5758b1, d8433c24-c6a0-4c40-b8ed-fb4a6c1f4ac1, a3414edd-c6cd-4a38-a6c4-2df911a40ee1, a9112e72-9ccd-4723-b9b2-778405a1455d, f0113b18-667e-4e55-aca1-32d161f0522d, 4022b7ef-c134-4962-99a5-0e8b793c2100","1658122445214, 1658122576062, 1658122706057, 1658122989299, 1658132815241, 1658158298022, 1658158605040, 1658160276551, 1658161426087, 1658161484009, 1658161518691, 1658161545160","2, 2, 2, 2, 3, 0, 0, 2, 2, 1, 0, 1","22652, 21416, 23604, 21662, 10144, 10000, 20000, 20715, 21875, 10925, 10394, 25399","43.57, 44.58, 65.57, 64.71, 79.18, 8.76, 13.37, 57.37, 100.0, 62.61, 19.19, 27.96","2, 2, 2, 2, 1, 1, 2, 2, 2, 1, 1, 2","1658122445214, 1658122576062, 1658122706057, 1658122989299, 1658132815241, 1658158298022, 1658158605040, 1658160276551, 1658161426087, 1658161484009, 1658161518691, 1658161545160"
5fd1cf2d6425b1fcc29ed05d22ba09ce2dc641756859cf429ea281c616edce64,Non-Logged,52,"fe31a3a1-20b9-4c6e-9692-c3bca946eb26, ecb1f348-cd55-47f7-99f9-bb2c84e93f96, 8a042ffb-2801-4c72-a8ff-63a9a2205bd2, a1da6a02-daaa-4583-9ca5-c72649742813, 9474232c-5219-4307-b4e9-51ee95d888e6, 85110683-db97-44b0-a493-e3059b382b0d, a4f61f36-38be-4f36-8feb-15385e3c21c4, 299e9320-7e53-4f50-bc64-c7b35a7653a4, 1c4faf15-dcb3-46c3-ae9f-b79380e1d1d4, 0583b622-3cd3-4f0c-8abb-70bc1878c4a3, 15c50681-5d03-4b46-99ec-1fbe6be90b34, c4789e51-c882-44e9-b133-2d435af16d54, b0340e28-84ac-4a23-8842-fbddd54c13d5, 82206221-05a0-4f89-aa10-e8c8dc0cc418, a36c98b5-f159-48f8-9f5a-1fc6ea9956c8, 87b7c93a-809a-4709-8e59-c56b02fec7c2, 350d9b03-f821-4317-b338-f73d5faddd4a, df5d45f4-5d75-4f49-90ea-c71e6e56ded8, 95f7ca6a-0bce-404b-a2e8-a61abe6fcca5, 81f397cb-e2ac-4980-8152-ca33075b2d3d, f0a78e58-ec7e-494c-9462-fbd6446a9a89, 2decd92c-718d-4c00-8a88-69fef6e90831, ace43c91-d1fb-41e9-b961-4ece2d2e1b06, 66a9efac-fd43-4fd1-9824-c404b08efa5d, 4ffc8a5e-5cea-4555-b838-f54f39545aab, 87008b9e-3665-43b9-92e1-7b1b63217e92, 8b64b810-cff4-40e0-9de9-25b809ae6009, 4ef1d1e4-01aa-4aea-8a31-51598feef18a, 51b38ce7-11f0-4dc0-8e21-6522b0587ec7, 92ecb67e-11a0-4daf-95e2-70251ecfc5cb, 9d598d19-d6be-4c7e-a963-b8fedfa8f24f, c40c2035-77ad-439b-847f-ad984d28d056, 3494faf6-e441-45e2-b482-b392e1bcf6f7, 4a108326-b19d-42ce-94f6-807abf6e4679, e7c87812-96f0-456b-a0f3-2b8a3d17d30a, 42eaf854-1f3d-40aa-aab7-b3ee5df25f44, 3936f6c7-3f6c-4205-8cda-3178160b6cd4, 0305a46a-fe62-4666-9742-f5fe5db890ab, e3cdb277-ad80-4025-b5de-cd98cc67d23d, 172c1f0d-5e4d-4a8d-b777-fabe83d6fccd, f6b5d170-48b9-4f8e-88d4-c84b6668f3bd, dccce65b-8982-46e1-afcb-01db956e2cd6, 7fb2b56e-64f5-4853-bd73-2210b0687c10, b2e937ba-7672-44d2-b916-77bd35bebe7a, f07efbc3-d8ec-4787-a864-6c245bae58a3, 0b807d1f-b235-42bc-a855-5d812713fa46, cf5453f5-28ff-46c7-b8e1-4cd7cc21ce19, fbe1e6a7-401b-439f-8bc3-908bddad0de1, cd81f330-0480-4da3-bc7e-7b6fc33aabcd, 10b235ef-5fc3-4b50-8d27-e257e1c49fbf, 38578b5c-4509-49df-ad79-c62cc914e4a5, 07b5ae90-4161-4463-945e-41a48fdced21","1656783259651, 1656806391998, 1656852224738, 1656937570235, 1657043734207, 1657474138359, 1657644106510, 1657715472097, 1657818977823, 1657841146878, 1658091728551, 1658318104461, 1658499518208, 1658668646184, 1658686508135, 1658956047878, 1659035854385, 1659105134302, 1659105462080, 1659105595333, 1659163286336, 1659189170777, 1659195176575, 1659206231875, 1659206726355, 1659209581470, 1659276417263, 1659300669738, 1659361889033, 1659391354342, 1659490495212, 1659565023318, 1659650662169, 1659697969732, 1659722648576, 1659743179507, 1659853786257, 1659890010901, 1659988636696, 1660040122711, 1660078740510, 1660101198631, 1660101460344, 1660150437810, 1660150843670, 1660184402249, 1660319871135, 1660405365776, 1660405735691, 1660411999392, 1660514855342, 1660516784493","0, 0, 0, 0, 0, 0, 0, 0, 0, 0, 0, 0, 0, 0, 0, 0, 0, 110, 8, 0, 0, 0, 0, 0, 0, 0, 0, 0, 0, 0, 0, 0, 0, 0, 0, 0, 0, 0, 0, 0, 0, 0, 0, 0, 0, 0, 0, 0, 0, 0, 0, 0","51772, 40000, 40000, 40000, 40000, 10598, 30004, 40000, 40000, 58149, 21995, 30007, 40000, 70000, 56184, 40000, 50325, 321070, 36204, 40000, 40000, 40000, 90000, 40000, 40000, 30059, 47965, 31323, 40000, 58897, 40000, 40000, 40000, 10221, 40000, 72221, 40000, 40000, 35248, 8709, 40000, 40000, 40000, 40000, 50933, 8798, 30002, 40000, 56818, 40000, 140000, 40000","12.5, 12.5, 12.5, 12.5, 12.5, 12.5, 12.5, 12.5, 12.5, 12.5, 12.5, 12.5, 12.5, 12.5, 12.5, 12.5, 12.5, 75.8, 42.54, 12.5, 12.5, 12.5, 12.5, 12.5, 12.5, 12.5, 12.5, 12.5, 12.5, 12.5, 12.5, 12.5, 12.5, 12.5, 12.5, 12.5, 12.5, 12.5, 12.5, 12.5, 12.5, 12.5, 12.5, 12.5, 12.5, 12.5, 12.5, 12.5, 12.5, 12.5, 12.5, 12.5","1, 1, 1, 1, 1, 1, 1, 1, 1, 2, 1, 1, 1, 1, 1, 1, 1, 1, 1, 1, 1, 1, 2, 1, 1, 1, 1, 1, 1, 1, 1, 1, 1, 1, 1, 1, 1, 1, 1, 1, 1, 1, 1, 1, 2, 1, 1, 1, 1, 1, 1, 1","1656783259651, 1656806391998, 1656852224738, 1656937570235, 1657043734207, 1657474138359, 1657644106510, 1657715472097, 1657818977823, 1657841146878, 1658091728551, 1658318104461, 1658499518208, 1658668646184, 1658686508135, 1658956047878, 1659035854385, 1659105134302, 1659105462080, 1659105595333, 1659163286336, 1659189170777, 1659195176575, 1659206231875, 1659206726355, 1659209581470, 1659276417263, 1659300669738, 1659361889033, 1659391354342, 1659490495212, 1659565023318, 1659650662169, 1659697969732, 1659722648576, 1659743179507, 1659853786257, 1659890010901, 1659988636696, 1660040122711, 1660078740510, 1660101198631, 1660101460344, 1660150437810, 1660150843670, 1660184402249, 1660319871135, 1660405365776, 1660405735691, 1660411999392, 1660514855342, 1660516784493"
fe1d15edc85ca876ea2905c4141cc7f4e7dbdea6e611fef7fccef384878b76c0,Non-Logged,10,"a9ecf2bf-e542-4aa7-b494-20fca61f0615, 3fb7858c-33f9-412a-b0cc-c847df3e2be0, 230d19cf-28f8-459a-ad3a-da60aa640639, c6142cff-2cc0-4cf0-86d7-ae74be6baace, 6e594abc-518b-4eb9-9d9f-f59fd73b228e, 69b7551f-431d-4d75-8685-07ae2626f2ac, 6a83890a-d9e9-4f6b-a6c6-90d031785bbf, 9e434fae-3183-4d3a-8e1d-00a461e5d7fc, d57f0e9a-445b-465d-b757-be4f32e75fb9, c11a28a1-e5bf-4690-a648-fe8e993607d4","1658402378789, 1658402492685, 1658833098207, 1659006699702, 1659099872667, 1659527554894, 1659645545924, 1659645694767, 1660070061325, 1660129013130","14, 0, 0, 0, 0, 1, 1, 1, 1, 0","150000, 107451, 293468, 236164, 30000, 309763, 140364, 124272, 80000, 117212","5.61, 49.28, 74.94, 73.35, 16.18, 84.36, 80.11, 66.15, 49.24, 77.91","15, 1, 1, 1, 1, 1, 1, 1, 1, 1","1658402378789, 1658402492685, 1658833098207, 1659006699702, 1659099872667, 1659527554894, 1659645545924, 1659645694767, 1660070061325, 1660129013130"
67c46568b1ed68192daa72e21065ab0b28361724ee6170f7f56b69998999f47b,Non-Logged,7,"f1154079-b1d5-42c3-a5dc-6d22f6ead44e, 387cdbe3-a9a9-4af7-a5c7-2f0c87c7c399, 4758edf0-015d-4158-ad8e-2bebaf2cc931, 0b5bd097-f8c9-457b-8de8-32ef82585a62, 0819b74d-b28a-4702-90a2-9d205dd9fc5e, 8ce81c16-71ad-4eb4-88dc-d6a85c49dbff, 5b90df37-0b8b-44d6-abdb-6fad31217c26","1657737892808, 1657738034933, 1657738284728, 1657738344917, 1660424417364, 1660429570326, 1660448082403","54, 33, 32, 2, 30, 24, 15","80000, 60000, 60255, 10000, 46680, 20336, 40000","62.63, 69.1, 83.64, 16.39, 52.58, 26.46, 45.55","1, 1, 1, 1, 2, 2, 1","1657737892808, 1657738034933, 1657738284728, 1657738344917, 1660424417364, 1660429570326, 1660448082403"
d8798264411de18a84b7380a394e47de697f59891796860595ef1b73150259b9,Non-Logged,165,"cba5d9d4-1050-4875-923e-5f05607582d3, fe31a3a1-20b9-4c6e-9692-c3bca946eb26, e01c1a9f-c5ff-40f5-93c6-af7bb784e755, d8a01a9e-9ad8-4081-96a5-bb19b8e9bb0d, 483b8af1-fba7-476a-ba97-0106ff90d667, a1f30805-1fba-44e1-a915-0da0e55aef6d, 320d7616-8c9f-4047-a09b-bb1eaedf8aad, d5f5e1da-c3c8-49ab-b0a6-e027f3d4d724, 18633c31-9144-419f-95b7-7bbac07695c8, d57eb581-2a59-40d8-a0c0-972d96276025, bc055232-aa0d-40c8-84b0-91b45237c590, 3ccc9244-328d-4f56-b8d8-119dc55bacd0, 886317fa-cdaa-4d94-b108-d16ad1421678, 8a1fd37d-5775-4c22-9857-1d4c177e5e26, c6ef110d-7837-47f2-84f6-cfea4da5e328, 1c4faf15-dcb3-46c3-ae9f-b79380e1d1d4, bf9de4b9-5108-40bc-b5a7-653772209c84, 21532265-cfd0-4301-a58d-dd615d0189d6, 700d8181-ed28-48f9-b716-40c18325909a, 92165aa2-a803-4d0f-8d2b-44977f224046, e3e1cde5-cd0a-4ad4-9b8b-43109f49f99d, 5fada3ca-d728-4b7b-91c0-b1352a07ada6, 9958aafa-3a3a-416c-a2b9-5d96769bad83, c64c0aa5-37f1-4da2-9e10-bbae843f7d7c, 0861c763-2b92-45c8-8228-9c3a7e0d4128, b82e867b-99b2-4629-b40e-b3d69ec033a9, c7d3a834-5bce-4b51-a474-544278bb23dc, f4ac3eb5-e145-4685-b9e9-b61f3551aa58, d7c20612-b2d8-4f7a-aac9-cc330b87e395, e8e45d33-48a1-4723-8ac6-15d31e08e183, 9a4bb232-f1b6-4cd1-ba6c-c4696952153b, 5b68d910-8e4a-4fa5-8fae-65c841282e94, 0981aa5a-7687-4aec-bcf7-6868ea563935, da06dc6b-5f61-45c7-af19-51f03b4abd92, 69cdf5cb-1f8c-44aa-a28e-030d8dddca89, d61c5cc7-2a4f-42c5-ab06-bef4a6314808, 063779f4-3c7b-4084-8964-b36fe44f85da, 5dff8fb2-73e6-4c22-a34f-c367aa2677df, e9bebde2-afcc-4b9e-ba9a-074b5fb5d695, f774e860-8103-49bf-b04e-63b316735e4b, 30fe4db2-bbc5-482a-a49a-33dd07886908, 2db078f6-8ff0-470e-929e-504c97d6175f, 66a9efac-fd43-4fd1-9824-c404b08efa5d, c370b626-8d8e-4c0e-9d06-0cf16473bd29, 8c37ed33-976c-4100-b831-5a776c7a6716, fbbd2472-9ee2-4d84-9211-deb431ba8a75, 99566c41-bd03-4b37-9ed7-4ba3485e7de5, 81f397cb-e2ac-4980-8152-ca33075b2d3d, 53e595e7-c7ed-4589-8ac3-4e29b39c1feb, a4450bad-1a66-4bc5-9c2a-2d61d7bb95bb, 17f1482c-631d-4546-adaa-eee83038c808, 255a7f49-ea72-4caa-9e77-48aff4aae740, 3148473f-bd3c-45c6-a2f6-83e667025005, 727b8afd-0c30-4115-bbcf-cdc764c07897, dd3babeb-856a-43ad-8c2d-5aa6695b9173, 79ba0d72-e03a-474d-8315-267d4e9ef6d9, ffabc550-b315-4070-94b6-713712da8ec2, 4a108326-b19d-42ce-94f6-807abf6e4679, e1d1e05e-ff08-40ac-a3a8-ce8c6ad99521, bfb94228-cdc0-45ea-8ed7-4ebadbaa039a, bd16efee-c21b-4a28-aab6-0d374729fbbc, 0ca6238e-51b3-4d82-b50a-c6756934370b, bcacb37e-f4be-4043-9446-6319e71e06bc, 29af4cd8-88b0-461f-a3a8-27ae61c67a1b, d57cd3fc-5185-4b29-8a85-c2f04bf6921c, 0baa8cd7-1eef-4960-aeb4-4128e58efba3, a1df6cda-af2a-4905-8825-b89b0001e878, 2de967f7-b28c-45ef-a21f-76c9926ea116, 1c27cf97-b20c-4e40-b1f1-288b721517b3, 230c8db7-2366-40de-9c3d-feee6687501a, f234620f-65c4-44e7-9770-77ce31bc75d8, 5d3fca49-67bf-4893-8a7c-0aa013473f24, 91dd61bf-7c49-4276-bba6-1db2804921a9, e3cdb277-ad80-4025-b5de-cd98cc67d23d, b3aa822f-fc30-4198-b484-e5d29f94641d, fcd1a40f-d5d9-42f8-abb9-bddfe3adbc7d, 80267122-5024-48bf-afea-4dbfffc2cf8b, a6ab18ec-e32f-474b-964b-987309c61581, d57f0e9a-445b-465d-b757-be4f32e75fb9, e77e093c-d944-4d4c-9143-e67c75c616c5, 54dcfc89-4576-458a-a349-26640f5c2a19, ab22e5cd-715a-46f0-99d8-613b981f202c, f2a29f43-a9fe-42c6-8e4b-f727321403c6, 716b7083-352a-4203-a6cc-706d9cda4960, f712cfd4-b1f3-49ec-82c7-5f3b366a5ac3, f6b5d170-48b9-4f8e-88d4-c84b6668f3bd, 60eac5a4-c3c8-4e93-927a-effc8f888715, 8be03387-6c44-43cc-93ad-65824af9c22a, 8130ca1f-0747-4118-8100-20025a4371d7, dd697b83-1f8b-4811-a789-c61a2008c673, a9c454c8-9493-4622-a499-43d20c525f81, 174438a2-e028-48a5-9af1-ee41493fa62c, 4fa76377-3d90-4a78-be9a-feb6c0945fc3, 553fada2-1c79-48f2-9010-f5c751b63bb1, 15281e10-e6bc-48bc-9b1b-94402f83699b, 367ae83b-b5a8-4248-b5f0-bc0e4319fe7c, e8642618-47e1-4a15-a0e4-6b5eafec322f, dccce65b-8982-46e1-afcb-01db956e2cd6, 9402708f-f9cc-4f21-8212-1af3e8e46380, 38f206b8-17eb-4f60-8a20-27e808061ef5, 8d0a8515-4ec2-419e-b591-9615c96ea589, 6de56565-bca0-4858-9d24-5292d830422b, d8cc4bd5-5511-4627-9cb6-be6128602979, 3d3d28dd-4dd6-43a6-b90b-da46b0cc6049, 34c9da29-421f-4983-bd32-19a7daaace13, ca35decb-6955-44b5-b2fa-eb4529c3cb5c, 1321a7ad-20a7-4690-ab79-f8de41483008, e384ec29-136e-4241-9321-49b367b8cbd5, 090549b1-b0c0-4f03-974d-f53318868128, 74b0e1d9-7ff2-4740-b22e-465a5d644ed7, 5bd87b4b-967a-4f44-8d7d-8dd415925c60, 4e73dd4e-0e2b-4a11-8f5b-658619b08027, 665ef234-35d7-4a80-9be2-8119caae77c3, b3984824-9eea-4ad9-ae37-b07782ecc313, 7fb2b56e-64f5-4853-bd73-2210b0687c10, 564f0976-781b-44e7-96c8-7377097d0101, 9e49825f-6567-4ede-90d5-46a1af9a127f, db6f552a-f2e7-426e-869c-65aa51f8cced, e2fe50c0-3e30-4421-8f92-b5e9e261a41a, 9cc8a71a-0703-41a1-a7e7-abce64529779, 83568c85-7264-4e45-8a2e-eeb246118465, f2b9c151-f12d-4b35-ac3f-40e1da06075a, bcbf252c-7d12-4756-bfb6-b507591117b5, feeba286-bd4a-4d39-b112-002df77b024b, 0b807d1f-b235-42bc-a855-5d812713fa46, e67a8a04-2e7d-45a3-8374-73380b09a47b, 81094a7e-7b3d-48b5-b98d-9b1a6a20e7d0, 44afad69-6dff-4068-9e10-3092b659e6d4, 57829839-9caf-4fcf-b557-271dd0dbc7a8, fcaae583-de5c-429c-a0f6-fe4a1bb4d8cd, ee4e3b80-caf5-4e83-a66a-01e38f2b8475, cf15fcf3-9c3e-4af4-8149-14362fd056de, 7375bcd2-3b76-48ee-bdd3-17ac6b66d129, 1a732119-0975-4bc2-8077-cb2ae8d249af, ba7678a2-9b22-472b-8422-b6fb921fc672, 91266575-23d3-4ce6-91b1-5d0ad7c3936d, d2593c3d-2347-40d9-948c-b6065e8459a9, 159f0c5f-1531-4dbd-99d6-edf3ab98d520, e00a8958-3bc2-48dd-89ac-8c9635f5516b, 1ca0b64a-8bb4-4a2b-b3d0-af935960bf15, 77cec220-a06d-4bcb-af00-25d0931be557, d0f028ca-3d37-4c81-ba8f-22a5fdb3c069, a5f8d13e-9efb-4c52-8b4e-0f01eef0aa80, 6f344c45-e731-41b4-8c65-9967ebc03096, f0d02bc4-e365-4cb5-9de1-63dab37205ac, 30ce5ec4-dfcc-4199-b51b-6ad38003180d, 02953bf6-d721-47d9-a2de-f01114449756, e996de8d-b5d7-4824-9e44-35997faf4e2f, edef47a9-e0db-426c-ac6c-62167a6321dd, e2cd1c23-e372-4525-8b2b-b6886428f444, 4ec84327-f2b3-46b7-9c98-0363a94cc77e, ed3d9139-d31a-494c-8cfa-4ba5f94f6f35, 999f8b86-8f29-44b5-942a-79d1174efb6b, 8a3d7130-f0e1-40a9-857d-e3f91372ade3, 9c8465e1-65d5-44d6-817e-a8657d38fd32, 1077d332-99fa-4095-b457-dd889a4c5f66, fa0ce1d0-774f-41bb-9de6-f87b790c472b, d1b1b97c-0357-41b7-b4fa-f910a558a608, 11ec06a2-0049-499e-8a33-0b1767a79fde, d84753d8-9aa4-47ad-8f14-eb4d29efd1df, dd4d0068-ae1b-4e78-a7e5-7e8c2a4a5615, 0d7dbf6b-1abb-4aa1-a4d9-47d9c3429333, c21004f0-4d4b-4882-8718-e1d6d276b175, 3cd06f5f-a3bb-4589-a592-07a1c6121a99, 462af4d5-8e94-4c42-a388-b9a5fb334aa1","1657122340565, 1657135528950, 1657140542169, 1657140665851, 1657141574394, 1657156032967, 1657192243988, 1657193938867, 1657194244577, 1657211182109, 1657213381241, 1657228485269, 1657290301761, 1657295185943, 1657298140302, 1657310947260, 1657322815772, 1657324228314, 1657330274237, 1657365824203, 1657369765222, 1657395772239, 1657399127017, 1657411546621, 1657422326028, 1657473367925, 1657535815808, 1657536156116, 1657536215026, 1657540851903, 1657548614444, 1657569488490, 1657570648157, 1657571276065, 1657580560968, 1657581076503, 1657623860830, 1657623934177, 1657626526310, 1657628121622, 1657643904065, 1657644136559, 1657661456051, 1657709879532, 1657719080032, 1657719752678, 1657721972152, 1657732233454, 1657740332787, 1657754250551, 1657756333686, 1657798323470, 1657798472534, 1657814022859, 1657834720893, 1657834808970, 1657879674736, 1657885679596, 1657907019445, 1657907072593, 1657907109677, 1657918007724, 1657923591809, 1658016757194, 1658016834421, 1658025160232, 1658058055978, 1658058597128, 1658107086247, 1658148342319, 1658159295808, 1658164342782, 1658183411166, 1658198626875, 1658274715859, 1658275029644, 1658275095233, 1658277957312, 1658279245887, 1658317737077, 1658331260736, 1658354937459, 1658414663278, 1658414880595, 1658426041390, 1658428689895, 1658444109510, 1658452564443, 1658453526323, 1658487009750, 1658514502314, 1658686752589, 1658696315504, 1658700639849, 1658742249244, 1658756563930, 1658769061044, 1658871538297, 1658871755910, 1658871846450, 1658876730181, 1658918572883, 1658919963089, 1658944008425, 1659035464956, 1659035624775, 1659100594149, 1659100627759, 1659132429432, 1659134388526, 1659349713660, 1659352406224, 1659377788836, 1659436787114, 1659468558564, 1659488018573, 1659523032199, 1659546117158, 1659546326491, 1659550263665, 1659550414398, 1659550688454, 1659553214660, 1659574378323, 1659629007854, 1659629182462, 1659658165266, 1659713584972, 1659837693291, 1659897741621, 1659898166444, 1659898701065, 1659898906172, 1659899291890, 1659899786083, 1659899918567, 1659905369424, 1659906314539, 1659982422548, 1659990565001, 1659996522795, 1660000000198, 1660013305689, 1660071213015, 1660071585679, 1660095205380, 1660096788270, 1660097455170, 1660097516478, 1660144580818, 1660154546435, 1660155769837, 1660163379403, 1660182747664, 1660241304496, 1660244454358, 1660244650711, 1660244786242, 1660250349162, 1660260984157, 1660261076492, 1660330760065, 1660406160761, 1660414069735, 1660414367598","41, 105, 34, 16, 18, 22, 53, 18, 5, 20, 13, 24, 36, 30, 16, 10, 12, 0, 35, 223, 12, 1, 7, 3, 20, 21, 34, 4, 49, 4, 4, 6, 102, 11, 71, 24, 11, 8, 4, 5, 91, 84, 10, 18, 8, 51, 45, 2, 5, 39, 67, 17, 21, 12, 25, 6, 0, 62, 23, 11, 2, 1, 36, 22, 12, 37, 1, 62, 50, 20, 31, 1, 0, 42, 21, 5, 10, 77, 173, 10, 1, 6, 50, 64, 49, 1, 9, 4, 4, 5, 37, 5, 37, 5, 6, 110, 26, 42, 19, 0, 12, 7, 67, 7, 52, 66, 24, 115, 56, 52, 89, 12, 13, 61, 25, 31, 1, 0, 36, 71, 25, 11, 28, 52, 8, 6, 15, 76, 104, 20, 11, 35, 93, 49, 10, 80, 30, 19, 12, 37, 58, 206, 13, 28, 20, 3, 13, 13, 31, 9, 37, 0, 106, 7, 10, 10, 33, 14, 9, 13, 21, 45, 24, 46, 32","92118, 167955, 50000, 42470, 44321, 59259, 105516, 33658, 18089, 30000, 34578, 54704, 60000, 70688, 30000, 29601, 62257, 6838, 76901, 398844, 33412, 10000, 25821, 13468, 40000, 37653, 115997, 14448, 86789, 17324, 10000, 36791, 150000, 20000, 159452, 40000, 30000, 20000, 10000, 10000, 157135, 113150, 40000, 44873, 20000, 86241, 71389, 14222, 10000, 77205, 105788, 60000, 33308, 24979, 63751, 20000, 10000, 77931, 50461, 20000, 10000, 10000, 64966, 49837, 40000, 70000, 9787, 127929, 70000, 51847, 50000, 12199, 6164, 98162, 40106, 20000, 20000, 130371, 295331, 36371, 10000, 25776, 82521, 89966, 77151, 8280, 22743, 10000, 23651, 10000, 44923, 10000, 41805, 10000, 40000, 170905, 56196, 56058, 27076, 6691, 35617, 10000, 79050, 22110, 85375, 114265, 33209, 179568, 156749, 97130, 120546, 32462, 25856, 85061, 56046, 58123, 12350, 6085, 58431, 95494, 35378, 40000, 69724, 105802, 10000, 20718, 40000, 105543, 155843, 32999, 30000, 56161, 150000, 113324, 27782, 151477, 83799, 37273, 29222, 64616, 90000, 327895, 36309, 52347, 35817, 14808, 30000, 20000, 120000, 20000, 63483, 7067, 189732, 30000, 27073, 22915, 58955, 30000, 30000, 30000, 46418, 88725, 44582, 74805, 54108","43.15, 66.95, 38.5, 47.65, 42.44, 41.57, 58.56, 41.62, 25.32, 34.65, 36.5, 62.66, 38.71, 41.96, 39.35, 23.2, 20.39, 10.74, 40.21, 77.43, 23.89, 11.44, 14.3, 21.03, 31.61, 27.03, 37.0, 10.9, 39.08, 12.05, 11.31, 13.07, 46.12, 48.59, 34.77, 34.42, 17.57, 29.72, 18.26, 9.86, 91.17, 49.64, 27.22, 35.84, 27.86, 33.38, 78.63, 11.84, 30.55, 64.38, 55.53, 25.33, 46.33, 15.5, 50.54, 24.27, 11.14, 44.09, 47.18, 25.8, 13.04, 7.11, 46.01, 29.76, 42.4, 40.41, 7.29, 57.22, 43.49, 86.32, 39.93, 9.18, 12.7, 49.39, 33.0, 15.31, 18.82, 51.57, 74.36, 35.27, 5.5, 15.3, 49.68, 45.32, 47.17, 7.86, 22.42, 16.77, 20.93, 12.31, 23.81, 23.7, 29.22, 16.1, 22.48, 54.37, 49.93, 48.35, 42.56, 9.66, 29.56, 14.16, 48.22, 19.75, 47.25, 100.0, 48.87, 40.67, 43.35, 48.18, 55.3, 36.6, 13.95, 87.22, 40.39, 49.19, 9.89, 13.0, 31.63, 51.67, 40.39, 26.85, 83.42, 43.99, 25.66, 14.41, 31.8, 48.57, 54.62, 32.78, 19.24, 47.37, 52.46, 29.7, 22.01, 51.63, 39.06, 34.38, 25.28, 42.61, 54.93, 43.29, 20.0, 35.08, 35.93, 8.72, 21.41, 26.75, 35.87, 21.91, 38.04, 7.53, 51.78, 5.47, 25.75, 33.17, 35.89, 19.46, 28.79, 30.34, 35.52, 54.88, 32.57, 61.31, 62.95","1, 1, 1, 1, 1, 1, 1, 1, 1, 1, 1, 1, 1, 1, 1, 1, 2, 1, 1, 1, 1, 1, 1, 1, 1, 1, 1, 1, 1, 1, 1, 1, 1, 1, 2, 1, 1, 1, 1, 1, 1, 1, 1, 1, 1, 1, 1, 1, 1, 1, 1, 1, 1, 1, 1, 1, 1, 1, 1, 1, 1, 1, 1, 1, 1, 1, 1, 1, 1, 1, 1, 1, 1, 1, 1, 1, 1, 1, 1, 1, 1, 1, 1, 1, 1, 1, 1, 1, 1, 1, 1, 1, 1, 1, 1, 1, 1, 1, 1, 1, 1, 1, 1, 1, 1, 1, 1, 2, 1, 1, 1, 1, 1, 1, 1, 1, 1, 1, 1, 1, 1, 1, 1, 1, 1, 1, 1, 1, 1, 1, 1, 1, 1, 1, 1, 1, 1, 1, 1, 1, 1, 1, 1, 1, 1, 1, 1, 1, 1, 1, 1, 1, 1, 1, 1, 1, 1, 1, 1, 1, 1, 1, 1, 1, 1","1657122340565, 1657135528950, 1657140542169, 1657140665851, 1657141574394, 1657156032967, 1657192243988, 1657193938867, 1657194244577, 1657211182109, 1657213381241, 1657228485269, 1657290301761, 1657295185943, 1657298140302, 1657310947260, 1657322815772, 1657324228314, 1657330274237, 1657365824203, 1657369765222, 1657395772239, 1657399127017, 1657411546621, 1657422326028, 1657473367925, 1657535815808, 1657536156116, 1657536215026, 1657540851903, 1657548614444, 1657569488490, 1657570648157, 1657571276065, 1657580560968, 1657581076503, 1657623860830, 1657623934177, 1657626526310, 1657628121622, 1657643904065, 1657644136559, 1657661456051, 1657709879532, 1657719080032, 1657719752678, 1657721972152, 1657732233454, 1657740332787, 1657754250551, 1657756333686, 1657798323470, 1657798472534, 1657814022859, 1657834720893, 1657834808970, 1657879674736, 1657885679596, 1657907019445, 1657907072593, 1657907109677, 1657918007724, 1657923591809, 1658016757194, 1658016834421, 1658025160232, 1658058055978, 1658058597128, 1658107086247, 1658148342319, 1658159295808, 1658164342782, 1658183411166, 1658198626875, 1658274715859, 1658275029644, 1658275095233, 1658277957312, 1658279245887, 1658317737077, 1658331260736, 1658354937459, 1658414663278, 1658414880595, 1658426041390, 1658428689895, 1658444109510, 1658452564443, 1658453526323, 1658487009750, 1658514502314, 1658686752589, 1658696315504, 1658700639849, 1658742249244, 1658756563930, 1658769061044, 1658871538297, 1658871755910, 1658871846450, 1658876730181, 1658918572883, 1658919963089, 1658944008425, 1659035464956, 1659035624775, 1659100594149, 1659100627759, 1659132429432, 1659134388526, 1659349713660, 1659352406224, 1659377788836, 1659436787114, 1659468558564, 1659488018573, 1659523032199, 1659546117158, 1659546326491, 1659550263665, 1659550414398, 1659550688454, 1659553214660, 1659574378323, 1659629007854, 1659629182462, 1659658165266, 1659713584972, 1659837693291, 1659897741621, 1659898166444, 1659898701065, 1659898906172, 1659899291890, 1659899786083, 1659899918567, 1659905369424, 1659906314539, 1659982422548, 1659990565001, 1659996522795, 1660000000198, 1660013305689, 1660071213015, 1660071585679, 1660095205380, 1660096788270, 1660097455170, 1660097516478, 1660144580818, 1660154546435, 1660155769837, 1660163379403, 1660182747664, 1660241304496, 1660244454358, 1660244650711, 1660244786242, 1660250349162, 1660260984157, 1660261076492, 1660330760065, 1660406160761, 1660414069735, 1660414367598"
0591f4a95a5d514695d3093396065fe60f6e9fd733d2f7f7da1276e9647357d5,Non-Logged,13,"d60ecd81-67c6-44bd-897c-bbdc7b11b285, c2fe9053-f53a-43b7-a987-78a1aeb760e1, b4a5680b-d0e1-4260-bc54-82fbe328d3a0, 8f198ae4-9d70-433e-a0be-7697153a93ec, 4a3ab8dd-78d2-4225-9406-0a268f9dc509, 326613df-5dce-4888-a088-f26de70cf7c0, a356b66f-74d7-4573-bb13-15b145c39c83, 535b4fef-0aa0-47c1-92f2-40c8a610074a, 1adc013a-282a-4cf4-b402-673e469e6c50, 7b16bdde-6081-499e-a8ea-7d5a22d1f83a, 4ef1d1e4-01aa-4aea-8a31-51598feef18a, 94a14e99-6691-444c-93a0-48b90fbb9580, e9a53ae7-25ae-49f9-9c61-f590fda77b87","1657925838761, 1658583342089, 1658583516595, 1658780645183, 1658780721832, 1658953451656, 1658953784030, 1659028414039, 1659367261456, 1659367392370, 1659367480261, 1659464186162, 1659464276769","204, 50, 94, 23, 15, 11, 11, 9, 15, 26, 47, 31, 5","621744, 161244, 238352, 65793, 46522, 39947, 20620, 52773, 61691, 71148, 111470, 74289, 9255","57.76, 84.6, 46.01, 41.04, 28.08, 27.45, 24.59, 29.82, 32.89, 51.31, 79.48, 83.04, 21.23","2, 1, 1, 1, 1, 1, 1, 1, 1, 1, 1, 1, 1","1657925838761, 1658583342089, 1658583516595, 1658780645183, 1658780721832, 1658953451656, 1658953784030, 1659028414039, 1659367261456, 1659367392370, 1659367480261, 1659464186162, 1659464276769"
423d01094c2293206a2036747c5c800022ceefb8fd7923bd4620a21cfc76cd77,Non-Logged,43,"1f2b9c2f-a2d2-4192-b009-09065da8ec23, 3137f551-87d2-48b6-82bf-48b2bf11e643, 93cae623-4b48-4b93-8d39-15135e784683, cee20002-7c68-466a-933e-f8969dc58afc, b2e31128-76aa-474f-8310-2f0fd62750e4, a4365ccd-d305-4069-ba12-59ff880a560d, 8c246d2b-81bd-4c1f-b563-2c905675f984, 9088cb50-ab0e-4f04-9135-1d5539e29384, 6e594abc-518b-4eb9-9d9f-f59fd73b228e, cd3b041e-6889-41d3-a37a-9376057ba632, 8b64b810-cff4-40e0-9de9-25b809ae6009, 3818025a-9da2-4c63-8c48-3ece843f7fc1, 9d598d19-d6be-4c7e-a963-b8fedfa8f24f, 4a108326-b19d-42ce-94f6-807abf6e4679, 2ad4930b-bd99-4884-9c07-12cc46f53417, a39c87e8-5bc0-46e0-a839-01679414f0af, f6c171a0-e188-4709-ba79-676ca7e20b10, 2e735dd9-49fc-472f-b724-aa236936546f, 3936f6c7-3f6c-4205-8cda-3178160b6cd4, f952a05f-df4f-43f3-af8c-6e7599309edd, 746d6f36-70e0-4b16-a29a-bb9a4108b12e, 02dd1448-4909-44c1-8ad0-c8a02d16d9a9, 7854f1cf-baef-47b2-a372-b2c83987bbe4, 6c04dc83-e523-4a23-9329-5499a899392c, e6bbb32e-35da-4cd9-b76e-61451b94d3db, 3ee8ff4c-2dae-4394-8ff6-abd22556e323, 4a983c7c-cd3d-4ef8-9584-eb83fd7fa90e, 56dc794e-5c74-42b7-98e8-2f8e62c7f044, 58c69cde-570a-4558-bca6-987480110522, 7619c228-9522-487c-a388-40e1ccb7df5a, c4a26728-d72b-454c-821d-0f22d2307a4b, 367ae83b-b5a8-4248-b5f0-bc0e4319fe7c, b0803304-62b4-4428-a333-e9bf623c8a98, 1e3a0fb9-edfa-47c1-9e58-a505f628f930, 88873d22-734a-4038-bc56-3e3179ed744e, 58e51927-3021-4a7a-917d-8d7256c074a6, e384ec29-136e-4241-9321-49b367b8cbd5, c3e36ac8-57ad-47b3-80bd-afe2ef79004c, 979cc774-3738-45e4-b208-b5e1f13623f2, 861f3ebb-292c-4a4e-90f5-5e0958ea0ff6, 7fb2b56e-64f5-4853-bd73-2210b0687c10, 5b90df37-0b8b-44d6-abdb-6fad31217c26, 486b0358-8a74-47c1-bb6a-2b4a71210cf8","1657523220056, 1657643044124, 1657762224790, 1657762351883, 1657817416254, 1657849961836, 1657885606142, 1657886008034, 1657893207956, 1657893267362, 1657972701423, 1658018836011, 1658319777760, 1658373023323, 1658404473468, 1658538397142, 1658587874703, 1658604517858, 1658604618996, 1658648313756, 1658648533710, 1658648828089, 1658707716769, 1658707886454, 1658890325665, 1658890529453, 1659023165879, 1659053215523, 1659053557849, 1659087466831, 1659110863979, 1659183361284, 1659207314657, 1659347650450, 1659376415304, 1659458800900, 1659462168643, 1659808506905, 1659901935064, 1659959527491, 1660244396075, 1660269624356, 1660331800665","44, 51, 48, 66, 49, 48, 137, 0, 22, 12, 13, 9, 18, 1, 66, 71, 17, 18, 16, 49, 94, 79, 40, 26, 70, 35, 1, 83, 52, 93, 81, 11, 159, 31, 14, 54, 15, 34, 121, 61, 13, 60, 35","174713, 246669, 118709, 151302, 163460, 125595, 380379, 7521, 45111, 40358, 60000, 34716, 70000, 5029, 288366, 160000, 43186, 82662, 40551, 138669, 277687, 224736, 154533, 63051, 186956, 104442, 20000, 255864, 160000, 307003, 421856, 20000, 355563, 88686, 42479, 192775, 93756, 80365, 325160, 274446, 40000, 240000, 116304","68.38, 57.17, 43.73, 55.8, 52.79, 51.18, 95.28, 7.12, 53.95, 34.35, 37.6, 33.59, 62.63, 24.38, 78.43, 96.75, 31.09, 49.04, 33.31, 73.39, 90.49, 56.08, 75.49, 82.24, 78.89, 52.48, 7.38, 94.17, 57.56, 84.4, 69.58, 31.39, 91.56, 50.46, 39.54, 88.64, 46.95, 31.61, 96.92, 65.75, 31.28, 88.99, 54.76","1, 1, 1, 1, 1, 1, 1, 1, 1, 1, 1, 1, 1, 1, 1, 1, 1, 1, 1, 1, 1, 1, 1, 1, 1, 1, 1, 1, 1, 1, 1, 1, 1, 1, 1, 1, 1, 1, 1, 1, 1, 1, 1","1657523220056, 1657643044124, 1657762224790, 1657762351883, 1657817416254, 1657849961836, 1657885606142, 1657886008034, 1657893207956, 1657893267362, 1657972701423, 1658018836011, 1658319777760, 1658373023323, 1658404473468, 1658538397142, 1658587874703, 1658604517858, 1658604618996, 1658648313756, 1658648533710, 1658648828089, 1658707716769, 1658707886454, 1658890325665, 1658890529453, 1659023165879, 1659053215523, 1659053557849, 1659087466831, 1659110863979, 1659183361284, 1659207314657, 1659347650450, 1659376415304, 1659458800900, 1659462168643, 1659808506905, 1659901935064, 1659959527491, 1660244396075, 1660269624356, 1660331800665"
81a5bef22605249b053bc02cba4b1eb3b4c05059527903517a3fbe789c8f1613,Logged,60,"eb23272d-8e6c-479d-b972-eabeb5f6f3dd, 31e64f8d-ca41-4831-8673-98c707014658, d173164f-dcfc-4e32-8006-64ab44a57c66, d7f17a3c-3885-4b47-95a8-c4204a3698f5, 29b6b142-4173-4ec4-832f-7d0a32255c10, 1f32787b-de2b-49be-8c20-ddaeae34cc22, 430b49c2-993d-4519-a4fe-5aa5d183fe62, 0eed57b2-1281-440f-86d6-02d3603eec54, c31953bb-c126-47ad-9112-d82f8776db2e, cee20002-7c68-466a-933e-f8969dc58afc, 6dfb5395-decf-4b1f-ae70-959bde7417e2, c15de0de-4459-4cef-bccf-3987d184bd1a, d4e9b07a-db73-4dc0-9f5c-0f1c13b5dfa1, ccd31dd8-059f-4790-bb12-4ea56133951b, e3d821f2-fa77-4121-925f-9200f8c9d780, c01872c5-243e-43ff-b744-3467c6b3f6ec, fb96b132-fcde-46cc-86ef-000cb250c361, 56f82ddb-4823-4825-a2cc-b9cf1beb48c1, 6e594abc-518b-4eb9-9d9f-f59fd73b228e, fe8ef79a-578a-483f-98fe-f2d621205799, 9d598d19-d6be-4c7e-a963-b8fedfa8f24f, 139c9e4d-b7eb-43d0-b2fc-1cb230f0adc8, 5ecc4b24-ff5d-4f8c-8449-53de3b34d213, d57cd3fc-5185-4b29-8a85-c2f04bf6921c, 27453ffd-5354-440a-a6b1-0b56eb6b6821, 532dd818-19a1-46a1-b2aa-630606026a07, 3bfc26fd-4edd-4bac-a8b6-8ff3c160b595, 6cd948da-d520-48e2-9de7-a0bd7ce8c67d, e650aae9-2b05-4564-9ce7-108a31c4de20, 63f5b857-6df9-4f65-862c-acd372870e6c, 4ef1d1e4-01aa-4aea-8a31-51598feef18a, b954a1b6-d613-4012-8bb5-d60ffb9e94e6, 13f2cc37-f575-44d5-b33f-045d0b0a912b, 09a5a7c8-7687-4311-907c-d43fdb650b4c, 4700f517-5c5d-483c-81b7-d77aca04991c, 09092757-a6a5-49e6-b2b4-a59856c6ea81, a9c454c8-9493-4622-a499-43d20c525f81, 0a2812f6-ac1a-4fac-8c59-0d32a65fb91a, 710d0ac3-b2f9-4b3b-8c9e-fc6ad4f17d4f, b0803304-62b4-4428-a333-e9bf623c8a98, 16022c69-6600-4d8f-abd8-2da2b1e0b835, dccce65b-8982-46e1-afcb-01db956e2cd6, cf8c8e86-b8b8-445e-ad36-384e74cc8b2f, 529a23e0-baa8-4824-9554-416ceba464ae, 0b5bd097-f8c9-457b-8de8-32ef82585a62, bd4e7054-4043-4acf-9a49-7d883152189d, fdab1161-53cc-433f-8c1f-636130bbaba1, ee4e3b80-caf5-4e83-a66a-01e38f2b8475, 9929eaae-7536-4dbb-a05d-8261c8df07e6, ff3e8c61-d72a-42bf-a84a-ecf5409468dd, 4c63d7cd-4902-4ffb-9b94-578b1b2151f0, fb8553ab-06f9-4271-91a0-db14875b61cf, 79fa537e-6643-4a83-8896-2e1ea3d18215, bdb06cb5-fff1-41d6-bf24-ed081d9317f2, 08a27175-61cb-4462-b0cf-4f9ec2d9d9f0, 5c0d8933-9cb3-48ab-8a66-8fa980f3cc78, 855d20b7-53f2-4678-a10f-55402d085018, 962d439b-3466-474b-ac97-1210d6c461d2, a03784f7-9505-47c3-bfee-6becc405ef0a, c041f6d7-df78-40ee-8832-6772a0db14bb","1656711155679, 1656763448329, 1656874991888, 1656942191107, 1657009563549, 1657018498681, 1657094190306, 1657216443800, 1657267087491, 1657278603322, 1657398256095, 1657578441672, 1657578644084, 1657709454638, 1657710399659, 1657716835248, 1657912488348, 1658061107728, 1658067215936, 1658068084900, 1658068436026, 1658235960719, 1658236234408, 1658253566037, 1658341745028, 1658437197857, 1658490876858, 1658491147431, 1658520634030, 1658585896507, 1658590774729, 1658623121661, 1658626034487, 1658793517132, 1658872415736, 1658875317974, 1658875637058, 1659008825951, 1659008898694, 1659113077751, 1659152436693, 1659390078777, 1659441945941, 1659543926192, 1659815580084, 1659815663599, 1659816046439, 1659915778373, 1659922809422, 1659957571077, 1659957838518, 1659982696968, 1660006044700, 1660006141529, 1660129029469, 1660171251545, 1660214387615, 1660250883825, 1660513699342, 1660527656408","27, 24, 7, 12, 58, 36, 33, 24, 34, 27, 1, 48, 132, 60, 52, 20, 92, 45, 76, 18, 57, 52, 7, 42, 70, 8, 71, 151, 3, 152, 38, 57, 11, 1, 152, 3, 0, 47, 54, 36, 20, 188, 38, 94, 23, 20, 22, 43, 19, 6, 182, 157, 83, 2, 61, 79, 8, 8, 9, 36","40423, 55932, 32443, 20244, 92349, 60000, 62956, 30000, 110000, 80584, 8563, 100000, 265642, 110000, 100427, 30000, 120000, 80000, 113633, 40000, 140000, 90000, 20000, 51015, 213950, 20000, 90000, 181614, 20000, 228036, 80000, 180000, 30000, 6864, 180275, 210805, 20000, 50970, 90517, 80000, 62670, 180000, 71068, 150000, 63525, 83365, 40000, 70000, 40522, 21396, 200000, 204260, 293767, 10000, 122725, 150000, 70000, 10000, 81261, 104313","45.41, 36.75, 41.34, 32.94, 30.2, 40.79, 58.96, 41.57, 46.17, 33.54, 27.52, 31.4, 84.09, 73.59, 84.4, 29.01, 39.71, 35.65, 38.27, 48.12, 29.08, 36.7, 25.07, 39.77, 69.44, 39.86, 55.2, 59.49, 15.21, 46.38, 56.54, 27.79, 26.37, 27.02, 63.39, 73.52, 34.65, 33.18, 61.39, 42.6, 31.57, 67.89, 48.21, 90.5, 37.05, 83.77, 44.93, 45.56, 38.7, 36.43, 59.73, 62.97, 62.85, 9.13, 67.96, 92.13, 24.04, 25.82, 38.43, 51.98","1, 1, 1, 1, 2, 1, 1, 1, 1, 2, 1, 1, 1, 1, 1, 1, 1, 1, 1, 1, 2, 1, 1, 1, 1, 1, 1, 1, 1, 1, 1, 2, 1, 1, 1, 1, 1, 1, 1, 1, 1, 1, 1, 1, 1, 1, 1, 1, 1, 1, 1, 1, 1, 1, 1, 1, 1, 1, 1, 1","1656711155679, 1656763448329, 1656874991888, 1656942191107, 1657009563549, 1657018498681, 1657094190306, 1657216443800, 1657267087491, 1657278603322, 1657398256095, 1657578441672, 1657578644084, 1657709454638, 1657710399659, 1657716835248, 1657912488348, 1658061107728, 1658067215936, 1658068084900, 1658068436026, 1658235960719, 1658236234408, 1658253566037, 1658341745028, 1658437197857, 1658490876858, 1658491147431, 1658520634030, 1658585896507, 1658590774729, 1658623121661, 1658626034487, 1658793517132, 1658872415736, 1658875317974, 1658875637058, 1659008825951, 1659008898694, 1659113077751, 1659152436693, 1659390078777, 1659441945941, 1659543926192, 1659815580084, 1659815663599, 1659816046439, 1659915778373, 1659922809422, 1659957571077, 1659957838518, 1659982696968, 1660006044700, 1660006141529, 1660129029469, 1660171251545, 1660214387615, 1660250883825, 1660513699342, 1660527656408"
0942ce0f3e588a3e2997dc985f7aa3794c1feeda2fae4893ebc05424ea39c0d5,Non-Logged,9,"6b52d92e-3c7c-4315-88fb-a0d7dec46305, 239430d1-9a03-4b7e-a928-2362102ab641, 5e0e0692-d30c-4fa2-8da8-3fd00a39290f, 8a3f0a89-4f0b-4370-90c8-905dc1047e4d, 9b6810b8-b229-4522-9a32-18faa2b2afa8, 4db03e9e-386e-494a-97a4-a56b570df2f0, cec08bf9-4f41-4cbf-88da-bd1643c99b21, 09092757-a6a5-49e6-b2b4-a59856c6ea81, e57df07a-7cea-47f2-92cc-14b6d085cd04","1658401905650, 1658402012501, 1658402078401, 1658945440439, 1659752130766, 1659890096802, 1660220105672, 1660220173482, 1660352491480","15, 22, 91, 4, 6, 75, 14, 66, 19","34898, 59089, 231927, 10000, 10981, 140000, 64975, 300000, 68598","24.62, 55.76, 87.66, 23.86, 39.04, 52.19, 49.31, 69.62, 41.8","1, 1, 1, 1, 1, 2, 1, 1, 1","1658401905650, 1658402012501, 1658402078401, 1658945440439, 1659752130766, 1659890096802, 1660220105672, 1660220173482, 1660352491480"
8e8857cd1fd190239027c2c3ccb8ece00ebd2d943026e54761d52dc3f1d2ebb8,Non-Logged,31,"bd726b7d-f863-4f74-a20c-28304e60d5b5, 51d9f32a-f33a-4edf-b935-0b2cb93f6882, f1ef8827-130a-4915-8690-3ad85e1ca80a, a26c15ec-5b4f-4328-a086-d1a955c26b22, 426e9777-7ad8-4b0f-98f4-48e8ee96ace5, 68bcd037-cf0e-4a5f-899b-79d97ce2827a, a20a12c4-27ad-4375-9041-50e798546894, 1efcaa9f-7acf-4212-b3cd-b18a4155803e, d8a01a9e-9ad8-4081-96a5-bb19b8e9bb0d, 9442c690-21b3-42bc-9e5a-f880de0fa0a8, 0a3e20b8-d24d-45ad-af43-37487741031d, 1f2b9c2f-a2d2-4192-b009-09065da8ec23, e48c17c7-953d-438b-8d73-505e51618d91, 35bcc2a0-6ce1-4166-9f6f-067a79748671, 00e7de24-edfe-44a9-8749-440ae0119af5, 8634c420-35d5-4d2d-af72-542ade25b3d7, d5f5e1da-c3c8-49ab-b0a6-e027f3d4d724, a06ca82c-2c64-48a9-9142-d062313e291a, 3b1f50d2-b3de-401a-9ada-d6bb18e2c414, 834f58b3-b6fb-478d-8f40-821f8715184f, b3410419-d387-4e10-91ad-4c8830b196a6, bc055232-aa0d-40c8-84b0-91b45237c590, 85173c40-3702-4785-9d32-b6e7e0913f62, d57eb581-2a59-40d8-a0c0-972d96276025, 6110a74b-265a-41b4-b40e-e9c94842006c, d226b580-1961-4c68-b928-f045ffaaebd5, 039f4a22-5834-47f3-8f4e-50bd39ed65a5, c9032b1b-2c9d-440f-8d82-e84b46118520, 3625e550-c8c9-4ba4-b653-235430421015, 89aae87e-4c3c-4cab-ae0b-90454cd91e6f, 239430d1-9a03-4b7e-a928-2362102ab641","1660222491065, 1660234833426, 1660237176564, 1660237243302, 1660237752252, 1660238574280, 1660239877537, 1660240700890, 1660240836326, 1660240910867, 1660240952728, 1660241074794, 1660243585537, 1660243601328, 1660248714790, 1660303083587, 1660303304163, 1660303416261, 1660308260629, 1660308359882, 1660308544008, 1660323664281, 1660324004043, 1660325724679, 1660325780158, 1660326945155, 1660330991218, 1660334531773, 1660390121364, 1660390201370, 1660390470959","0, 0, 0, 2, 1, 0, 0, 12, 1, 0, 0, 0, 0, 0, 0, 0, 0, 0, 9, 1, 0, 5, 0, 0, 0, 6, 1, 8, 0, 0, 0","98022, 57821, 16858, 54216, 6125, 41172, 50000, 125080, 53706, 32347, 13774, 11797, 5899, 184859, 148847, 50000, 61282, 37123, 85644, 77437, 31877, 75790, 23298, 12200, 14206, 30144, 96124, 83413, 59836, 110000, 20000","61.93, 31.0, 41.04, 26.28, 25.56, 36.18, 50.35, 63.34, 37.84, 12.42, 22.81, 41.24, 5.95, 53.17, 43.6, 51.78, 54.83, 55.16, 47.39, 60.12, 73.79, 47.72, 34.97, 26.7, 21.15, 43.57, 44.74, 34.96, 51.82, 53.8, 27.78","1, 1, 1, 1, 1, 1, 1, 1, 1, 1, 1, 1, 1, 1, 1, 1, 1, 1, 1, 1, 1, 1, 1, 1, 1, 1, 1, 1, 1, 1, 1","1660222491065, 1660234833426, 1660237176564, 1660237243302, 1660237752252, 1660238574280, 1660239877537, 1660240700890, 1660240836326, 1660240910867, 1660240952728, 1660241074794, 1660243585537, 1660243601328, 1660248714790, 1660303083587, 1660303304163, 1660303416261, 1660308260629, 1660308359882, 1660308544008, 1660323664281, 1660324004043, 1660325724679, 1660325780158, 1660326945155, 1660330991218, 1660334531773, 1660390121364, 1660390201370, 1660390470959"
7969bbb312c95a6ac54fcff977c2d8dca5870847bb20b945ed3bdf5ff0d4888a,Logged,43,"eb23272d-8e6c-479d-b972-eabeb5f6f3dd, 6d2b48fe-1ada-48c9-a508-73e19e83069d, 29b6b142-4173-4ec4-832f-7d0a32255c10, 1f32787b-de2b-49be-8c20-ddaeae34cc22, e1c41007-6658-4e86-ba0e-eac67a8bd0c2, 242a3ced-bcbe-4083-8099-eae08787ebbd, d1dd5104-048f-41ba-9a0c-a81a6a258415, 2b74fd54-b716-47a1-b766-60ecd1510f27, 3bd9f24b-cb02-4cc4-b6b7-da5c1389463d, 064b539b-a4cd-4781-b97f-9e9859ce15f7, e3d821f2-fa77-4121-925f-9200f8c9d780, 25d54fe7-248b-4e1d-89a1-20b36aba6159, c01872c5-243e-43ff-b744-3467c6b3f6ec, 5feb769f-e568-40b7-a39f-19a7972c9585, 5dff8fb2-73e6-4c22-a34f-c367aa2677df, f82aca8d-3fdb-433b-b245-980d9a040d77, ad983a90-1972-4374-8562-a28a4cd5792a, bf257382-74fb-4392-ad6a-143240e39f81, a69e446e-c903-4879-b92e-57daf2e610ce, 6b467c89-66df-4cc7-ba87-f0a6939c7282, 5a5e2555-ac88-4882-9dc2-e19bb392a448, 49090da0-4b17-4cf9-b9cf-a98ff9bf4fdb, 6628f6a2-c817-4aee-bd66-4b409ac46968, 51b38ce7-11f0-4dc0-8e21-6522b0587ec7, c40c2035-77ad-439b-847f-ad984d28d056, 8956c97a-6d85-4d4b-a6f7-6d42c6be97cc, e45e0153-9863-46d8-95c5-be504144e9d0, 82300f19-f8fe-49b2-b5b4-f1ac144a369e, 0305a46a-fe62-4666-9742-f5fe5db890ab, ec95fee5-039c-45a9-b121-482853ee2d4b, e93f13f3-466e-4a34-8cb3-09460b909d29, d0781b5a-ca3c-455e-86d3-36acd188d35c, 08fa440a-0d26-4405-b143-6960eefdd4c2, f6b5d170-48b9-4f8e-88d4-c84b6668f3bd, cf91aac8-5758-4c0f-a494-f5546ea409f2, 7f747187-72e4-4791-996b-4518742dc672, d2593c3d-2347-40d9-948c-b6065e8459a9, 6599040d-ef4d-4a3c-ab31-bf4e39f9b62f, d1b1b97c-0357-41b7-b4fa-f910a558a608, 3cd06f5f-a3bb-4589-a592-07a1c6121a99, 2c132949-db27-4d46-a967-223cabc919ba, 72e5a5af-c657-41c0-a859-d4fcc4b7b933, a93d9c56-f689-4b2f-ac87-fbc3774d357b","1656719600104, 1656964613546, 1656964689473, 1657142438590, 1657160629631, 1657348409560, 1657540790686, 1657880755527, 1658015491990, 1658319168326, 1658319236230, 1658600401771, 1658600463272, 1658654172913, 1658676290271, 1658969514319, 1659097938491, 1659098675563, 1659142403960, 1659185286473, 1659312265798, 1659322049879, 1659322123240, 1659584426046, 1659640396684, 1659698282615, 1659747045721, 1659789490823, 1659789720953, 1659800993443, 1659821566068, 1659821693729, 1659821907665, 1659914215657, 1659966188443, 1659975516302, 1660065617478, 1660094518711, 1660181603588, 1660185056594, 1660185134747, 1660318198221, 1660530564774","2, 3, 7, 17, 25, 3, 22, 4, 19, 10, 7, 15, 50, 0, 44, 42, 13, 45, 30, 34, 81, 20, 7, 62, 22, 45, 9, 40, 19, 40, 35, 55, 10, 3, 8, 12, 27, 39, 5, 25, 56, 14, 4","10000, 20000, 30000, 50134, 50000, 14782, 90694, 30000, 42387, 70280, 43969, 42560, 118996, 10000, 195466, 169634, 53887, 187660, 84384, 173716, 252825, 56667, 9483, 142774, 70000, 154217, 17535, 208875, 80024, 49334, 122937, 192735, 31717, 10000, 30000, 10002, 210000, 127431, 19771, 70708, 196664, 59160, 18124","25.6, 15.7, 39.6, 33.77, 31.19, 25.79, 62.06, 30.23, 38.71, 34.24, 36.57, 44.46, 71.36, 7.84, 44.75, 62.44, 31.07, 60.71, 38.31, 54.39, 100.0, 36.51, 28.01, 51.43, 44.1, 31.07, 31.51, 52.99, 44.69, 75.87, 80.86, 68.22, 34.29, 14.23, 38.37, 35.94, 59.64, 44.4, 25.31, 42.43, 69.01, 43.17, 29.87","1, 1, 1, 1, 1, 1, 1, 1, 1, 2, 1, 1, 1, 1, 1, 1, 1, 1, 1, 1, 1, 1, 1, 1, 1, 2, 1, 1, 1, 1, 1, 1, 1, 1, 1, 1, 1, 1, 1, 1, 1, 1, 1","1656719600104, 1656964613546, 1656964689473, 1657142438590, 1657160629631, 1657348409560, 1657540790686, 1657880755527, 1658015491990, 1658319168326, 1658319236230, 1658600401771, 1658600463272, 1658654172913, 1658676290271, 1658969514319, 1659097938491, 1659098675563, 1659142403960, 1659185286473, 1659312265798, 1659322049879, 1659322123240, 1659584426046, 1659640396684, 1659698282615, 1659747045721, 1659789490823, 1659789720953, 1659800993443, 1659821566068, 1659821693729, 1659821907665, 1659914215657, 1659966188443, 1659975516302, 1660065617478, 1660094518711, 1660181603588, 1660185056594, 1660185134747, 1660318198221, 1660530564774"
fe79d1ef5c1c7a6d10e89d1d99d5dc69ea43c6a43a9f6820133668803418736d,Logged,95,"c997f3ea-3a38-49d4-bacb-6dbdf415bd74, 53798cca-fb53-47d3-985b-b081b0f6c7f6, 83ebda93-e1cf-422d-ae6b-18298c55ed8e, 84c0e52b-29aa-4c8e-8836-977b72fae69a, 1f2b9c2f-a2d2-4192-b009-09065da8ec23, 0603c536-7208-44d2-9f13-8e88793dfe62, 38e587ad-1ccd-41e7-9925-c863da80e7f4, 4c970fa3-59f7-482a-89a3-4a9dd4c13aaa, bdb23656-ea28-4b2d-a52a-c0cb8db17afe, dbd3e365-5ac9-456a-83f4-b177e57fdfab, 1d83d47f-e287-4538-aed4-e9524a09d5d4, 7db74917-f69e-4d12-9d2e-c2bfc28291b4, cb97062b-a3d9-4e1f-b60e-dec6c008aa76, 11f2b953-a0e1-4acc-aeac-c2d769ac9c02, 1a81a356-4803-40d4-a79a-e55865f5b0c8, 44db03fa-78a8-4296-b8c6-f6aba1c995a9, 5d5fe895-a100-4686-9753-407d3054aaaa, e6267536-711d-45cb-827b-7f9293daa299, 00a1f388-9002-4bf0-b744-6c2bf096ee55, 08aac798-5702-4dc8-8be1-f6823617a6dc, 3d11402f-1457-4a3e-b9fd-f6867ffb1676, cc9372b1-cbaa-48b8-b1ab-d5ae16587c3e, 51219799-daab-48b2-b700-3a61833b3ea8, 53b48c72-d26d-4978-bfad-a909c41caf70, 839c92c6-0d25-4054-9d24-132c008d6b8b, 7737756d-9c31-4e57-8709-917ec7d60904, f8d20c00-6149-4500-8f77-dd6ba0d1c245, e2a81417-e811-46a4-b26e-f77c1c836046, 2463b085-fab1-4d06-b557-614e28ba71fc, 270dc24c-7c6d-4536-b7a3-9fbcd383867c, d57cd3fc-5185-4b29-8a85-c2f04bf6921c, d2705701-d897-4048-992c-384542c33812, 7a349b09-badc-40a9-a194-83d959aeb50c, 75432862-84da-430f-bdb2-ece65dfb0679, 1c27cf97-b20c-4e40-b1f1-288b721517b3, 7854f1cf-baef-47b2-a372-b2c83987bbe4, e57df07a-7cea-47f2-92cc-14b6d085cd04, 9659f9a7-c6b6-4772-9b59-7c085d3051de, 5ff06450-cfa0-4e6f-ba87-ca6f412c9b44, 4f356d82-893b-4a2e-b1d2-275eaf49401d, 0afb7e89-ae34-4985-91ff-2125e590447f, d644e5d1-7d09-4661-8036-89cd5418c30b, 9c774053-1d2b-4c81-9306-610791b60d3c, e8996ce4-d34d-4b62-ba8a-f278839c316f, f271111b-bf67-4239-8f1c-fe59ea7fbff3, ad42c4b0-dfb5-49fb-87bf-7b5d055b6e8e, 100ff71c-da18-4182-9672-369324a71bb5, 8a09ec43-b128-482d-91ea-55e65d7bf8b7, 533b3efd-b7d4-418e-92a9-0a1d88440963, ca5aabee-b2c8-4a69-84b5-32507dc8b5b6, bcddcd5d-396c-44c2-a2ce-9ab6acf0314c, e996de8d-b5d7-4824-9e44-35997faf4e2f, 16500674-1446-47d1-9d76-3a24f8b71354, e384ec29-136e-4241-9321-49b367b8cbd5, 1d76c297-c8f2-456c-b73e-589ddc7312d1, ed910003-a97d-4f4e-b43e-a32636c73103, 8161c3ac-430e-4f5c-8df1-f4e3776128fd, 9fc931b9-57a7-4dfc-81f8-d7dbd261e006, 09131b7e-f907-423c-93e0-5ef8913d8c7f, ef24a6ec-e384-4c12-99ac-d50b80730e9a, e22473a3-7a8a-46cb-8c86-1bda7a5c70de, 03243e55-c5e6-4ab4-9955-572bd83874f2, 5c37a504-0ed8-49c1-a6a9-d237d90664e3, 1ec59381-d383-4960-b0c7-cd3fa2340b83, f8c672fa-c364-4775-8752-6880225c9156, bcbf252c-7d12-4756-bfb6-b507591117b5, cb324527-6a66-491d-b53c-6a6d7ece566f, c407cdec-cf95-480c-a0f6-9a34ae66cf54, ae6ab95e-0c43-4be4-8748-3eef5711fd10, 15782a4e-ba0b-49b6-8caf-e47864a092f0, db69a604-023a-4c28-a53f-faa7afeb6652, 35f21c77-9420-4a10-8bfb-112eaf660887, 597a84ef-b56f-46f0-bf58-5a80ebd77299, a7fd5256-6d4e-4b51-801b-5620296c5c31, 542cbae0-40d6-49bb-b7cb-c869ea3192bc, 399c1321-5d2b-494e-9025-2ba2b8b56117, 54cb252a-78b5-463d-b31f-f54f63d85a29, 7c076eda-5b41-4b0f-815f-0f6400148b0c, bf44b8ea-c737-4eec-a51b-01006202f303, 61e07f64-cddf-46f2-b50c-ea0a39c22050, da42bebf-eb62-41e2-b325-26f2037900bc, 44c1c60f-ae33-4350-a362-21fa3b26fb2c, 5acaac71-a0c9-4d6f-897d-308409a37f01, 5ef8124d-495e-4de3-af19-48c14b92dbd4, e3cb54e2-6dcb-4e46-8e02-7e5b2c70d6e7, bf1cf394-04fd-44cc-ba6a-148fb6dcb1a8, d1b41903-d049-40f5-898e-80c2e82638bb, 855d20b7-53f2-4678-a10f-55402d085018, db8d3381-6ad9-4cf6-b1e0-bac92b14b202, 2b16db9f-a924-48eb-b06d-eefc97c4bf68, ac3032ba-f271-4f17-9a52-3b26f97389cb, 7d01df5c-b2e5-4677-a5b6-0a80405744f2, 4e783bfa-c323-4274-92b6-374e82720baf, c041f6d7-df78-40ee-8832-6772a0db14bb, f3e13e3e-fc3e-44a7-a17a-1a8aca25fe66","1656681565813, 1656712879530, 1656712985746, 1656713033318, 1656802443555, 1656902695207, 1656905605184, 1656941402666, 1656982773603, 1656982933060, 1656994287349, 1657120942540, 1657199204035, 1657199500248, 1657255879044, 1657286812999, 1657286958051, 1657500855042, 1657550823447, 1657552217762, 1657573477210, 1657573859675, 1657624122556, 1657624127826, 1657624143297, 1657636515700, 1657641495056, 1657641607114, 1657642011279, 1657642143032, 1657642213166, 1657674641909, 1657728173483, 1657728750896, 1657733962273, 1657734043293, 1657745359812, 1657811660052, 1657835969142, 1657836038913, 1657837576356, 1657891916202, 1658026401792, 1658074648501, 1658158003415, 1658172257940, 1658188530478, 1658246771354, 1658252335031, 1658252741193, 1658255861171, 1658260334152, 1658260504218, 1658260602586, 1658262504780, 1658291279585, 1658291328873, 1658350892762, 1658410392077, 1658615905036, 1658781344434, 1658788781102, 1658845067015, 1658845506612, 1658858217454, 1658858354223, 1659380306768, 1659527935063, 1659911345163, 1659981373470, 1659994439586, 1659994474731, 1659996287185, 1660001628706, 1660065335568, 1660147426637, 1660147427919, 1660162491843, 1660162497367, 1660167125627, 1660167179646, 1660180143562, 1660180165916, 1660180253740, 1660240554149, 1660240598550, 1660256584138, 1660256603074, 1660256607683, 1660258935838, 1660315977109, 1660325289281, 1660327677279, 1660329138127, 1660418300836","6, 0, 0, 0, 0, 0, 0, 0, 1, 0, 0, 0, 0, 0, 35, 4, 10, 0, 0, 0, 0, 0, 0, 0, 0, 0, 1, 0, 0, 0, 0, 17, 0, 0, 0, 1, 0, 0, 0, 0, 1, 20, 0, 0, 0, 0, 0, 0, 0, 0, 2, 0, 0, 0, 0, 0, 0, 0, 0, 20, 0, 0, 1, 0, 0, 4, 2, 15, 3, 4, 0, 0, 17, 0, 0, 0, 0, 0, 0, 0, 0, 0, 0, 0, 0, 0, 0, 0, 0, 0, 0, 0, 0, 0, 30","33161, 95685, 40072, 24195, 10000, 56636, 130000, 10004, 30000, 60533, 53127, 29516, 110000, 280000, 118027, 14691, 56851, 61712, 180433, 90000, 31504, 33243, 40000, 44184, 51255, 31245, 50000, 20000, 50000, 28756, 30000, 41480, 80000, 78705, 74946, 21077, 76033, 52492, 40153, 52422, 90000, 136493, 10009, 64207, 7207, 10000, 36707, 22009, 9288, 40008, 30000, 30000, 30000, 6245, 10000, 36157, 16497, 21554, 24842, 93357, 60000, 110958, 197307, 63767, 18950, 310639, 10015, 100000, 10155, 10000, 34173, 24045, 82370, 50000, 140064, 32011, 42089, 50000, 30536, 10663, 57039, 11374, 11991, 54766, 10000, 17369, 86438, 32372, 42129, 62637, 42406, 48579, 30000, 124253, 175398","32.65, 60.98, 41.32, 44.57, 6.93, 8.45, 24.53, 14.94, 24.58, 29.34, 21.18, 29.28, 59.14, 68.86, 65.58, 15.04, 32.39, 8.69, 48.21, 59.28, 10.07, 36.35, 8.49, 9.95, 9.23, 31.21, 9.11, 6.58, 57.16, 37.31, 11.6, 48.22, 39.2, 55.4, 51.62, 43.28, 52.72, 40.98, 51.24, 50.86, 35.85, 53.46, 33.28, 10.55, 19.26, 8.8, 24.16, 19.22, 8.51, 28.7, 14.33, 9.26, 20.92, 5.89, 8.99, 39.27, 28.26, 45.23, 27.83, 66.89, 44.9, 9.68, 66.93, 8.91, 28.05, 23.36, 23.01, 48.06, 6.2, 5.56, 15.22, 12.12, 57.65, 16.27, 5.77, 13.11, 13.84, 10.89, 11.37, 23.12, 43.85, 17.9, 13.33, 61.78, 4.95, 21.09, 15.07, 8.75, 7.75, 49.3, 19.41, 9.29, 27.71, 63.33, 51.02","1, 1, 1, 1, 1, 2, 2, 1, 1, 1, 1, 1, 1, 1, 1, 1, 1, 2, 4, 1, 2, 1, 1, 1, 1, 1, 1, 1, 1, 1, 2, 1, 1, 1, 1, 1, 1, 1, 1, 1, 1, 1, 1, 2, 1, 1, 2, 1, 1, 1, 1, 1, 1, 1, 1, 1, 1, 1, 1, 1, 1, 3, 1, 2, 1, 7, 1, 1, 1, 1, 1, 1, 1, 1, 3, 1, 1, 1, 1, 1, 1, 1, 1, 1, 1, 1, 2, 1, 1, 1, 1, 1, 1, 1, 1","1656681565813, 1656712879530, 1656712985746, 1656713033318, 1656802443555, 1656902695207, 1656905605184, 1656941402666, 1656982773603, 1656982933060, 1656994287349, 1657120942540, 1657199204035, 1657199500248, 1657255879044, 1657286812999, 1657286958051, 1657500855042, 1657550823447, 1657552217762, 1657573477210, 1657573859675, 1657624122556, 1657624127826, 1657624143297, 1657636515700, 1657641495056, 1657641607114, 1657642011279, 1657642143032, 1657642213166, 1657674641909, 1657728173483, 1657728750896, 1657733962273, 1657734043293, 1657745359812, 1657811660052, 1657835969142, 1657836038913, 1657837576356, 1657891916202, 1658026401792, 1658074648501, 1658158003415, 1658172257940, 1658188530478, 1658246771354, 1658252335031, 1658252741193, 1658255861171, 1658260334152, 1658260504218, 1658260602586, 1658262504780, 1658291279585, 1658291328873, 1658350892762, 1658410392077, 1658615905036, 1658781344434, 1658788781102, 1658845067015, 1658845506612, 1658858217454, 1658858354223, 1659380306768, 1659527935063, 1659911345163, 1659981373470, 1659994439586, 1659994474731, 1659996287185, 1660001628706, 1660065335568, 1660147426637, 1660147427919, 1660162491843, 1660162497367, 1660167125627, 1660167179646, 1660180143562, 1660180165916, 1660180253740, 1660240554149, 1660240598550, 1660256584138, 1660256603074, 1660256607683, 1660258935838, 1660315977109, 1660325289281, 1660327677279, 1660329138127, 1660418300836"
1b552a8d87b3170283834a8c44f02a73e615979eaa4d15dff06c7d80891b825f,Non-Logged,15,"51219799-daab-48b2-b700-3a61833b3ea8, 3bd9f24b-cb02-4cc4-b6b7-da5c1389463d, 9166e56a-8d67-4db3-a57d-e48b567e9764, c31953bb-c126-47ad-9112-d82f8776db2e, c9e2ac55-4e0f-4317-b314-65cca48253a3, ecc37a22-b730-4e3a-bc87-c3ba3403acbc, d32a6b73-ae6c-4d43-a876-5a0dc5d4da9e, 8003f303-f544-4ee4-8842-b9bd172da1e8, b4b66001-9bdc-4155-9dcd-2dc24d5eadaf, 224ac679-9143-4e31-8465-4ee3c6e559af, b5d8e494-7ba8-4415-9f40-62514c3de9d8, d2593c3d-2347-40d9-948c-b6065e8459a9, 82d5ad79-433e-42af-b8d7-9d56ab3a9033, a8717344-673c-4b95-8a48-33912ee2de06, cde85c79-1f96-4f3e-a3eb-a277abc0e9d4","1656987349545, 1656991908491, 1657559564852, 1657559579256, 1659030424119, 1659030454130, 1659224145231, 1659224216256, 1659480226596, 1659915953578, 1659916034472, 1659978269811, 1659978330825, 1659978335166, 1659994978590","2, 0, 0, 0, 1, 0, 1, 0, 1, 3, 0, 1, 0, 0, 0","30000, 18170, 36213, 138475, 58252, 28079, 196138, 19857, 120941, 75023, 35530, 201682, 70706, 10000, 40000","64.36, 50.54, 36.81, 42.86, 21.44, 13.71, 63.75, 39.06, 50.16, 65.31, 21.67, 72.49, 61.34, 5.48, 52.62","1, 1, 1, 1, 1, 1, 1, 2, 1, 1, 1, 1, 1, 1, 1","1656987349545, 1656991908491, 1657559564852, 1657559579256, 1659030424119, 1659030454130, 1659224145231, 1659224216256, 1659480226596, 1659915953578, 1659916034472, 1659978269811, 1659978330825, 1659978335166, 1659994978590"
89eba8e3845753d55ed74a011e340b0fc6843dfb41c69a91a5f40a3c3733d1e0,Logged,7,"6c92672d-9c82-4fb1-b07f-c701a90e2fd2, 696c06e7-a338-4cf5-b9c3-ea8b9e775a94, e93f13f3-466e-4a34-8cb3-09460b909d29, 9045d53b-7ea8-4e0c-8516-8c1714be89a0, 54f6bbce-e5fa-489b-ad5c-22c16cfba652, 0ba4a9cc-d988-4bb9-b416-64a9ff884ad3, 82803ac2-8f68-43c0-b620-752395f6c869","1656786705943, 1656882849217, 1656882958888, 1656898736483, 1658602145318, 1658844475771, 1659877341012","2, 1, 0, 0, 0, 6, 0","191154, 140437, 20000, 40000, 160000, 260000, 13841","31.78, 37.38, 9.61, 11.8, 17.59, 53.61, 21.85","2, 2, 1, 2, 3, 8, 1","1656786705943, 1656882849217, 1656882958888, 1656898736483, 1658602145318, 1658844475771, 1659877341012"
2a18bf9e7f1d27590c2adb0929bd6d2bc0505e1fb0dc1d3a8e9565dfd09a42ee,Logged,5,"5dcf6cce-de03-4aec-8050-1dde78f9046e, 5c3b34c4-bc1b-4e43-b392-a70753cee9c6, 1f2f3276-d8ed-493d-a23e-009585a39013, e1265251-664b-424c-96e9-bd4273df57bd, 9624511b-4196-46c9-ac46-198317dd5324","1657027045883, 1657027283386, 1657027310147, 1659611630463, 1659788869394","1, 5, 0, 1, 1","229861, 126577, 26403, 140000, 51132","68.11, 69.01, 69.8, 52.95, 73.12","1, 1, 1, 2, 1","1657027045883, 1657027283386, 1657027310147, 1659611630463, 1659788869394"
119ad144080608817d6506d92a0d025fca0dc7b5c5fd36aac32f94bd8f16e3cb,Logged,4,"c64c0aa5-37f1-4da2-9e10-bbae843f7d7c, 8e943a78-515c-4938-a6ee-b67051f1ca8b, 4e2281de-bab1-4f06-b3e9-8263d0ab2b0b, 35a246f9-b729-4a00-85bd-5ce20c5e6c5a","1658934844819, 1658936011319, 1659958613920, 1660150476229","1, 0, 0, 0","47009, 56235, 10000, 301233","49.55, 44.68, 6.81, 82.1","2, 1, 1, 1","1658934844819, 1658936011319, 1659958613920, 1660150476229"
d0236985a3fc5c532feac4fb8992d039ec90c48db08e061fb72226dd4497c118,Non-Logged,6,"ae6ab95e-0c43-4be4-8748-3eef5711fd10, e8ee236a-ab4c-466a-97dc-0811aea169c2, 0819b74d-b28a-4702-90a2-9d205dd9fc5e, 6f344c45-e731-41b4-8c65-9967ebc03096, 66d6c3ba-75b2-4728-a883-a24bfff04fc3, 51e85126-8568-44d9-9a31-a264203366c5","1657118752283, 1657407307533, 1657407545195, 1657636415003, 1657636909459, 1657642107988","1, 3, 0, 0, 0, 4","72765, 326009, 71440, 101315, 153381, 644204","45.7, 94.32, 52.81, 33.73, 34.93, 51.23","1, 2, 1, 1, 1, 2","1657118752283, 1657407307533, 1657407545195, 1657636415003, 1657636909459, 1657642107988"
9e32ade7fcea403f251ac7fc26d2c2f1fc7fa977e28dfab9b561433e7a773460,Non-Logged,34,"014940d2-8af6-417e-8813-33eb6835d788, c42b91e5-1946-4803-80fa-c3c79f61f6cc, 0b8f3728-4ef7-40e7-85ac-367d8039bb6d, 1f32787b-de2b-49be-8c20-ddaeae34cc22, c6af277b-d658-493c-9d7e-342e5d6759c4, 2f20a111-2707-4318-a3c4-ed7936f9d096, a2e8c98e-99f3-4eb4-8506-53e2b0229d32, 50028008-aa11-4519-9d75-452c84dd27fb, 0e4e09a8-7a88-4758-a3f2-d0dce43df4c1, f4ac3eb5-e145-4685-b9e9-b61f3551aa58, 96d328b9-5da7-4389-a9ac-765e98971ab7, 151bbffd-e13c-4700-b10f-442275071083, 33b8607c-f4aa-4379-a18d-f7dddd2dd52e, 4e9c2825-ff13-41ca-8e91-edd848060d19, c88cebc3-e150-4efc-993b-76cda07dc6ef, 8c246d2b-81bd-4c1f-b563-2c905675f984, 66a9efac-fd43-4fd1-9824-c404b08efa5d, 30a03e2f-327f-42b2-babf-fbc8e9a208fd, 9d598d19-d6be-4c7e-a963-b8fedfa8f24f, 62c033c2-103d-4c76-8dbf-19c1cc869ddf, ebfd107c-fab9-43b8-8676-cb071f80f00d, 120e052c-3bad-4a11-9586-fd2fe746b3a4, 2c4c9854-9ef7-434d-968e-8603b2e22293, e8c2b4c1-7a78-417d-b531-43a0ed130334, d8ab72b2-7618-48b6-839f-e80cecbba5ff, 696c06e7-a338-4cf5-b9c3-ea8b9e775a94, 93fcc4fd-1b25-416a-b683-713744c5c726, ec7dbae8-2ef3-4fa0-8b70-22b425f09f5f, 141814bf-48d5-492e-9605-bed1b400d346, 13f2cc37-f575-44d5-b33f-045d0b0a912b, 58c69cde-570a-4558-bca6-987480110522, 08fa440a-0d26-4405-b143-6960eefdd4c2, d303158c-8b2c-45de-ad18-2fdf67d06397, f6b5d170-48b9-4f8e-88d4-c84b6668f3bd","1658316976674, 1658316982285, 1658316986677, 1658409387977, 1658490470183, 1658501721321, 1658863042803, 1658863125530, 1658863360548, 1658923498944, 1658923520504, 1658923560398, 1658923843106, 1658923961743, 1659100325074, 1659114817926, 1659114892792, 1659358736416, 1659457825506, 1659458337974, 1659458418438, 1659458689952, 1659542518627, 1659542520423, 1659634913513, 1659975456286, 1659982805957, 1659982818415, 1659982903528, 1660068365958, 1660143621517, 1660143623444, 1660143630390, 1660309814910","3, 2, 1, 0, 4, 0, 0, 1, 0, 1, 1, 1, 0, 0, 1, 1, 0, 1, 1, 5, 1, 0, 2, 1, 0, 0, 0, 0, 0, 1, 1, 0, 0, 1","72494, 181270, 113465, 155991, 800000, 116501, 100000, 28898, 28765, 100000, 70512, 82996, 105686, 117905, 270000, 382879, 10000, 130000, 300000, 79748, 268121, 59386, 148824, 134272, 236711, 35865, 40000, 131283, 236206, 113912, 292907, 24614, 19386, 60000","33.51, 81.87, 55.54, 56.8, 83.68, 52.98, 79.34, 32.41, 43.49, 40.01, 51.48, 45.52, 38.24, 74.02, 70.27, 87.22, 4.09, 69.99, 83.6, 77.14, 86.57, 59.05, 63.22, 62.83, 86.67, 20.78, 27.84, 42.29, 74.12, 53.93, 73.53, 44.85, 63.94, 34.47","1, 1, 1, 1, 1, 1, 1, 1, 1, 1, 1, 1, 1, 1, 1, 1, 1, 1, 1, 1, 1, 1, 1, 1, 1, 1, 1, 1, 1, 1, 1, 1, 1, 1","1658316976674, 1658316982285, 1658316986677, 1658409387977, 1658490470183, 1658501721321, 1658863042803, 1658863125530, 1658863360548, 1658923498944, 1658923520504, 1658923560398, 1658923843106, 1658923961743, 1659100325074, 1659114817926, 1659114892792, 1659358736416, 1659457825506, 1659458337974, 1659458418438, 1659458689952, 1659542518627, 1659542520423, 1659634913513, 1659975456286, 1659982805957, 1659982818415, 1659982903528, 1660068365958, 1660143621517, 1660143623444, 1660143630390, 1660309814910"
1a7944634c0bda571b1b21e63c38b29628ef95468cbcbdb0360a170d4478efba,Non-Logged,3,"229b0c82-3957-4d9b-8b61-2da7f4518b56, 9eb42e23-6f0c-489d-849a-694eda70ee23, 42da358c-255d-4dd2-a266-eef0c0e78742","1658263958271, 1658512953531, 1658513215193","85, 96, 85","81976, 228650, 204342","33.55, 60.01, 48.44","1, 1, 2","1658263958271, 1658512953531, 1658513215193"
3c8df823588004df2c82d01ebb120e94defefdb16426014cde3c427fc5280d03,Logged,43,"18651e8e-4eca-4944-870c-c7351900f053, bacab81b-4dd0-4047-8d51-a9cb03a8e18e, cdcf9e9c-e109-4948-b85c-ea0348896569, 81f0acfd-d9c4-4acd-9a2c-488c50f9cbdc, 949a81ac-5df1-4e7b-9f4e-e364b5603e68, 84499d70-ac24-48b1-9a05-fa35cd781fc5, 11a66bfd-1543-4b4a-9305-0035d280dc6a, 6c04dc83-e523-4a23-9329-5499a899392c, e93f13f3-466e-4a34-8cb3-09460b909d29, a6ab18ec-e32f-474b-964b-987309c61581, e67c8cdf-3c55-4399-a864-3c1591225296, 8fa24bfd-629a-48a7-b2f7-c1ef9411689a, 6a64daa7-32ec-4d35-a7ec-f3df800f6d5e, 1c0e5e89-9735-4adc-a17e-6c847008092a, 7ccdee1e-c91a-4c93-8bca-d671cab1ee1c, dd697b83-1f8b-4811-a789-c61a2008c673, 1372c870-37d5-477f-bab0-7b23a9de8074, 46726d44-b83a-4f34-bb8b-738f4205af48, be219af9-1f72-4ce5-8e4d-d60c7eae18cd, d3f1ee4d-fc50-4e1f-af67-99bbbd2e9555, e6e1c46a-ab7f-4946-8d46-074e9575741c, 5f2f1833-d203-486a-ac56-665fc3767018, 8864af44-c4a2-4862-82de-be58579ac4f3, 7f747187-72e4-4791-996b-4518742dc672, 224d8516-f349-4d8a-9e73-e3ca1c47a992, 81f34bcc-f1f5-4bf8-9d44-2d83d87de8f0, b3984824-9eea-4ad9-ae37-b07782ecc313, 58075d9c-16c9-401d-b1a5-fa53684f127b, 7c72c90c-17de-4dcb-b83b-2e724d1f830a, 649e4aa5-f7e4-452b-bc4c-9a8e7cca88e0, e06765a8-fc9e-4150-97cd-00fac0c4f192, 27625dab-0353-4ea8-b88c-b945c9e782dc, 31f2e9aa-a9c8-4bce-bd37-5e8cb1f7821a, f122809a-5097-4ff1-a4c7-760b528acedf, e2cd1c23-e372-4525-8b2b-b6886428f444, b48b67f7-8842-4c3b-8c50-21de81e7c7cd, 4c63d7cd-4902-4ffb-9b94-578b1b2151f0, 61e07f64-cddf-46f2-b50c-ea0a39c22050, b7e453a4-f138-4699-8600-33f9d1534a7e, 362d282e-5d9d-4691-86a6-21bcac0703d7, 8e0884e2-50ba-44c0-87b9-d64d913288af, 77738f08-ac6c-40df-8c69-fccfad96dc91, 97ac6c4c-5b3d-4e36-9816-0791226573e5","1656678142672, 1656755610051, 1656896010322, 1656970310713, 1657247326646, 1657278460755, 1657278777657, 1657278912009, 1657308905804, 1657554004076, 1657570346578, 1657583071249, 1657625207743, 1657625391027, 1657759296437, 1657764782084, 1657803665168, 1657816705712, 1657848549911, 1657848819518, 1657899474708, 1657924758130, 1657935165648, 1657935634621, 1658052649801, 1658112011689, 1658113064031, 1658163537042, 1658170861755, 1658309377491, 1658309570220, 1658333010590, 1658451971479, 1658469142425, 1658595461890, 1658654642863, 1658663246848, 1658674901092, 1658882227055, 1658967404100, 1659173540705, 1659173939222, 1659806789027","0, 0, 1, 2, 0, 36, 1, 7, 5, 0, 3, 0, 5, 3, 0, 0, 0, 10, 25, 8, 0, 4, 0, 0, 38, 2, 0, 10, 1, 6, 8, 1, 12, 19, 16, 7, 6, 0, 13, 8, 3, 1, 0","20000, 10000, 10966, 11908, 100212, 160000, 10000, 54836, 34922, 10000, 30000, 43739, 20428, 10447, 88720, 8037, 101668, 34133, 77958, 30000, 10000, 115918, 20000, 13842, 258826, 21744, 40000, 37569, 10725, 42272, 44702, 11687, 43143, 70000, 81589, 25187, 20000, 10000, 70000, 60000, 42652, 69747, 10000","7.87, 25.87, 20.23, 27.15, 66.65, 61.55, 30.34, 30.2, 31.61, 10.91, 42.65, 39.23, 32.29, 32.49, 54.54, 20.23, 52.23, 37.43, 60.02, 33.88, 10.13, 46.57, 15.71, 53.0, 73.03, 60.43, 20.0, 36.7, 18.65, 51.88, 42.44, 28.68, 29.12, 51.69, 42.91, 40.97, 36.89, 9.99, 43.17, 70.07, 48.94, 35.03, 9.02","2, 1, 1, 1, 1, 1, 1, 1, 1, 1, 1, 1, 1, 1, 1, 1, 1, 1, 1, 1, 1, 2, 1, 1, 1, 1, 1, 1, 1, 1, 1, 1, 2, 1, 2, 1, 1, 1, 1, 1, 1, 1, 1","1656678142672, 1656755610051, 1656896010322, 1656970310713, 1657247326646, 1657278460755, 1657278777657, 1657278912009, 1657308905804, 1657554004076, 1657570346578, 1657583071249, 1657625207743, 1657625391027, 1657759296437, 1657764782084, 1657803665168, 1657816705712, 1657848549911, 1657848819518, 1657899474708, 1657924758130, 1657935165648, 1657935634621, 1658052649801, 1658112011689, 1658113064031, 1658163537042, 1658170861755, 1658309377491, 1658309570220, 1658333010590, 1658451971479, 1658469142425, 1658595461890, 1658654642863, 1658663246848, 1658674901092, 1658882227055, 1658967404100, 1659173540705, 1659173939222, 1659806789027"
5815c20e6774f204e9914eb5a6b547b13e1b64fca284dc2e989dc02370a84dfa,Logged,20,"453c0420-b5aa-4963-91a8-a19fa697099f, cc6a2b6e-8d86-4b7c-b68d-01d1bc7be1cc, 270d9df8-9c03-4c3b-ba7b-0dda3c1b0406, 4135aab0-6ebd-44bf-831e-1f4e064e8ace, 52439a71-0624-445c-b93d-aa313c553901, 3f164636-9f3b-4c37-b2c4-3a409f77cf36, e9e87f9e-913e-41cf-b5b7-316675841a1b, 61221611-50de-4bfb-9313-3cbce92bac4d, 3efaf9f1-f25e-4ad6-a94a-528c8082960a, 3e54b313-2fde-4180-9948-74e889dd9430, fbef806f-d1b7-40a9-b157-5543695c5e1d, 0fc5b34a-ffad-4616-9bd3-591c1fd4ebf8, d779784f-fac0-4fe3-a820-176b3b643f64, 4aab43dc-7095-4bc3-a28a-9cdcd537f554, 039fbe31-4556-4253-8b71-f00e6e7954d9, c9966999-154d-4dfd-8dac-4a3b45513a31, 06b84824-b1ed-4e52-a369-38685483272a, 070b6b85-3c43-42b0-a794-c79d6f0b30de, 63729e2d-7e5d-4540-b4da-e662f22d73fe, e36a5894-0d0c-412b-9fff-2025795a8c38","1657017449640, 1657023080585, 1657215853791, 1657368360462, 1657535175007, 1657628273905, 1657798135883, 1657828620327, 1657829640369, 1658251768766, 1658748196259, 1659094484195, 1659174613927, 1659184722272, 1659359781764, 1660062932441, 1660130811156, 1660140786157, 1660160372063, 1660217177600","0, 2, 2, 9, 6, 1, 0, 3, 4, 0, 1, 23, 3, 0, 0, 1, 4, 5, 0, 6","10000, 10000, 12980, 30000, 50000, 20000, 10000, 10000, 11073, 10000, 30000, 20000, 9045, 20000, 10000, 51080, 20000, 80000, 10000, 40000","14.18, 11.76, 19.58, 49.27, 32.71, 11.2, 11.08, 25.9, 21.17, 16.73, 4.61, 23.44, 17.11, 14.4, 20.38, 50.05, 21.61, 33.14, 19.92, 13.57","1, 1, 1, 1, 1, 1, 1, 1, 1, 1, 1, 1, 1, 1, 1, 1, 1, 2, 1, 2","1657017449640, 1657023080585, 1657215853791, 1657368360462, 1657535175007, 1657628273905, 1657798135883, 1657828620327, 1657829640369, 1658251768766, 1658748196259, 1659094484195, 1659174613927, 1659184722272, 1659359781764, 1660062932441, 1660130811156, 1660140786157, 1660160372063, 1660217177600"
5ccf364b8057ba1e83d0218b04bee667bdf2f3359336a877efd9c8f1cd92c299,Non-Logged,48,"9442c690-21b3-42bc-9e5a-f880de0fa0a8, 426e9777-7ad8-4b0f-98f4-48e8ee96ace5, 1f2b9c2f-a2d2-4192-b009-09065da8ec23, 7caf0079-a39e-4f7d-9d5b-7f8d8a625f2f, d173164f-dcfc-4e32-8006-64ab44a57c66, 51fc4d9e-cb8b-4736-889c-211061e29c75, ad2c51f7-26ff-4f7e-98c8-32462c62874e, c6af277b-d658-493c-9d7e-342e5d6759c4, 6e5ae05a-ccc9-4384-85b8-9fa1d871ba1b, dc63091e-153b-42a9-a2ed-0bdfddc5816b, df5d45f4-5d75-4f49-90ea-c71e6e56ded8, dd51da73-e948-4f9d-857a-123712fe67d7, 62c75a44-c053-4f1f-8cd7-788df09ad65b, 61e5c9d9-f22a-4993-9062-7bcff41a8b8d, 4e9c2825-ff13-41ca-8e91-edd848060d19, 4e2281de-bab1-4f06-b3e9-8263d0ab2b0b, e63ef205-d49a-4cd6-ac85-059535e3d68c, 064e7cfb-32c4-4785-ac91-f26fa05e4237, 9d598d19-d6be-4c7e-a963-b8fedfa8f24f, 8956c97a-6d85-4d4b-a6f7-6d42c6be97cc, a61b04eb-6ada-4d82-843c-4e8d4733b965, 9220d7b6-6427-4d22-a558-a36009b9fe76, 6a83890a-d9e9-4f6b-a6c6-90d031785bbf, a6e7224d-da3e-468f-bc51-26331659e06a, 27453ffd-5354-440a-a6b1-0b56eb6b6821, 750ec729-cd61-4227-85fe-a1e0ebbf7d50, b954a1b6-d613-4012-8bb5-d60ffb9e94e6, 4700f517-5c5d-483c-81b7-d77aca04991c, bfd7eaa8-9116-4382-b00e-afc35498dbf1, 35e05c24-1d29-498e-81f3-ecc93841c3d7, 15ddda0e-4dda-4f8b-9033-98668a652637, a123ce85-26b5-49e9-b551-363625ce4595, 35ac99cf-d916-4ae5-935f-2cf4f156f51f, ad42c4b0-dfb5-49fb-87bf-7b5d055b6e8e, 100ff71c-da18-4182-9672-369324a71bb5, 7ccdee1e-c91a-4c93-8bca-d671cab1ee1c, 7a01fdb1-c5c0-4833-a252-8593f91eed3d, 147cd434-64ee-4b27-8e31-f2430ecc6745, eaef7cbe-d3c8-4357-b181-3d6db46fb06f, fdab1161-53cc-433f-8c1f-636130bbaba1, cb324527-6a66-491d-b53c-6a6d7ece566f, f8c672fa-c364-4775-8752-6880225c9156, 89fa73f0-4341-4de4-bb2a-e429ef96bd43, 8d477e04-3bab-4ad9-8fe3-799059238a9c, 91266575-23d3-4ce6-91b1-5d0ad7c3936d, 1e3ec64f-03ef-4816-be19-183c9190e553, 2a997a1a-9e0c-4abe-983b-c870d65acadb, 11e99467-b34d-48e8-a24a-b12a1ff2aeef","1657031794881, 1657199514941, 1657285475524, 1657542369804, 1657550626715, 1657561957220, 1657628162759, 1657658274053, 1657713851108, 1657824763980, 1657916080393, 1658146467301, 1658174650101, 1658256531889, 1658256698267, 1658256876663, 1658406616506, 1658409596875, 1658419705076, 1658419757915, 1658425338440, 1658516594232, 1658520263699, 1658924309171, 1658937023714, 1658937157226, 1658937465536, 1658954938542, 1659097960424, 1659121734377, 1659121810647, 1659379744114, 1659387646198, 1659446539376, 1659642646517, 1659702663360, 1659719105124, 1659732646373, 1659975678523, 1660076052303, 1660076941577, 1660160942616, 1660223537582, 1660229941890, 1660313303574, 1660313371609, 1660333568468, 1660336876974","0, 0, 0, 1, 0, 0, 0, 0, 0, 0, 0, 0, 2, 0, 0, 0, 1, 0, 0, 0, 1, 3, 0, 0, 1, 0, 0, 1, 0, 0, 0, 0, 0, 0, 1, 0, 0, 0, 0, 0, 0, 0, 0, 0, 1, 0, 1, 0","18467, 32887, 48869, 123776, 111231, 33458, 10000, 60266, 80000, 40000, 10000, 89523, 40000, 106887, 52843, 10410, 28500, 82039, 36843, 10000, 76642, 80000, 50000, 10118, 201150, 231948, 10093, 127257, 232789, 44856, 95589, 50000, 141183, 20000, 70000, 30000, 10007, 21222, 40000, 50000, 11889, 40000, 40000, 50572, 52497, 110058, 100000, 36634","8.96, 33.06, 39.69, 46.02, 71.38, 14.86, 14.22, 41.74, 42.13, 34.72, 9.17, 48.94, 12.86, 37.22, 36.66, 19.68, 25.59, 42.66, 31.19, 6.86, 34.39, 27.64, 23.52, 32.22, 49.66, 65.1, 20.96, 65.17, 70.55, 38.95, 55.24, 28.58, 66.26, 18.53, 17.79, 45.39, 26.36, 39.36, 13.34, 29.44, 29.04, 34.0, 22.71, 30.33, 36.87, 43.76, 45.85, 23.95","1, 1, 1, 1, 1, 1, 1, 1, 1, 1, 1, 1, 1, 1, 1, 1, 1, 1, 1, 1, 1, 1, 1, 1, 2, 1, 1, 1, 1, 1, 1, 1, 1, 1, 1, 1, 1, 1, 1, 1, 1, 1, 1, 1, 1, 1, 1, 1","1657031794881, 1657199514941, 1657285475524, 1657542369804, 1657550626715, 1657561957220, 1657628162759, 1657658274053, 1657713851108, 1657824763980, 1657916080393, 1658146467301, 1658174650101, 1658256531889, 1658256698267, 1658256876663, 1658406616506, 1658409596875, 1658419705076, 1658419757915, 1658425338440, 1658516594232, 1658520263699, 1658924309171, 1658937023714, 1658937157226, 1658937465536, 1658954938542, 1659097960424, 1659121734377, 1659121810647, 1659379744114, 1659387646198, 1659446539376, 1659642646517, 1659702663360, 1659719105124, 1659732646373, 1659975678523, 1660076052303, 1660076941577, 1660160942616, 1660223537582, 1660229941890, 1660313303574, 1660313371609, 1660333568468, 1660336876974"
192f4d9d1224007c3d3906afa231fcdbcefaf5c57732c8ef75137c46b86c3f76,Non-Logged,14,"e5835d3a-462d-41e7-8349-eb3dc38c4f35, 85110683-db97-44b0-a493-e3059b382b0d, 34506063-8fb6-4dc7-9db8-20b440f5aefe, 88ae22aa-032c-43b9-bc18-36c0f1480a18, e8682569-d06f-4d2c-b18f-5eb57e41282a, ad2c51f7-26ff-4f7e-98c8-32462c62874e, dd891285-ef06-4a57-96bb-86113dcda5e1, c6ef110d-7837-47f2-84f6-cfea4da5e328, e8dcc786-8c0f-4c15-ac5e-ba8c8197028a, 1f32787b-de2b-49be-8c20-ddaeae34cc22, 2cd20fc2-220c-4bb5-b425-297ce9305bcc, 831817c1-7454-40db-8c35-21d0b50137d3, be4a3141-72ce-4286-a424-84622cc4225c, 21532265-cfd0-4301-a58d-dd615d0189d6","1659974395770, 1659974663499, 1659974719921, 1660133439902, 1660133513237, 1660133825983, 1660151408093, 1660151452074, 1660151557892, 1660151712092, 1660152502905, 1660152556968, 1660304513807, 1660305553458","1, 0, 0, 0, 0, 0, 0, 0, 1, 0, 0, 0, 0, 0","50420, 18033, 90247, 148923, 166211, 30000, 30122, 70702, 70000, 30000, 15667, 200561, 234635, 131200","46.99, 56.04, 54.25, 82.94, 73.83, 76.79, 48.87, 78.86, 31.95, 51.4, 34.11, 70.77, 64.18, 73.63","1, 1, 1, 2, 1, 1, 1, 1, 1, 1, 1, 1, 1, 1","1659974395770, 1659974663499, 1659974719921, 1660133439902, 1660133513237, 1660133825983, 1660151408093, 1660151452074, 1660151557892, 1660151712092, 1660152502905, 1660152556968, 1660304513807, 1660305553458"
3d541771a227bf7ba9276436b9cf7d35363292f40de57278642aa569ae80b445,Logged,35,"31e64f8d-ca41-4831-8673-98c707014658, 109adb08-8ff3-408b-b828-e16b51788202, 279ccbff-f203-4c6d-aa48-83d97f085302, 59bc4e22-4869-4ee0-9c8d-36e1d524ff9d, ecb1f348-cd55-47f7-99f9-bb2c84e93f96, 94bb48e7-fa2e-482d-be7a-4f4353dffcce, 7caf0079-a39e-4f7d-9d5b-7f8d8a625f2f, b3e0d13d-3f65-4bcd-8a0f-c8c0f954dade, 8634c420-35d5-4d2d-af72-542ade25b3d7, 29b6b142-4173-4ec4-832f-7d0a32255c10, 78f442cc-1fb3-4bf0-a9c7-ab6cf5a73526, 1f32787b-de2b-49be-8c20-ddaeae34cc22, a2a751a1-e3f6-49ee-8473-afe99cda24a0, b7f30490-0b67-4ccc-b032-1eeeb179b464, 498f00e5-8860-4365-a03c-dca9fd298b80, f4780a77-b7a1-47f8-ab87-a6c0ac26ac3b, 067c8bfe-9416-4c27-a7a5-537065ed6cc6, e4b31b93-9ee8-4754-a18a-88192298a160, 82206221-05a0-4f89-aa10-e8c8dc0cc418, 9930ad3b-a506-4129-8efd-20c573365d74, dcd8a2fb-7736-4b8d-93b5-d5d71dd1f086, 064b539b-a4cd-4781-b97f-9e9859ce15f7, 00f9aa60-3a6a-4e2e-bf5c-bb25f742cdf2, 69cdf5cb-1f8c-44aa-a28e-030d8dddca89, a36c98b5-f159-48f8-9f5a-1fc6ea9956c8, d3c5b271-ebae-41ee-8d9b-2290ca1e802c, d61c5cc7-2a4f-42c5-ab06-bef4a6314808, 17d0a275-8223-472c-8c9c-cafdbd6b5739, 87b7c93a-809a-4709-8e59-c56b02fec7c2, e3d821f2-fa77-4121-925f-9200f8c9d780, 5dff8fb2-73e6-4c22-a34f-c367aa2677df, bddfafde-c735-4b45-babd-bcf70f613680, 62c75a44-c053-4f1f-8cd7-788df09ad65b, 137a7b5d-d7e9-4baa-b62b-4dcd599f9470, 7c3ba874-e790-4f1f-ad84-734b35c6eca9","1659654023973, 1659669265682, 1659712313211, 1659732723371, 1659752759196, 1659814790696, 1659878346679, 1659878510935, 1659885253989, 1659885552038, 1659897649295, 1659897986124, 1659901903500, 1659906952486, 1659955914563, 1659966560496, 1659996120216, 1660005867329, 1660053872887, 1660068942999, 1660069591305, 1660097001778, 1660097934539, 1660130678680, 1660131176808, 1660202489198, 1660261429088, 1660261680162, 1660301619160, 1660356445936, 1660478455252, 1660479335556, 1660480204462, 1660508057909, 1660530893126","3, 32, 89, 41, 36, 21, 62, 154, 27, 59, 100, 33, 36, 57, 141, 174, 105, 70, 4, 14, 22, 47, 39, 194, 105, 174, 36, 28, 90, 16, 96, 19, 86, 27, 26","11262, 110000, 173622, 81269, 100000, 40000, 80000, 250000, 38201, 120000, 190000, 110000, 80000, 90000, 250000, 269975, 170000, 150000, 20000, 37563, 80000, 110000, 130000, 312685, 132766, 333124, 168797, 48093, 129490, 40000, 170000, 58974, 176079, 80466, 60000","42.5, 51.95, 60.44, 32.04, 49.26, 45.73, 47.19, 43.36, 41.65, 54.14, 74.44, 49.2, 43.66, 55.48, 67.55, 63.92, 55.4, 48.6, 12.2, 23.64, 41.8, 70.19, 59.45, 68.68, 55.43, 73.74, 43.31, 21.12, 54.48, 50.09, 62.12, 48.31, 63.7, 33.36, 48.11","1, 1, 2, 1, 1, 1, 1, 3, 1, 1, 1, 1, 1, 1, 1, 1, 1, 1, 1, 1, 2, 1, 1, 1, 1, 2, 1, 2, 1, 1, 1, 1, 1, 1, 1","1659654023973, 1659669265682, 1659712313211, 1659732723371, 1659752759196, 1659814790696, 1659878346679, 1659878510935, 1659885253989, 1659885552038, 1659897649295, 1659897986124, 1659901903500, 1659906952486, 1659955914563, 1659966560496, 1659996120216, 1660005867329, 1660053872887, 1660068942999, 1660069591305, 1660097001778, 1660097934539, 1660130678680, 1660131176808, 1660202489198, 1660261429088, 1660261680162, 1660301619160, 1660356445936, 1660478455252, 1660479335556, 1660480204462, 1660508057909, 1660530893126"
315190a3a9e8a5c956132a76f4180b4cf7a6e2f352bbeb11dbe1fa6dddd0ecf3,Non-Logged,10,"29725525-dc63-44cf-8a47-45cc18888871, f22a89c3-34f7-44ae-8dbc-43184731d6ee, df4a0886-5136-4598-a3d6-c2f651eb73f2, c370b626-8d8e-4c0e-9d06-0cf16473bd29, 8f28e4d1-c4ab-4ce6-8acf-27726b061aa3, 8ba2e3c3-9d4e-4c46-82c6-49f1f42ed173, 8340e9c4-7aec-4ed2-93bc-7d7c0fc756fe, b9c04e96-b6d0-41f7-8e8c-b62eca159c35, 4c63d7cd-4902-4ffb-9b94-578b1b2151f0, f391e9fd-7e81-4c2b-a911-abf3e186cf36","1657084700467, 1657321851172, 1658199660136, 1658693694020, 1658693897453, 1659456897106, 1659457221778, 1659813993952, 1659916248965, 1659917104643","49, 18, 18, 81, 9, 36, 76, 0, 113, 98","147974, 71092, 21901, 130013, 21697, 85052, 197440, 10000, 230000, 170000","54.65, 35.11, 28.8, 62.51, 27.48, 44.47, 43.95, 24.88, 64.03, 76.13","1, 1, 1, 1, 1, 1, 2, 1, 1, 1","1657084700467, 1657321851172, 1658199660136, 1658693694020, 1658693897453, 1659456897106, 1659457221778, 1659813993952, 1659916248965, 1659917104643"
0f92d2184fd2073ee8dbbbe59a339e3f1a6f6f3b99e9657539d17012a0e02044,Non-Logged,35,"8986091e-e534-4911-b257-62156be2988a, aeab0e46-f1e4-41e9-821b-571255c41f69, 12657735-75b8-4479-92c1-90fe902547d6, 7b65851b-2ab2-4c6f-a112-19ec1219d201, a616d144-a387-45dc-91c5-f58a49f76e80, 6d2b48fe-1ada-48c9-a508-73e19e83069d, e48c17c7-953d-438b-8d73-505e51618d91, 426e9777-7ad8-4b0f-98f4-48e8ee96ace5, 68bcd037-cf0e-4a5f-899b-79d97ce2827a, a22fa1cd-f11e-426e-bd09-57781b82f6e7, 0a3e20b8-d24d-45ad-af43-37487741031d, 1f2b9c2f-a2d2-4192-b009-09065da8ec23, c34bc409-bdbc-4d58-875c-16d9ab4cd209, ce483c1a-18a9-4ad7-b916-6f45ce3d12c0, d0eb4c45-c879-42ff-8581-20406222a42c, c8b284c6-dda0-4777-8e4b-c37a0e227111, b7f30490-0b67-4ccc-b032-1eeeb179b464, 793ddabc-4d8d-4fee-bb50-6b886cac54d6, f0a78e58-ec7e-494c-9462-fbd6446a9a89, 83cf1546-5235-491f-ae0c-90949a2ab3c2, e63b8080-dd9a-429f-a171-256d2611a7b4, 385044ad-3876-4188-83fa-f560435c1a9c, 73ed314a-a9f3-4b76-83f1-67063a4ca520, ab93d775-dc30-45a2-b885-9dfcc26fd154, 6482da91-415c-4308-9181-a2920e066510, 7989d761-ed62-48b9-b685-086401b424cc, 4a108326-b19d-42ce-94f6-807abf6e4679, a39c87e8-5bc0-46e0-a839-01679414f0af, ca8f3cf8-431e-48e6-a2d4-1fafc4f2224f, 91cb8050-16a3-493e-b1da-da3227770040, 229628a2-f8e0-43ca-bac9-f14a161f9124, 5b82930f-fdd7-4e5e-b720-8b1b8eb709d8, 127dc467-cdde-4738-aa8c-e18ab0e3e81c, 0ad0c4b9-81cf-4d9d-9d35-1c867af65f8c, 120a7b88-a7a8-42c9-85a2-7c25c5477384","1657116595650, 1657365120417, 1657711214247, 1657715754122, 1657798016141, 1658326431251, 1658920578813, 1659006562538, 1659092717345, 1659104146750, 1659125696186, 1659452784289, 1659468328782, 1659525776933, 1659611792303, 1659618418605, 1659618428642, 1660049426630, 1660131295728, 1660131413253, 1660132976023, 1660246086603, 1660246374091, 1660313917683, 1660314129976, 1660326137491, 1660327901143, 1660331374867, 1660331670400, 1660331732658, 1660409233590, 1660409262034, 1660409361663, 1660409549879, 1660409594600","0, 0, 0, 1, 0, 0, 1, 0, 2, 1, 0, 14, 0, 8, 0, 0, 0, 1, 0, 0, 4, 0, 0, 0, 0, 2, 0, 3, 0, 1, 0, 0, 0, 0, 11","16089, 60305, 70000, 19596, 50000, 16640, 70000, 60000, 179241, 79870, 13350, 162474, 105247, 310000, 176935, 28281, 21540, 29021, 93526, 23591, 30000, 202596, 19829, 90000, 38653, 73240, 6721, 80000, 53516, 97531, 9308, 20000, 10000, 25397, 260000","23.41, 52.58, 39.4, 33.23, 35.33, 11.23, 43.0, 41.99, 66.53, 40.01, 45.35, 56.59, 68.92, 80.99, 72.86, 13.87, 11.53, 34.37, 60.74, 70.8, 67.68, 61.82, 25.07, 57.74, 72.9, 23.52, 13.18, 48.42, 54.58, 58.1, 65.55, 25.22, 32.94, 75.18, 60.47","1, 1, 1, 1, 1, 1, 1, 1, 1, 1, 1, 1, 1, 1, 1, 1, 1, 1, 1, 1, 1, 1, 1, 1, 1, 1, 1, 1, 1, 1, 1, 1, 1, 1, 1","1657116595650, 1657365120417, 1657711214247, 1657715754122, 1657798016141, 1658326431251, 1658920578813, 1659006562538, 1659092717345, 1659104146750, 1659125696186, 1659452784289, 1659468328782, 1659525776933, 1659611792303, 1659618418605, 1659618428642, 1660049426630, 1660131295728, 1660131413253, 1660132976023, 1660246086603, 1660246374091, 1660313917683, 1660314129976, 1660326137491, 1660327901143, 1660331374867, 1660331670400, 1660331732658, 1660409233590, 1660409262034, 1660409361663, 1660409549879, 1660409594600"
9bae221c77f4f8bb50261a551af1053939e71847c4bc966daaee04db58b1b27d,Non-Logged,6,"d1162cf9-23d9-48bf-8133-0173f924c2f9, a22c95c2-0883-412a-ab9e-c0049219a601, 23551f87-54df-4ac6-9d6b-e6f54ab382c5, d37d7e59-2ab2-4dd0-a415-8063af12966e, 480837cb-9b4e-493f-bedd-ee4bd4036371, f0a78e58-ec7e-494c-9462-fbd6446a9a89","1659560916231, 1659660507971, 1659711167424, 1659770080588, 1659770273503, 1660271624903","21, 14, 17, 13, 1, 45","120000, 110000, 110000, 80000, 10000, 290356","54.63, 54.58, 56.36, 36.72, 26.03, 63.43","1, 1, 1, 1, 1, 2","1659560916231, 1659660507971, 1659711167424, 1659770080588, 1659770273503, 1660271624903"
3ece3361cdd6dfacb95f5e0940ed25b7ad05af297ec743b67381e71ed8d9635b,Logged,98,"6d495e7e-bf89-4704-b912-003c285c06b0, fb0938f6-52bb-49a6-997f-29e0d91c5e9c, b14619e8-979d-4ee6-9ec7-4ba26f30bbc1, 9442c690-21b3-42bc-9e5a-f880de0fa0a8, 122f6889-00a5-423a-a085-ac97b73c61c6, 2ed69f85-5012-492f-9f29-3fc0f3acfc45, 7caf0079-a39e-4f7d-9d5b-7f8d8a625f2f, abf9b042-1205-465b-b24f-e3cc3907db83, 7430a734-80f7-47c5-a880-2db4a7308e88, 59a580eb-b199-44c2-a51d-5ed2275144e0, 5e426801-9a31-40b5-a492-26db7545dccb, 55ab912a-2bac-46d9-9fcf-8e9be376f1b3, 1f32787b-de2b-49be-8c20-ddaeae34cc22, e3e1cde5-cd0a-4ad4-9b8b-43109f49f99d, 99cee40b-98dd-49a0-b741-41296aaea59e, 1bc08c65-f6d9-4337-b3d8-1e9ea058580e, 82206221-05a0-4f89-aa10-e8c8dc0cc418, e4b31b93-9ee8-4754-a18a-88192298a160, c9f6922d-c67a-41e5-82d7-b283af240233, ea822e1d-b080-467c-a5fc-41cc753f0857, 69cdf5cb-1f8c-44aa-a28e-030d8dddca89, f349406e-2cec-4b5c-8750-944c000d37fa, 444db2d3-2856-4307-8a36-09b15651fb8b, 83cf1546-5235-491f-ae0c-90949a2ab3c2, 1dccb854-b09e-4c3c-8c2d-fb45cd6e5b2b, ae3ea2eb-2d87-4380-983e-77072492ea63, c2d9a2c5-fc0c-4bc1-811c-5ad7b4f482d9, 606b7ea9-edcb-476f-ad02-d302cfa8cfac, 1fd81f89-cca7-4122-8749-db21b14c25b1, 1aaa53f5-750c-4860-a79e-fe7ffac3d71f, 8b64b810-cff4-40e0-9de9-25b809ae6009, 51b38ce7-11f0-4dc0-8e21-6522b0587ec7, 47874b53-ac2e-4ccc-ad5b-6b2669d59340, bacab81b-4dd0-4047-8d51-a9cb03a8e18e, 691d5e0f-2317-4b42-bc42-6b18dedad90e, 37337971-dd7b-4728-8384-f412ddbadc19, 2ad4930b-bd99-4884-9c07-12cc46f53417, 4b9914f1-be96-41f3-978f-3a8bc479846d, 3936f6c7-3f6c-4205-8cda-3178160b6cd4, ec7dbae8-2ef3-4fa0-8b70-22b425f09f5f, 93fcc4fd-1b25-416a-b683-713744c5c726, f883145c-70cc-4c51-8c7f-acd17e35160e, 6abc4506-9c6a-4801-b5a9-f356963ab62f, 0ea4aa17-17df-4b7b-a89d-09f0f81fa7e3, c72509c4-8a2f-4dfd-b851-2e54a2d41af5, e0b8e742-f94f-4361-b662-9e9d24c99803, 3e54b313-2fde-4180-9948-74e889dd9430, e650aae9-2b05-4564-9ce7-108a31c4de20, e6bbb32e-35da-4cd9-b76e-61451b94d3db, b954a1b6-d613-4012-8bb5-d60ffb9e94e6, 750ec729-cd61-4227-85fe-a1e0ebbf7d50, 141814bf-48d5-492e-9605-bed1b400d346, 4700f517-5c5d-483c-81b7-d77aca04991c, 4487047a-46a9-454b-94a3-1bd6f4b660e9, d3ff7632-465e-41d1-80e9-cbe0c32b0bcb, bd1bc41b-79a2-4b09-9ca1-b1e26805810c, 4f2c5d08-21ac-4e99-9ccb-c9344aa7951d, 08fa440a-0d26-4405-b143-6960eefdd4c2, f6b5d170-48b9-4f8e-88d4-c84b6668f3bd, befa491a-1c4a-43b8-ad4e-8bfabe03320e, 5ff06450-cfa0-4e6f-ba87-ca6f412c9b44, 2b42c74c-5eca-4dd1-afab-f5de95d03e76, dd697b83-1f8b-4811-a789-c61a2008c673, 529a23e0-baa8-4824-9554-416ceba464ae, 5f2f1833-d203-486a-ac56-665fc3767018, e384ec29-136e-4241-9321-49b367b8cbd5, 251269d5-3194-4fa1-a62d-fab4971dcbaf, a9466ce5-0cc8-4cad-96f3-fa3de8becf7e, 296e5ec3-fb81-4a50-80dc-b6fdb8086ce1, 8279cb8e-2947-4222-a8cc-264f45853a95, cbd5caa8-568d-408e-909f-056c32d6b75a, 7456c88d-6473-46ed-83a6-dfc406994162, 0819b74d-b28a-4702-90a2-9d205dd9fc5e, 27625dab-0353-4ea8-b88c-b945c9e782dc, d2593c3d-2347-40d9-948c-b6065e8459a9, 98d5eb95-731f-449c-8588-99e86416f789, 5af99ef3-adff-464d-9976-5c5d6391b014, ff3e8c61-d72a-42bf-a84a-ecf5409468dd, bf44b8ea-c737-4eec-a51b-01006202f303, 61e07f64-cddf-46f2-b50c-ea0a39c22050, 8668a87e-6ec5-4069-8649-a08824bb3e14, bdbf6235-f421-4700-a5a9-bba9a8b51b5b, 5a867ffb-7227-416d-a286-f73c9ee6a4af, fd3c2179-09b0-4b2c-96a9-2d8822f28851, 1045a19a-a686-47b8-aa54-33c1063613d6, c8ca0f97-6890-4901-831e-14364a32a865, 77cfb0ba-b13c-4dca-b5a7-17ddb2382d28, c309c7aa-b438-416a-b3a2-bd433614c6ab, 855d20b7-53f2-4678-a10f-55402d085018, 037155f4-4db8-4f07-8d0a-3e559605b8ad, 8e0884e2-50ba-44c0-87b9-d64d913288af, a47114d6-cac9-45fa-a4b7-987383f4ec29, 1a3641be-fa6a-4d72-a5eb-9069686a88ee, c041f6d7-df78-40ee-8832-6772a0db14bb, 38578b5c-4509-49df-ad79-c62cc914e4a5, 6867c681-1abc-43ae-97aa-7015ea14b226, 029c4dd9-4231-469e-8eca-3de5f05ea046, 63184fb3-aa23-4764-96e6-434bd0d7ffef","1656676293062, 1656685555245, 1656687058061, 1656723833472, 1656724241527, 1656877171221, 1656877225504, 1656892976578, 1656933913828, 1656937019185, 1656939550586, 1656945901009, 1656969473210, 1657033353179, 1657116508911, 1657159464873, 1657192620853, 1657192725504, 1657288953386, 1657290974664, 1657393580330, 1657491652540, 1657544288867, 1657544465478, 1657571199808, 1657627965922, 1657629693582, 1657641158509, 1657749527053, 1657827724109, 1657845415752, 1657898376479, 1657903894658, 1657927722480, 1657927885878, 1658171220788, 1658233499466, 1658314243762, 1658314480522, 1658322052826, 1658324888703, 1658325064522, 1658332746700, 1658399322637, 1658399451145, 1658425124623, 1658500037384, 1658512250708, 1658512535547, 1658585136643, 1658594944554, 1658681594809, 1658767520968, 1658769501021, 1658769576199, 1658769615734, 1658778002770, 1658858290594, 1658861014937, 1658862944263, 1658862969142, 1659001822920, 1659117846384, 1659174798627, 1659175247343, 1659196585157, 1659197299181, 1659220760688, 1659467002969, 1659467036117, 1659552196298, 1659616253335, 1659618578048, 1659627095424, 1659627369532, 1659723800874, 1659867949306, 1659913419573, 1659979944434, 1659984149406, 1660000677939, 1660001458657, 1660058954741, 1660064878511, 1660066420176, 1660134421556, 1660241683115, 1660247958920, 1660307591161, 1660312054970, 1660312181345, 1660312685820, 1660330281011, 1660336621293, 1660338958510, 1660388117423, 1660520216130, 1660520276793","0, 0, 0, 57, 12, 7, 89, 26, 1, 0, 1, 0, 61, 0, 18, 13, 1, 2, 1, 0, 13, 30, 0, 4, 0, 7, 0, 3, 21, 1, 23, 0, 3, 13, 31, 0, 2, 2, 2, 10, 3, 5, 3, 22, 9, 1, 1, 19, 51, 6, 0, 45, 17, 1, 1, 1, 0, 1, 2, 1, 0, 13, 26, 29, 14, 24, 2, 0, 1, 16, 10, 1, 0, 2, 7, 2, 42, 37, 2, 0, 1, 7, 21, 0, 0, 1, 1, 1, 0, 15, 16, 19, 0, 0, 19, 22, 35, 25","41827, 90000, 126331, 150000, 40000, 34537, 410000, 83910, 291168, 30000, 183766, 152473, 180000, 170000, 80000, 60000, 30000, 28167, 42542, 97275, 66133, 119084, 70000, 50000, 11458, 37517, 100000, 159143, 60000, 120000, 44101, 41718, 206048, 50014, 181507, 136823, 170000, 100000, 215081, 100000, 173287, 70000, 210000, 98293, 53381, 70000, 191539, 240144, 184998, 50000, 10000, 257500, 84973, 73542, 26618, 78053, 60000, 176704, 90000, 23301, 152947, 90000, 220000, 230001, 70000, 126918, 10000, 10000, 10000, 40000, 79173, 37673, 90000, 239582, 337353, 124627, 140000, 190348, 16394, 10804, 10002, 26376, 423734, 34992, 62447, 41922, 70000, 140000, 20000, 60000, 80217, 80000, 118169, 60000, 104287, 130000, 56739, 20451","87.61, 57.53, 77.64, 65.24, 58.38, 30.64, 64.73, 25.48, 57.31, 17.88, 24.96, 72.12, 30.93, 85.18, 28.47, 27.78, 11.94, 32.24, 17.38, 66.3, 45.73, 61.32, 50.46, 15.12, 18.49, 30.61, 31.58, 55.73, 29.17, 53.2, 38.57, 27.67, 55.35, 20.84, 59.4, 48.98, 47.36, 27.0, 48.2, 46.45, 72.75, 50.48, 57.62, 53.4, 28.97, 51.54, 89.01, 33.47, 55.16, 36.29, 8.47, 78.46, 40.98, 36.47, 20.95, 21.61, 51.3, 51.76, 30.31, 16.38, 56.74, 43.58, 47.44, 61.52, 47.06, 57.86, 9.58, 8.74, 11.64, 28.2, 36.53, 13.11, 58.94, 50.82, 59.22, 39.69, 48.59, 47.28, 42.03, 7.22, 18.89, 32.34, 47.69, 52.7, 32.13, 11.5, 9.39, 60.03, 2.87, 51.29, 39.65, 69.72, 37.69, 44.32, 42.39, 66.22, 23.58, 10.51","1, 1, 1, 1, 1, 1, 1, 3, 1, 1, 1, 1, 2, 1, 2, 1, 1, 1, 1, 1, 1, 1, 1, 1, 1, 1, 1, 1, 1, 1, 1, 1, 1, 2, 1, 1, 1, 1, 1, 2, 1, 1, 1, 1, 1, 1, 1, 2, 2, 1, 1, 1, 1, 1, 1, 1, 1, 1, 1, 1, 1, 1, 1, 2, 1, 1, 1, 1, 1, 1, 1, 1, 1, 2, 2, 1, 2, 1, 1, 1, 1, 1, 3, 1, 1, 2, 1, 1, 1, 1, 1, 1, 1, 1, 1, 1, 1, 2","1656676293062, 1656685555245, 1656687058061, 1656723833472, 1656724241527, 1656877171221, 1656877225504, 1656892976578, 1656933913828, 1656937019185, 1656939550586, 1656945901009, 1656969473210, 1657033353179, 1657116508911, 1657159464873, 1657192620853, 1657192725504, 1657288953386, 1657290974664, 1657393580330, 1657491652540, 1657544288867, 1657544465478, 1657571199808, 1657627965922, 1657629693582, 1657641158509, 1657749527053, 1657827724109, 1657845415752, 1657898376479, 1657903894658, 1657927722480, 1657927885878, 1658171220788, 1658233499466, 1658314243762, 1658314480522, 1658322052826, 1658324888703, 1658325064522, 1658332746700, 1658399322637, 1658399451145, 1658425124623, 1658500037384, 1658512250708, 1658512535547, 1658585136643, 1658594944554, 1658681594809, 1658767520968, 1658769501021, 1658769576199, 1658769615734, 1658778002770, 1658858290594, 1658861014937, 1658862944263, 1658862969142, 1659001822920, 1659117846384, 1659174798627, 1659175247343, 1659196585157, 1659197299181, 1659220760688, 1659467002969, 1659467036117, 1659552196298, 1659616253335, 1659618578048, 1659627095424, 1659627369532, 1659723800874, 1659867949306, 1659913419573, 1659979944434, 1659984149406, 1660000677939, 1660001458657, 1660058954741, 1660064878511, 1660066420176, 1660134421556, 1660241683115, 1660247958920, 1660307591161, 1660312054970, 1660312181345, 1660312685820, 1660330281011, 1660336621293, 1660338958510, 1660388117423, 1660520216130, 1660520276793"
b3ee0bba829ed651eb67a75579b65e61595ac8d92e0b8644feee539efaebcb69,Non-Logged,21,"134118ab-c6ef-464d-b840-24c91b492adc, 54103d6f-6a1b-4664-87d1-25c61d0ed916, d5a6e5b4-2c6f-4d3e-9c6c-fcc47daa41b3, e63ef205-d49a-4cd6-ac85-059535e3d68c, d6d7696e-9bd3-4cb4-9cbd-9e58b9656bd4, 5512feb7-1489-48ba-a78b-457c9defcc51, 6e594abc-518b-4eb9-9d9f-f59fd73b228e, 66a9efac-fd43-4fd1-9824-c404b08efa5d, 86511ed1-8777-4811-824a-a174ba861fb6, 30a03e2f-327f-42b2-babf-fbc8e9a208fd, 139c9e4d-b7eb-43d0-b2fc-1cb230f0adc8, 269551e6-3c9f-47f9-b0a0-28de89212d84, 8a2d8438-205a-44bb-8b5a-24ff5a7a08b2, 07fc1034-4aa5-4600-b19d-5160c55c917d, 08a27175-61cb-4462-b0cf-4f9ec2d9d9f0, 718aa0ad-8e9e-4d51-95f5-9c3ad6383584, 174a2566-0797-4b43-a3f7-617519feb7d2, 2b04da5f-3d67-42e0-bfed-01e447f9d3a3, 362d282e-5d9d-4691-86a6-21bcac0703d7, 855d20b7-53f2-4678-a10f-55402d085018, 6f914ea9-23ee-4115-bb8d-5338b24ab668","1656938412964, 1656963660639, 1656963790581, 1656964043558, 1656964091492, 1657019263602, 1657019452123, 1657019597575, 1658950683618, 1659014163809, 1659014358991, 1659102910866, 1659369284363, 1659369382317, 1659382332649, 1659463929954, 1659464241851, 1659629056235, 1659629284834, 1659629657451, 1659634005542","1, 1, 1, 1, 0, 1, 1, 0, 0, 1, 0, 0, 1, 0, 4, 1, 0, 1, 1, 0, 0","50000, 160940, 170000, 41114, 47594, 110000, 80000, 97298, 53458, 189091, 116949, 68653, 93244, 38157, 102193, 113316, 150000, 221990, 186137, 45829, 17563","35.08, 87.22, 51.79, 34.56, 62.4, 87.37, 89.38, 82.65, 82.65, 88.34, 100.0, 67.5, 89.69, 73.5, 58.32, 90.09, 75.56, 91.85, 56.44, 90.15, 79.73","1, 2, 2, 1, 1, 1, 1, 1, 1, 1, 1, 1, 1, 1, 1, 1, 1, 1, 2, 1, 1","1656938412964, 1656963660639, 1656963790581, 1656964043558, 1656964091492, 1657019263602, 1657019452123, 1657019597575, 1658950683618, 1659014163809, 1659014358991, 1659102910866, 1659369284363, 1659369382317, 1659382332649, 1659463929954, 1659464241851, 1659629056235, 1659629284834, 1659629657451, 1659634005542"
f31f77425f1f3f26fe9d684c91d246c4b4dd4bdd8dd324ba102982caf20588ae,Logged,3,"f2415bd8-2735-4cac-b01b-306bf757db08, c81de2e2-ad9b-4bad-a328-ba69d1f32d47, bf44b8ea-c737-4eec-a51b-01006202f303","1657283430162, 1657815858722, 1657815887484","1, 1, 0","62400, 25075, 109594","53.84, 64.66, 45.78","1, 1, 2","1657283430162, 1657815858722, 1657815887484"
b6d779724de41c33c9f1ede9d84ede9d177ec7dd03adc05ad9fca96d0fef9fe7,Non-Logged,10,"d15b7a95-2f8c-4d85-b4fc-b18f606ccc0a, 914fe264-109c-4d4d-8f18-052785666a24, dc009ac8-363b-40ad-ba25-c11e4318ea8e, 2201fe35-11b4-4923-b802-faa98087e238, eafbc7e1-f154-46ef-a7f5-5cf4f75d7039, 229628a2-f8e0-43ca-bac9-f14a161f9124, 4e73dd4e-0e2b-4a11-8f5b-658619b08027, a0c995dc-a683-41fe-bb65-9dde705f4b9c, 2b02dd1f-8c2a-47ea-b963-c0db5aeb4c1f, 5c238dee-6c04-4494-89e2-44dc29421f40","1657028010873, 1657816645565, 1657816755683, 1657817083597, 1657817657858, 1657818274662, 1657818769062, 1657819075547, 1659556140973, 1659629122635","0, 0, 0, 0, 0, 1, 0, 0, 1, 8","20000, 30000, 256731, 320000, 240000, 259571, 170000, 202170, 28311, 254268","20.81, 23.14, 87.49, 63.34, 73.43, 59.64, 62.94, 77.13, 13.41, 43.65","1, 1, 1, 1, 1, 1, 1, 1, 1, 5","1657028010873, 1657816645565, 1657816755683, 1657817083597, 1657817657858, 1657818274662, 1657818769062, 1657819075547, 1659556140973, 1659629122635"
399e86afa8208e4da2930eeb2ec5dadee8ce89e907ce428b4ab4025cad00630a,Non-Logged,21,"f9e3933f-b15e-4937-92d8-cd29cbeac00c, 8c246d2b-81bd-4c1f-b563-2c905675f984, 608dd663-6710-4c63-a805-0034989599c5, f7e8c5bf-af5a-4f48-ad0e-7cbc3465fe85, bd3aa0e4-3366-45da-81ef-9cc18dabaa2a, d103d2f2-af0e-4ad3-b377-4eb2592a5b85, 97c00ceb-20e2-455e-b706-9a720e9b32d2, f0c45837-0476-4bf1-aa4b-73c5a6e635da, 6a83890a-d9e9-4f6b-a6c6-90d031785bbf, a3798213-023b-4637-8234-4808cda6aa71, a875e37d-a83f-4417-8947-b60b34e9f136, c72509c4-8a2f-4dfd-b851-2e54a2d41af5, 84c68fc4-68d9-4987-b740-2e32d30f7069, b4edb070-fa34-449a-b082-cf2db0dc04b2, 50fd5c91-b5f3-4396-88d1-8f9ce82ac622, 4cdba510-1de8-4d01-b161-e6d00b0e75fc, 659e5659-b03c-4051-a13e-eb3bd2d2e7eb, 6d3d2b69-609b-4c02-a719-62fb4f540e0d, 98473c0a-bbe2-4bc3-b1c7-12053701d2c7, c8ca0f97-6890-4901-831e-14364a32a865, 97ac6c4c-5b3d-4e36-9816-0791226573e5","1656678450640, 1656964958861, 1657043419120, 1657043424031, 1657043427072, 1657043427852, 1657731278166, 1657731780902, 1657904244893, 1658769900967, 1658771257439, 1658933557201, 1658933573326, 1658941200205, 1658952734708, 1659025327216, 1659039062820, 1659440623395, 1659447283568, 1659465357618, 1660060306362","0, 0, 0, 0, 1, 0, 0, 0, 0, 0, 0, 0, 0, 0, 0, 0, 0, 0, 0, 2, 1","58933, 50000, 19217, 52010, 22640, 10000, 40000, 20000, 20000, 70000, 23588, 10000, 67555, 20000, 24418, 30000, 8513, 10000, 21537, 11501, 10000","10.17, 50.55, 8.64, 43.47, 39.61, 7.88, 52.4, 26.35, 16.76, 45.74, 49.97, 5.28, 73.59, 39.5, 33.51, 25.7, 41.59, 34.25, 24.68, 4.6, 11.98","1, 1, 1, 1, 1, 1, 1, 1, 1, 1, 2, 1, 1, 1, 1, 1, 1, 1, 1, 1, 1","1656678450640, 1656964958861, 1657043419120, 1657043424031, 1657043427072, 1657043427852, 1657731278166, 1657731780902, 1657904244893, 1658769900967, 1658771257439, 1658933557201, 1658933573326, 1658941200205, 1658952734708, 1659025327216, 1659039062820, 1659440623395, 1659447283568, 1659465357618, 1660060306362"
e960a5ad7257829d251fc103b21d7338e5fcf794700b5987eeb734e5ff524b2e,Logged,108,"3082a59f-4978-4d36-acf0-7d08804fb925, 4549c4eb-c949-47e2-a071-7de377677d6b, 561850c2-9ade-4985-bf36-402abf02153d, 638df2a8-1719-4856-b7df-980e8349474f, 2ed69f85-5012-492f-9f29-3fc0f3acfc45, dc822791-625f-435c-a64d-7a282fcb6887, 286428b0-dd16-46e6-8189-2908a23967ea, 785293e5-28f5-49dc-be42-763fc09a140b, 3ead3d6c-3274-40fa-81a3-61de94e3423e, 0650a691-26f6-4a08-85c8-4716ae0d5388, 6e5ae05a-ccc9-4384-85b8-9fa1d871ba1b, e3e1cde5-cd0a-4ad4-9b8b-43109f49f99d, 6f40710c-dcca-4697-9e87-9868cee203a6, 9958aafa-3a3a-416c-a2b9-5d96769bad83, e6f987c1-546f-4a9e-9a88-b2e2eb2a9068, 39637899-fc4a-47f2-b5aa-266a97d54cb0, 09d074f5-0cc9-4c31-9bb4-bc1c0d315675, 48c38ab4-fe04-4bf5-a186-14d49f888bfa, a377fa79-5b40-446e-96c6-c892b3e1e57e, 69cdf5cb-1f8c-44aa-a28e-030d8dddca89, 17d0a275-8223-472c-8c9c-cafdbd6b5739, d61c5cc7-2a4f-42c5-ab06-bef4a6314808, a30dfbe4-47d5-45b3-93e3-24618014e1ad, 87b7c93a-809a-4709-8e59-c56b02fec7c2, dc9ee5ed-c266-4a52-9173-7194d792eb33, b1afc0bd-96b3-48ea-94a5-04d04dcbc30e, f82aca8d-3fdb-433b-b245-980d9a040d77, 4b715f78-cfb2-4cef-bce4-7f50c8c9ecd4, cd4d5312-ed8d-4d62-a0b8-ac139c7920be, bf257382-74fb-4392-ad6a-143240e39f81, d1706155-a428-4cbc-88d8-c1d59d998c74, 7c3ba874-e790-4f1f-ad84-734b35c6eca9, b182c3ed-17bd-457e-9b60-2afb6b2971f4, 83cf1546-5235-491f-ae0c-90949a2ab3c2, af5d32bb-ab3d-47fa-96c2-bf44680ea0f7, f8f52df6-0dbc-44e1-8ea5-78a61c209ed3, 4f362f22-1fc6-466a-ae0b-e78fcacf744c, 914fe264-109c-4d4d-8f18-052785666a24, b80450c6-2099-4c59-b311-9fe733104de9, 3ffb80eb-0ae9-457e-883c-d52f57c124c0, 470ccd72-1478-4a82-9e75-ecb6f732772a, 4d89c4b6-6827-4935-9ba1-0502025af270, 1fd81f89-cca7-4122-8749-db21b14c25b1, 8c246d2b-81bd-4c1f-b563-2c905675f984, 4e9c2825-ff13-41ca-8e91-edd848060d19, 7d3f733c-6274-4d38-bcad-02b59ab06322, 66abbc4b-a541-4802-8ef5-b169786e44ba, c0e5b84d-ad62-441e-a50e-0d562fc15540, 66a9efac-fd43-4fd1-9824-c404b08efa5d, 7fe849c0-4a55-429d-b480-11ee216909dd, 4fe175de-b2bb-414f-8bb6-ab9ebf564dbe, a914d5fa-fc62-4c20-b1e9-7fbf28fbae98, 18214963-8542-4ce9-ae94-769332edd06a, 996c1d09-9229-45d6-8163-5002ab07b943, cdcf9e9c-e109-4948-b85c-ea0348896569, 0ff04068-2840-4e6c-b5d1-fe70b3bdeb96, 882e7c95-935a-4eab-9ece-f85f5f7d0f4e, 1dfc719d-df8e-4dbf-b318-ab17cadb187b, b31a95aa-a7e1-44e7-a9ca-279b26abbd01, 09430240-0596-4b14-a609-7a05c7fa529b, 2de36771-38b8-4e2c-a2b7-d00590dd9009, 9e434fae-3183-4d3a-8e1d-00a461e5d7fc, a2ef8430-00b6-49de-852d-2c72596c5917, 0d72ee14-259a-44ee-af60-1411f14965e3, 047cf8f8-9ced-49ad-b159-4879ae1573c9, ea1fb0dc-a3b6-48b9-b80b-cce4370575f1, bd86e2ba-4a3c-4679-b0c4-bd7daa343cdd, e3cdb277-ad80-4025-b5de-cd98cc67d23d, e484529f-97ce-49ec-b841-032f6a3ffd58, 262d5975-7440-473f-8811-9560bb209dba, 02e4c8f2-12ac-45bd-82ee-06db6fa15b50, 750ec729-cd61-4227-85fe-a1e0ebbf7d50, 43cc5638-6dda-4f23-be83-647bac748e70, f6b5d170-48b9-4f8e-88d4-c84b6668f3bd, 6a64daa7-32ec-4d35-a7ec-f3df800f6d5e, a9c454c8-9493-4622-a499-43d20c525f81, b2543715-4744-4983-991b-7692e2062de1, 15281e10-e6bc-48bc-9b1b-94402f83699b, 8458c0c6-5e5d-4e50-a5f9-6aea23ac3ff8, 2968b302-6e02-493b-b192-cdd7f6038e03, b506a89e-b492-43cd-b344-84875a797cc9, abf55e21-517a-4e1b-a29b-a16166f6af51, d3f1ee4d-fc50-4e1f-af67-99bbbd2e9555, 5c136e86-3a33-4735-ab6c-f146d819b2db, f5d2a476-c8dd-4ef7-bf6e-8d9016c7f349, 5f2f1833-d203-486a-ac56-665fc3767018, e8e6fd2f-86e8-47f8-b132-e196dc9e3b2f, 84c68fc4-68d9-4987-b740-2e32d30f7069, 251269d5-3194-4fa1-a62d-fab4971dcbaf, 0830bec5-fb12-4f38-b3bc-62a461f9fa65, 653423d3-218a-413a-9dac-7f4088d6bafb, 919f29bf-d153-400c-a04a-4237f5adf116, 5c37a504-0ed8-49c1-a6a9-d237d90664e3, cb324527-6a66-491d-b53c-6a6d7ece566f, 5ba295b0-e838-4c0a-837c-a88f4f3b3422, 47c45f11-fc4e-4bba-a94a-2f6477c9bed0, 71ad98cd-efeb-4d04-ac87-d8406cd038b6, d2593c3d-2347-40d9-948c-b6065e8459a9, 3fa67dd0-145a-47b9-a44a-169b96a58c88, ff3e8c61-d72a-42bf-a84a-ecf5409468dd, f9e25790-0de0-4b13-a34c-0d88d18b79d2, 4c63d7cd-4902-4ffb-9b94-578b1b2151f0, b79a9385-ab79-4949-a953-2320bfb28bc0, 50f85bf5-c153-4611-bf35-2f781ae4e234, fb8553ab-06f9-4271-91a0-db14875b61cf, fa65c031-aa6b-4447-80d6-943d2138885b, 9e83ab48-e3fd-4111-8161-17813ace1c65, ece7f38e-1744-4885-83d9-2ffb89e40b11","1656686664746, 1656730246863, 1656769876836, 1657264079762, 1657277318121, 1657294632800, 1657296763723, 1657356248188, 1657384044846, 1657449677461, 1657537025164, 1657628801372, 1657631111890, 1657631402587, 1657649542406, 1657727246917, 1657727399758, 1657728399280, 1657748239266, 1657903408553, 1657903459026, 1657903641519, 1657916399021, 1657916827653, 1657932148096, 1657936606076, 1657936799362, 1657939579895, 1658086058663, 1658107578095, 1658164681029, 1658259578195, 1658260132487, 1658278715214, 1658336169304, 1658485177890, 1658541267326, 1658587750076, 1658588132487, 1658605012395, 1658677405585, 1658683886495, 1658782222393, 1658788291106, 1658797520170, 1658842230131, 1658842281652, 1658846176120, 1658936056389, 1658947836960, 1658959980310, 1659058490960, 1659144474910, 1659149273148, 1659194850674, 1659244085812, 1659245845556, 1659313297655, 1659320484197, 1659376299236, 1659377313441, 1659410861929, 1659420087180, 1659451150937, 1659464916993, 1659465824123, 1659466033820, 1659473347526, 1659534759829, 1659538519902, 1659561394095, 1659573544795, 1659580235285, 1659622679547, 1659623027011, 1659681438680, 1659681644228, 1659691014931, 1659695209504, 1659696001009, 1659763297999, 1659791940492, 1659808466817, 1659840372478, 1659842317919, 1659842440523, 1659846954643, 1659847004149, 1659899304935, 1659910949458, 1659915309202, 1659926944492, 1659943295581, 1659964109501, 1659988750492, 1660049617778, 1660059139853, 1660074946161, 1660085512239, 1660085783282, 1660085908996, 1660156255348, 1660240181937, 1660328088381, 1660361939655, 1660385459903, 1660455144934, 1660499998263","16, 1, 6, 74, 7, 6, 97, 0, 11, 12, 17, 48, 38, 7, 23, 18, 19, 15, 41, 6, 33, 30, 76, 5, 3, 42, 15, 38, 4, 17, 51, 20, 5, 2, 21, 17, 39, 64, 17, 28, 12, 9, 79, 3, 11, 9, 0, 20, 55, 10, 0, 32, 5, 0, 14, 46, 70, 39, 12, 50, 32, 56, 27, 22, 24, 48, 26, 4, 9, 0, 97, 26, 28, 17, 17, 36, 26, 12, 143, 29, 48, 5, 3, 4, 20, 21, 8, 94, 2, 64, 11, 51, 25, 34, 41, 9, 17, 17, 88, 40, 0, 19, 23, 7, 82, 15, 29, 3","91816, 50000, 26465, 140000, 49010, 28149, 250000, 10000, 50000, 34984, 40000, 150000, 100000, 30000, 70000, 93644, 87407, 37820, 120000, 19970, 172458, 120000, 160000, 9550, 17762, 104914, 100313, 180000, 23920, 80000, 113282, 70000, 11755, 10889, 80000, 62617, 130000, 110000, 31856, 128623, 42283, 49575, 191738, 6300, 47176, 48061, 5446, 30000, 160000, 35393, 10000, 150220, 21042, 7039, 40286, 130000, 160000, 146614, 70000, 150000, 90000, 160000, 93123, 60000, 86374, 100000, 70000, 6783, 30000, 10000, 280000, 67513, 50000, 60000, 59586, 152261, 113651, 77150, 479392, 90000, 70688, 50619, 25853, 17364, 83304, 72960, 27619, 200000, 12439, 151407, 27057, 110000, 164066, 37779, 100000, 29384, 35650, 25499, 200682, 72193, 10000, 50000, 52422, 21945, 250000, 67741, 45675, 15952","47.71, 14.11, 39.44, 80.53, 29.66, 31.94, 49.76, 15.14, 11.75, 31.31, 39.83, 76.05, 66.56, 14.59, 57.89, 41.7, 54.96, 37.8, 40.98, 28.25, 59.15, 57.11, 72.91, 34.66, 43.83, 40.34, 41.88, 37.93, 32.11, 12.67, 55.69, 56.88, 21.16, 12.57, 44.07, 58.59, 62.76, 41.95, 40.8, 80.95, 33.46, 35.08, 65.26, 9.98, 32.65, 42.61, 8.62, 22.84, 68.24, 39.82, 10.19, 75.12, 25.31, 9.83, 50.97, 66.11, 48.92, 54.38, 36.1, 66.35, 56.71, 55.12, 49.7, 50.71, 34.4, 54.65, 55.43, 45.71, 46.02, 10.31, 69.24, 45.05, 50.33, 38.79, 38.63, 38.89, 43.64, 34.56, 82.97, 56.94, 48.16, 31.94, 31.05, 40.37, 42.23, 59.29, 33.59, 47.0, 26.4, 39.64, 31.68, 33.48, 49.6, 41.75, 75.94, 34.32, 45.87, 41.05, 84.77, 56.01, 8.78, 41.34, 58.57, 24.39, 60.24, 46.23, 61.59, 25.74","1, 1, 1, 1, 1, 1, 2, 1, 2, 1, 1, 1, 1, 1, 1, 1, 1, 1, 1, 1, 1, 1, 1, 1, 1, 1, 1, 2, 1, 1, 1, 1, 1, 1, 1, 1, 1, 1, 1, 1, 1, 1, 1, 1, 1, 1, 1, 1, 1, 1, 1, 1, 1, 1, 1, 1, 1, 1, 1, 1, 1, 1, 1, 1, 1, 1, 1, 1, 1, 1, 1, 1, 1, 1, 1, 1, 1, 1, 1, 1, 1, 1, 1, 1, 1, 1, 1, 1, 1, 2, 1, 1, 1, 1, 1, 1, 1, 1, 1, 1, 1, 1, 1, 1, 1, 1, 1, 1","1656686664746, 1656730246863, 1656769876836, 1657264079762, 1657277318121, 1657294632800, 1657296763723, 1657356248188, 1657384044846, 1657449677461, 1657537025164, 1657628801372, 1657631111890, 1657631402587, 1657649542406, 1657727246917, 1657727399758, 1657728399280, 1657748239266, 1657903408553, 1657903459026, 1657903641519, 1657916399021, 1657916827653, 1657932148096, 1657936606076, 1657936799362, 1657939579895, 1658086058663, 1658107578095, 1658164681029, 1658259578195, 1658260132487, 1658278715214, 1658336169304, 1658485177890, 1658541267326, 1658587750076, 1658588132487, 1658605012395, 1658677405585, 1658683886495, 1658782222393, 1658788291106, 1658797520170, 1658842230131, 1658842281652, 1658846176120, 1658936056389, 1658947836960, 1658959980310, 1659058490960, 1659144474910, 1659149273148, 1659194850674, 1659244085812, 1659245845556, 1659313297655, 1659320484197, 1659376299236, 1659377313441, 1659410861929, 1659420087180, 1659451150937, 1659464916993, 1659465824123, 1659466033820, 1659473347526, 1659534759829, 1659538519902, 1659561394095, 1659573544795, 1659580235285, 1659622679547, 1659623027011, 1659681438680, 1659681644228, 1659691014931, 1659695209504, 1659696001009, 1659763297999, 1659791940492, 1659808466817, 1659840372478, 1659842317919, 1659842440523, 1659846954643, 1659847004149, 1659899304935, 1659910949458, 1659915309202, 1659926944492, 1659943295581, 1659964109501, 1659988750492, 1660049617778, 1660059139853, 1660074946161, 1660085512239, 1660085783282, 1660085908996, 1660156255348, 1660240181937, 1660328088381, 1660361939655, 1660385459903, 1660455144934, 1660499998263"
a711560731f78a7680bca4ba77cb75934bfaba405616a94467425b1c73b83c2e,Non-Logged,3,"0a7f2d41-609b-4406-be4d-e5316e77cc17, 2ba62eab-694e-4c51-96d4-578bce5e2d8d, e461771b-51fa-4281-9e05-7233df271b86","1658246405383, 1659103250790, 1659121453810","1, 0, 0","27838, 24318, 20754","10.64, 41.23, 38.28","2, 1, 1","1658246405383, 1659103250790, 1659121453810"
1c9d2035ae8849804d0ce30f26976bcc9047b1bf94b937d58e33bb43fefdee00,Non-Logged,58,"2d565d1e-669b-42ed-9a40-da356870b28e, 66152205-7456-427e-bb0b-790c5db27aaf, 539c0c29-885e-452d-86dc-562209ba9f3f, 19a102a3-389e-4845-8602-1ab313c6771b, 09d074f5-0cc9-4c31-9bb4-bc1c0d315675, 831817c1-7454-40db-8c35-21d0b50137d3, f43446a4-12a0-4e52-927b-0d93a48ce554, 8332c4d2-f377-4be0-89c3-951310be4786, 5ba7e47c-0a0f-4724-a386-9c15cc8ae72c, 722623f2-349b-4e8b-a974-ad8995f747ff, 9930ad3b-a506-4129-8efd-20c573365d74, 6dfb5395-decf-4b1f-ae70-959bde7417e2, 78f76233-f771-4182-b2d0-63b597b82895, ccf888c3-7df8-4631-89dc-8ee89d7be42d, 41e8f3de-361b-4d27-aa10-3e035f78ed75, 5ed20af3-3fc0-4312-87c9-952742fd4a91, 0ee073af-1890-4d68-9510-75ae42509b39, ee0b0129-0e3b-444c-9433-1d4c3bc209ee, 71dddacd-0e13-406a-a849-fe07cefc93b0, e69d3f5f-08c9-4756-8a10-83120e6059ae, b8dca0d6-e6ca-46be-8511-6d31e004d8f4, f4db3873-24bb-4bf8-a793-31fbfe2bb9f0, 2452ad75-4fed-4743-a08a-fd3fb4a09c35, b9a0cbf8-db36-4a67-ae29-7d66b1a3e1db, a04be70e-b370-428e-b0ef-f4db848f4ed8, c4114488-6f4c-4a39-89f4-00c78bf77506, d39db4f0-11a0-465b-8260-a84a735de34c, 772c6158-336c-4b63-b7a1-4d5b5564c6b7, c541b109-aa99-45ca-9114-66e053e45ad8, 9dbe1d36-be14-4c4a-aa2d-24e9758f983b, 52da1d96-5268-44e5-9124-37687cdfd634, c8407e83-c287-436a-a5cf-665cf89e4d3a, 8ab0a3aa-dacd-4968-a025-d03fbcc47f20, a17df68a-ea52-4dfc-b6bd-9374014d8f9c, dc1bc252-22f5-4e0b-9eca-db0df94ea592, 0111a76f-4d8c-45cc-b54f-ba2d6c3693e9, eaeef2bb-93d9-49fe-8035-e5c046dba146, 8db02d05-3fa3-46c3-bc83-0696c8ae2564, 2db1a14c-afb7-435b-9cc7-3d85d5aecd09, 300e4f34-c2e1-4aa5-a939-85d955d6b157, ede8f363-4c27-4f5e-a70e-33f8aa31d94b, 9bd49303-9546-4262-812d-cbd60e5bf2f3, 9385dbf2-3c15-4a39-94da-728d3b3436fa, 4c1afd6d-2c3e-41b3-ac24-d0c445b9eae5, e4868445-834a-40b9-a2e2-97b367e58cb0, 46726d44-b83a-4f34-bb8b-738f4205af48, 230d19cf-28f8-459a-ad3a-da60aa640639, 24c15775-87b9-467c-b4d5-73a3e722281e, be5ba49b-57e9-4941-bae2-651cfb489367, a09b778a-7da6-412e-adb5-aed7fefb3b16, 9468d948-25cc-49d2-a659-167496e0892a, 54915fbc-682c-4b69-a0b9-7546b603c55d, b7ba3db2-9172-433d-9d0c-aa679c0fd4d5, 8c45f964-1478-4b99-a3a4-f4c6f00d705b, 39cbd3e9-641b-4f70-bcf6-e3f844fcc982, esid:conteudo_editorial_g1#materia#https://especiais.g1.globo.com/economia/concursos-e-emprego/lista-de-concursos-publicos-e-vagas-de-emprego/, esid:conteudo_editorial_g1#materia#http://especiais.g1.globo.com/economia/concursos-e-emprego/lista-de-concursos-publicos-e-vagas-de-emprego/, 372a3397-32e3-4f35-9260-905b10f51fb8","1658402645898, 1658407022870, 1658407022870, 1658409485374, 1658495768476, 1658496224657, 1658498533329, 1658501609605, 1659445461722, 1659612716241, 1659614562761, 1659622825279, 1659698734469, 1659698750170, 1659699540737, 1659699790439, 1659701336363, 1659701355975, 1659701966041, 1659703180480, 1659703228135, 1659703296020, 1659703310281, 1659703759708, 1659704438233, 1659705189823, 1659706156104, 1659706224820, 1659706235426, 1659706261186, 1659706390904, 1659707246515, 1659707255150, 1659707792405, 1659707827637, 1659708306073, 1659708311427, 1659709651549, 1659709666308, 1659709687553, 1659710158112, 1659710161196, 1659710897549, 1659711002009, 1659711039594, 1659711514185, 1659956594487, 1659956613657, 1659956625499, 1659960565104, 1659960572613, 1659960576636, 1659968792123, 1659968989224, 1659969430167, 1659969516095, 1659969907501, 1660052565068","0, 100, 100, 1, 2, 0, 2, 0, 19, 8, 5, 0, 51, 8, 1, 9, 1, 3, 11, 0, 4, 0, 13, 16, 21, 8, 2, 2, 2, 0, 3, 1, 4, 1, 6, 11, 0, 0, 4, 0, 1, 7, 5, 1, 10, 2, 9, 1, 10, 0, 4, 0, 0, 3, 0, 6, 13, 1","20875, 550000, 550000, 34569, 51037, 22343, 162300, 10000, 270000, 160000, 190000, 50000, 460000, 130000, 15694, 320000, 27467, 130000, 260000, 11180, 80000, 9465, 160000, 338641, 520911, 190000, 54630, 40000, 10000, 52153, 60000, 10000, 150000, 20000, 100000, 250000, 10000, 5840, 60000, 8360, 10000, 120000, 53568, 30000, 210000, 15192, 190000, 60000, 270000, 60000, 80000, 10000, 30000, 80000, 33952, 170000, 260000, 26356","41.12, 78.17, 78.17, 34.04, 68.04, 34.98, 46.6, 30.81, 20.63, 18.77, 13.57, 27.69, 14.12, 18.8, 15.87, 21.02, 19.74, 31.59, 18.91, 22.55, 19.66, 31.22, 24.52, 40.39, 26.52, 19.01, 26.97, 52.01, 20.98, 52.96, 22.0, 18.8, 23.87, 20.96, 22.68, 32.98, 7.75, 17.86, 26.26, 5.99, 21.03, 22.6, 47.83, 24.66, 19.25, 45.25, 26.52, 19.81, 23.35, 53.11, 26.51, 28.87, 18.72, 36.66, 25.62, 25.01, 22.74, 71.47","1, 4, 4, 1, 1, 1, 3, 1, 2, 2, 1, 1, 1, 1, 2, 2, 1, 1, 1, 1, 1, 1, 1, 1, 1, 1, 1, 1, 1, 1, 1, 1, 1, 1, 1, 2, 1, 1, 1, 1, 1, 1, 1, 1, 1, 1, 1, 1, 1, 1, 1, 1, 1, 1, 1, 1, 1, 1","1658402645898, 1658407022870, 1658407022870, 1658409485374, 1658495768476, 1658496224657, 1658498533329, 1658501609605, 1659445461722, 1659612716241, 1659614562761, 1659622825279, 1659698734469, 1659698750170, 1659699540737, 1659699790439, 1659701336363, 1659701355975, 1659701966041, 1659703180480, 1659703228135, 1659703296020, 1659703310281, 1659703759708, 1659704438233, 1659705189823, 1659706156104, 1659706224820, 1659706235426, 1659706261186, 1659706390904, 1659707246515, 1659707255150, 1659707792405, 1659707827637, 1659708306073, 1659708311427, 1659709651549, 1659709666308, 1659709687553, 1659710158112, 1659710161196, 1659710897549, 1659711002009, 1659711039594, 1659711514185, 1659956594487, 1659956613657, 1659956625499, 1659960565104, 1659960572613, 1659960576636, 1659968792123, 1659968989224, 1659969430167, 1659969516095, 1659969907501, 1660052565068"
9c8ef572d6d7d7425ba80cc451c11bae6f17db62bed0418a0bf3db134d669f43,Non-Logged,55,"fe4676fb-c79a-4e57-a5f6-24799da4fb74, 9d598d19-d6be-4c7e-a963-b8fedfa8f24f, fbffe526-e94a-408f-a19b-7510f3d56016, d2bfebf8-2ed7-4e2f-a6a4-b950486a86e7, e83fe417-9c04-4262-80c1-7c27d34fe646, e2b9e286-38a4-49ad-9001-ae8f88104304, 17f9cb6a-ec41-49ad-a52c-748b318c7e4c, 6a83890a-d9e9-4f6b-a6c6-90d031785bbf, 1dfc719d-df8e-4dbf-b318-ab17cadb187b, c706b0fd-84da-4b91-a978-39450cd47ab7, f69def44-60e7-40e5-a8e8-140c67c92d78, a6e7224d-da3e-468f-bc51-26331659e06a, b681a28d-fbba-4de5-b0b0-839d622975e0, 93fcc4fd-1b25-416a-b683-713744c5c726, a2ef8430-00b6-49de-852d-2c72596c5917, 67c85b3e-8998-4d6c-9029-460580b782ca, 2dace316-18e7-4b8b-9efc-f9a1bc92d434, 047911fd-f5a3-4397-bc72-df1bdfe8c7e3, b954a1b6-d613-4012-8bb5-d60ffb9e94e6, 750ec729-cd61-4227-85fe-a1e0ebbf7d50, 78f42bd4-4281-49e2-abd2-2da58ed56dad, b50296d7-76ba-4ab6-873e-3254e94056db, 4e986ba0-ca6f-479f-979c-a111d0a2b7dc, 4700f517-5c5d-483c-81b7-d77aca04991c, c789ba79-e5af-49ac-a3bd-1d1de1f5e3a0, befa491a-1c4a-43b8-ad4e-8bfabe03320e, d644e5d1-7d09-4661-8036-89cd5418c30b, 788b88f5-d957-4152-8a8e-4c8656405b24, dd697b83-1f8b-4811-a789-c61a2008c673, 15281e10-e6bc-48bc-9b1b-94402f83699b, c2db13c5-e7b8-4264-9eac-99e79fa2a592, e6b60dd6-4443-4c3b-bbdf-6b37e06ade30, 89b658b9-60a8-473f-86dc-54a2a7504c3b, 5f2f1833-d203-486a-ac56-665fc3767018, caf5ce06-1a14-46e8-806a-b94bc6fce242, 33db8db8-a638-4c1e-84e2-673369e301c3, 7f747187-72e4-4791-996b-4518742dc672, e2cd1c23-e372-4525-8b2b-b6886428f444, 9e1f8630-a317-4c8a-8473-1c60a82c1b2b, ce2570d9-0b4d-4ff0-9b9a-cd501255eab1, 115ade20-a6a7-480b-894f-8b31c71a6811, cf47ca09-4cc7-4b00-b714-41e06b0c7792, 3d8044e0-5d42-449c-9537-28c363c42cfa, a73bf826-663c-448a-a427-5fab20edcdf1, ed29259d-3b53-48d6-ac86-4326181ad1b1, a76dc579-5e75-4d29-84ec-0e8b7cf477e5, 8668a87e-6ec5-4069-8649-a08824bb3e14, f0d952ab-7ea3-4d14-be0a-659c72d5c6ac, 00de4a4e-e2ae-4b69-a8ca-4dbb85e143d6, 7bcdbeec-15be-4555-8e5e-ace04b817b80, 7be36af6-8c33-4c5c-83ec-06297eddab33, 9e83ab48-e3fd-4111-8161-17813ace1c65, 5e644b75-011b-4a7c-a5e2-352fcb8fdff4, 9eccc7a3-6c51-433f-985e-18f33603a7d2, 54073ed1-722e-4313-9d47-8a836a75654b","1656684286789, 1656697448226, 1656697860697, 1656706791884, 1657034799552, 1657035324334, 1657035492952, 1657116993891, 1657194168734, 1657204219023, 1657306630844, 1657306900473, 1657307418136, 1657308311214, 1657308515536, 1657308631331, 1657308910667, 1657311735577, 1657888650201, 1657914210890, 1657914785370, 1657915004231, 1658155673527, 1658155780653, 1658156146463, 1658170987563, 1658171374697, 1658171485142, 1658261669984, 1658325410276, 1658404850720, 1658424632281, 1658424729953, 1658491927024, 1658495265775, 1658511727988, 1658512274832, 1658760467953, 1658760569293, 1658769995852, 1658840783478, 1658858138582, 1658942242523, 1658942335076, 1658942451898, 1658954334565, 1658954644150, 1659010189132, 1659095635784, 1659095969663, 1659096486199, 1659105430038, 1659124387098, 1659124696460, 1659125069601","0, 1, 1, 1, 5, 2, 5, 1, 1, 1, 6, 1, 1, 1, 1, 1, 1, 1, 1, 1, 5, 1, 1, 1, 1, 1, 1, 1, 1, 1, 1, 1, 1, 1, 2, 1, 1, 1, 1, 1, 3, 0, 1, 1, 1, 1, 0, 2, 1, 1, 1, 1, 1, 2, 1","140000, 121982, 80000, 60000, 110000, 83871, 74297, 100000, 71355, 45013, 60000, 160000, 110000, 110000, 36441, 130000, 186550, 80000, 90000, 110000, 123976, 79626, 40000, 30406, 140000, 80000, 104534, 54902, 90000, 111979, 60000, 40000, 100000, 80000, 30000, 265741, 109813, 46768, 21696, 80000, 120000, 57706, 75935, 58533, 194058, 110000, 55076, 110000, 52418, 162146, 100000, 30000, 71103, 220000, 96266","52.04, 38.79, 55.77, 54.61, 52.44, 53.82, 37.7, 49.23, 35.53, 36.01, 51.19, 69.35, 44.97, 48.02, 29.98, 63.21, 31.75, 38.18, 45.36, 59.85, 49.25, 18.74, 36.16, 22.01, 41.98, 56.36, 85.82, 50.04, 46.29, 48.9, 25.46, 32.56, 59.41, 58.13, 40.36, 64.53, 57.25, 25.03, 17.42, 57.47, 69.09, 36.3, 48.64, 37.5, 28.58, 67.25, 32.32, 61.13, 33.7, 68.74, 47.84, 47.73, 49.68, 77.32, 59.24","1, 1, 1, 1, 1, 1, 1, 1, 1, 1, 1, 1, 1, 1, 1, 1, 2, 1, 1, 1, 1, 1, 1, 1, 1, 1, 1, 1, 1, 1, 1, 1, 1, 1, 1, 1, 1, 1, 1, 1, 1, 1, 1, 1, 1, 1, 1, 1, 1, 1, 1, 1, 1, 1, 1","1656684286789, 1656697448226, 1656697860697, 1656706791884, 1657034799552, 1657035324334, 1657035492952, 1657116993891, 1657194168734, 1657204219023, 1657306630844, 1657306900473, 1657307418136, 1657308311214, 1657308515536, 1657308631331, 1657308910667, 1657311735577, 1657888650201, 1657914210890, 1657914785370, 1657915004231, 1658155673527, 1658155780653, 1658156146463, 1658170987563, 1658171374697, 1658171485142, 1658261669984, 1658325410276, 1658404850720, 1658424632281, 1658424729953, 1658491927024, 1658495265775, 1658511727988, 1658512274832, 1658760467953, 1658760569293, 1658769995852, 1658840783478, 1658858138582, 1658942242523, 1658942335076, 1658942451898, 1658954334565, 1658954644150, 1659010189132, 1659095635784, 1659095969663, 1659096486199, 1659105430038, 1659124387098, 1659124696460, 1659125069601"
0bdff0fb37472b8317a4f0b493528cf8a37b7504f9caf036b877bc3727a49978,Logged,52,"07ee94b0-9c39-448e-b96c-3d67f9c1670f, b0ce5e61-d817-4ca5-a76e-699178c8f4d3, d0401d26-b796-43e9-b46f-5a3c5d0e4338, 286428b0-dd16-46e6-8189-2908a23967ea, 73b5780e-2def-4528-89fc-4e409851da4f, 700d8181-ed28-48f9-b716-40c18325909a, 242a3ced-bcbe-4083-8099-eae08787ebbd, be81f38c-fc94-4d30-90cc-4136b01dc83d, a32c2469-f257-44e3-b196-e274ebaeb4b5, 9a4bb232-f1b6-4cd1-ba6c-c4696952153b, d4303151-c778-461b-8207-2e443db4b255, 20926639-2ada-4559-a1c4-ce2418877dad, 5dff8fb2-73e6-4c22-a34f-c367aa2677df, 2c8d0162-7a7c-420b-ac35-1f7f1e9f7ba4, f8f52df6-0dbc-44e1-8ea5-78a61c209ed3, ecd63535-1875-4f84-b7c1-3aabcadd316f, 4c46d054-1fe0-4d63-9122-fa130fd4f728, 1fd81f89-cca7-4122-8749-db21b14c25b1, 8f28e4d1-c4ab-4ce6-8acf-27726b061aa3, db037f57-5594-47e8-a523-076c8c83914c, de0beb67-5582-49e5-ab3b-8899610b7a6e, 6a83890a-d9e9-4f6b-a6c6-90d031785bbf, 07d86b0a-993d-4f78-8437-c1eadd2b3c46, ab0e36b0-91dd-400b-a291-d484700f8538, b50296d7-76ba-4ab6-873e-3254e94056db, f8b18d47-aee9-44b7-9bd6-4c8287d7c436, 15281e10-e6bc-48bc-9b1b-94402f83699b, 64dd5b2a-0963-401c-bf69-ade920ce7e28, 4c9ba674-1481-47bf-8448-d35fbd9d6c9b, 8d0a8515-4ec2-419e-b591-9615c96ea589, 5f95c608-3c8a-4b41-83e7-bee96d07ccec, 34c9da29-421f-4983-bd32-19a7daaace13, e384ec29-136e-4241-9321-49b367b8cbd5, e8c2b07d-525d-4d3d-a166-25f81ee0bc18, fdab1161-53cc-433f-8c1f-636130bbaba1, 3539d000-152c-44f6-943e-cb02eb8601d2, 85cdc285-0b47-4ff4-abca-037544c5d002, 5b90df37-0b8b-44d6-abdb-6fad31217c26, cbd5caa8-568d-408e-909f-056c32d6b75a, 91266575-23d3-4ce6-91b1-5d0ad7c3936d, d2593c3d-2347-40d9-948c-b6065e8459a9, b8d10d65-337b-40ee-9997-af2c27db861f, fd3cef8e-7a96-4c4e-a76f-983b7de8931f, adc26056-43a4-4a96-8ce6-3bba92a7e9eb, 399318fb-a6ca-4ef2-9297-c1c3b0ce955d, e4a32f87-4d4a-42dd-b1d0-b4d0564b03bf, 8ee1f5d0-b43b-41e9-b362-a0d812b587bf, 6d3d2b69-609b-4c02-a719-62fb4f540e0d, 98473c0a-bbe2-4bc3-b1c7-12053701d2c7, 72a3e123-8b6d-40cd-bb6f-bc62bc062b59, c309c7aa-b438-416a-b3a2-bd433614c6ab, 7c06b43c-507c-46d8-9a35-2f5910af8238","1656901901813, 1656901955842, 1656902050343, 1657047128161, 1657047265471, 1657235590307, 1657246558948, 1657356378457, 1657356629856, 1657356661201, 1657471964988, 1657540106141, 1657540309555, 1657650770715, 1657650842682, 1657673230048, 1657718879488, 1657718935718, 1657835689851, 1657881743719, 1657881812429, 1657927693712, 1657960796305, 1658012858033, 1658110974571, 1658179945511, 1658354244656, 1658447153454, 1658486471917, 1658853667635, 1658939782773, 1659011622018, 1659317661512, 1659458255875, 1659467710110, 1659493701038, 1659568490546, 1659568596445, 1659686227438, 1659730311186, 1659788697431, 1659925685423, 1659925858541, 1660031829484, 1660032065378, 1660103665074, 1660104009540, 1660104049528, 1660158525766, 1660254942724, 1660322300089, 1660525796887","12, 12, 24, 29, 40, 25, 15, 33, 2, 31, 6, 51, 30, 14, 12, 4, 16, 24, 12, 12, 53, 2, 15, 35, 7, 14, 10, 10, 39, 2, 29, 23, 0, 10, 32, 3, 42, 6, 17, 19, 12, 58, 26, 31, 55, 31, 5, 9, 19, 0, 13, 15","30000, 37277, 41543, 119546, 90000, 50000, 32852, 95728, 11345, 93073, 20000, 142849, 60000, 21183, 30000, 10922, 38240, 39310, 34076, 20000, 132787, 11153, 51455, 80000, 30000, 21498, 20285, 11311, 130947, 23984, 64408, 51115, 10000, 10000, 80899, 10800, 50000, 20000, 31676, 40866, 30000, 110000, 82349, 98911, 159790, 95960, 10991, 21730, 50000, 10000, 17909, 22911","37.34, 32.91, 52.85, 43.62, 54.27, 42.03, 38.36, 44.77, 33.45, 58.68, 26.21, 33.44, 59.62, 27.94, 35.25, 26.76, 39.37, 30.65, 24.04, 35.13, 52.59, 15.49, 34.72, 42.29, 28.05, 35.8, 26.93, 30.21, 63.73, 12.31, 47.29, 44.95, 18.07, 28.16, 36.22, 31.44, 48.04, 23.96, 37.16, 48.58, 44.16, 45.73, 35.9, 54.1, 69.2, 40.12, 36.26, 32.01, 42.87, 10.99, 32.76, 37.24","1, 1, 1, 1, 1, 1, 1, 1, 1, 1, 1, 2, 1, 1, 1, 1, 1, 1, 2, 1, 1, 1, 1, 1, 1, 1, 1, 1, 1, 1, 1, 1, 1, 1, 1, 1, 1, 1, 1, 1, 1, 1, 1, 1, 1, 1, 1, 1, 1, 1, 1, 1","1656901901813, 1656901955842, 1656902050343, 1657047128161, 1657047265471, 1657235590307, 1657246558948, 1657356378457, 1657356629856, 1657356661201, 1657471964988, 1657540106141, 1657540309555, 1657650770715, 1657650842682, 1657673230048, 1657718879488, 1657718935718, 1657835689851, 1657881743719, 1657881812429, 1657927693712, 1657960796305, 1658012858033, 1658110974571, 1658179945511, 1658354244656, 1658447153454, 1658486471917, 1658853667635, 1658939782773, 1659011622018, 1659317661512, 1659458255875, 1659467710110, 1659493701038, 1659568490546, 1659568596445, 1659686227438, 1659730311186, 1659788697431, 1659925685423, 1659925858541, 1660031829484, 1660032065378, 1660103665074, 1660104009540, 1660104049528, 1660158525766, 1660254942724, 1660322300089, 1660525796887"
17c2ce5ec7c6cafa951b8068cb6ecc2531d246df89f6c3f4bd14504cb2dd0600,Non-Logged,2,"cb3334d2-d85a-445c-a385-4c598d050f44, 8b0a3e9d-bb6f-4b78-9529-c86a5e6fc71a","1659639686519, 1659979834633","1, 0","75504, 16236","32.63, 30.08","3, 1","1659639686519, 1659979834633"
a670e6c32707c74a5391f7508d783a4dd7a3ad35847419e91b43a609ec878928,Non-Logged,27,"5961abcb-9585-4c4c-9184-75c2ae65bf23, d9db51d1-ba53-4135-8207-e085ec4309e0, 1c4faf15-dcb3-46c3-ae9f-b79380e1d1d4, 22406eff-6720-4c47-8707-42e5454f04e9, 6e5ae05a-ccc9-4384-85b8-9fa1d871ba1b, c4789e51-c882-44e9-b133-2d435af16d54, a36c98b5-f159-48f8-9f5a-1fc6ea9956c8, b2a21491-7576-4be0-a520-97ce9470efeb, f82aca8d-3fdb-433b-b245-980d9a040d77, 495720d1-91a7-4228-b717-9883e577022f, e5b31e24-1bfe-49d5-a0b2-8af464411fda, 4e9c2825-ff13-41ca-8e91-edd848060d19, f4ac3eb5-e145-4685-b9e9-b61f3551aa58, 61e5c9d9-f22a-4993-9062-7bcff41a8b8d, af5d32bb-ab3d-47fa-96c2-bf44680ea0f7, 7b41b70c-5434-4ecf-898a-e4315641ad41, 3b8cd1b0-4cbf-44a5-9261-7b1dba64fcc2, 160d2d36-624b-4ea0-9412-abad3a09ae8d, 11055e00-6ed9-46c9-9795-392ab21c61ef, 6cfefe32-99ae-43d6-aa24-5973842cd65e, f6b5d170-48b9-4f8e-88d4-c84b6668f3bd, bcbf252c-7d12-4756-bfb6-b507591117b5, 69f42349-948b-43c0-8873-3d0ef5c03829, c4b0fcc5-947e-4b37-8b8a-6dbdd6a56bea, 89e19170-9ad6-4a7d-afbf-1721b2fae186, 0297cb6d-b80f-45a4-80f2-961a7df392b1, adda111b-9b83-4249-9b7f-92832f3af8b9","1656774688234, 1657060832196, 1657318651606, 1657455496280, 1657488845400, 1657719515851, 1658322783009, 1658587277808, 1658587339792, 1658670675619, 1659379898046, 1659630400921, 1659641772780, 1659646881586, 1659648379937, 1659648401611, 1659648927233, 1659725108574, 1659798948483, 1659799124068, 1659883766434, 1660068070946, 1660089777432, 1660089885666, 1660148413647, 1660153271695, 1660260767694","0, 0, 2, 1, 2, 0, 2, 3, 0, 0, 2, 0, 0, 1, 3, 0, 13, 0, 2, 1, 0, 1, 1, 0, 4, 0, 0","34203, 20000, 38850, 80516, 48755, 11872, 49824, 59966, 34499, 15667, 80000, 38371, 52621, 127710, 72187, 20421, 155723, 16499, 140572, 8560, 18365, 52556, 40000, 22988, 92672, 32136, 10000","62.52, 20.35, 18.62, 83.08, 61.54, 33.7, 69.21, 90.2, 83.58, 19.5, 81.27, 23.43, 74.96, 62.07, 38.1, 39.92, 66.9, 13.11, 84.04, 18.58, 35.64, 30.44, 47.54, 36.68, 60.75, 15.25, 7.69","1, 1, 1, 1, 1, 1, 1, 1, 1, 1, 1, 1, 1, 1, 1, 1, 1, 1, 1, 1, 1, 1, 1, 1, 1, 1, 1","1656774688234, 1657060832196, 1657318651606, 1657455496280, 1657488845400, 1657719515851, 1658322783009, 1658587277808, 1658587339792, 1658670675619, 1659379898046, 1659630400921, 1659641772780, 1659646881586, 1659648379937, 1659648401611, 1659648927233, 1659725108574, 1659798948483, 1659799124068, 1659883766434, 1660068070946, 1660089777432, 1660089885666, 1660148413647, 1660153271695, 1660260767694"
93a2fd3826821525c5c91f749d236b1448785b24bd08c1fd40581b4de86b5645,Logged,26,"b218e4f2-8905-4dc8-8247-ad6dc520c5a3, b14619e8-979d-4ee6-9ec7-4ba26f30bbc1, 22406eff-6720-4c47-8707-42e5454f04e9, bf257382-74fb-4392-ad6a-143240e39f81, 66a9efac-fd43-4fd1-9824-c404b08efa5d, 73454aa8-2232-4277-ac6a-594e47bde3f9, 8af2f9ed-6ab0-462a-ac74-8a6105ac9e90, 63063085-be1c-4d48-a585-fb181e4e5fa6, b6d38b8c-1463-4c63-bb27-021a93e5b2be, 0a449219-862a-4184-91c1-9af3bb6755c1, 15571275-5d8b-4799-ac24-8ad272c4115d, 7ccdee1e-c91a-4c93-8bca-d671cab1ee1c, 15281e10-e6bc-48bc-9b1b-94402f83699b, 553fada2-1c79-48f2-9010-f5c751b63bb1, 1f59877a-6e53-4e34-a24a-0e2283dd745b, 829265f6-c85e-4474-aaf2-49f7df8c4fdc, 64dd5b2a-0963-401c-bf69-ade920ce7e28, 8be03387-6c44-43cc-93ad-65824af9c22a, 5f2f1833-d203-486a-ac56-665fc3767018, dc009ac8-363b-40ad-ba25-c11e4318ea8e, 1c6341f3-ca86-4f0a-ba3c-5f2ecc924bc3, 0306487b-37be-4eda-bd8e-ad0a60886480, 542cbae0-40d6-49bb-b7cb-c869ea3192bc, d2593c3d-2347-40d9-948c-b6065e8459a9, 47d4edeb-7705-4e8c-a380-777d52b0ef2d, 1045a19a-a686-47b8-aa54-33c1063613d6","1657035841062, 1657035909066, 1657549348605, 1657576199478, 1657576451725, 1657576860360, 1657823944085, 1657925875457, 1657988317078, 1658105879228, 1658159243012, 1658159530929, 1658159688603, 1658163886171, 1658171010407, 1658195486577, 1658402004873, 1659223495035, 1659316981621, 1659317011879, 1659317149558, 1659358415883, 1659694823739, 1660087996429, 1660388944540, 1660389102391","15, 25, 67, 42, 64, 53, 17, 3, 8, 29, 32, 22, 60, 10, 86, 60, 12, 8, 3, 25, 40, 5, 12, 5, 11, 30","60333, 133389, 231281, 110000, 220000, 170000, 49558, 10219, 41485, 150000, 50000, 77578, 128863, 41709, 374240, 200000, 79447, 40000, 20117, 156196, 124284, 10005, 60000, 10279, 70000, 132215","41.27, 51.78, 42.4, 51.58, 45.36, 44.91, 42.42, 17.44, 35.44, 43.89, 55.34, 55.8, 62.7, 35.63, 58.31, 68.62, 55.78, 37.96, 38.53, 32.97, 59.61, 33.43, 29.16, 16.86, 53.08, 41.04","1, 1, 3, 1, 1, 1, 1, 1, 1, 1, 2, 2, 2, 1, 2, 1, 1, 1, 1, 3, 1, 1, 1, 1, 1, 1","1657035841062, 1657035909066, 1657549348605, 1657576199478, 1657576451725, 1657576860360, 1657823944085, 1657925875457, 1657988317078, 1658105879228, 1658159243012, 1658159530929, 1658159688603, 1658163886171, 1658171010407, 1658195486577, 1658402004873, 1659223495035, 1659316981621, 1659317011879, 1659317149558, 1659358415883, 1659694823739, 1660087996429, 1660388944540, 1660389102391"
ce56487e3e8242437161e43b7cbc4b925b7ee093ae4458884ea90fbbd928a3d0,Logged,191,"f577ad54-5372-4f16-abf9-2180cea55b39, bdf0f85b-6fc6-4cb0-a97a-dbd17a7dfbd9, 9b4c0708-c1db-454b-992e-fc33f04853c8, 8a042ffb-2801-4c72-a8ff-63a9a2205bd2, 7b65851b-2ab2-4c6f-a112-19ec1219d201, b218e4f2-8905-4dc8-8247-ad6dc520c5a3, ba59dbee-6964-481b-af09-966e59a885d0, 9fedc28f-b68e-4bd7-b97e-778e1e8f6274, d173164f-dcfc-4e32-8006-64ab44a57c66, 54a35972-eb3c-402c-9624-73e2737a87f7, ced7fe89-46e6-4bc2-b5c8-ecfcfd33c577, 29b6b142-4173-4ec4-832f-7d0a32255c10, ad2c51f7-26ff-4f7e-98c8-32462c62874e, 31bc6d2a-a9d6-4c74-887b-aac966e8056a, 886317fa-cdaa-4d94-b108-d16ad1421678, 5077fee6-48b0-4522-911b-28fe97646e25, ad2cfd11-eecb-445e-ba97-575bae8acf6d, 78f442cc-1fb3-4bf0-a9c7-ab6cf5a73526, 1f32787b-de2b-49be-8c20-ddaeae34cc22, e81954ea-c381-4906-930d-b0703e6cf7e1, 5b1cb0ce-8056-4dec-a64d-623068958061, 3bd9f24b-cb02-4cc4-b6b7-da5c1389463d, c4789e51-c882-44e9-b133-2d435af16d54, 69cdf5cb-1f8c-44aa-a28e-030d8dddca89, a36c98b5-f159-48f8-9f5a-1fc6ea9956c8, 25d54fe7-248b-4e1d-89a1-20b36aba6159, 57c8339a-f570-4d5d-8e9d-e79b0d22bf82, 5e0d2a58-0772-4cf7-9be5-19e3b3efc0e5, c01872c5-243e-43ff-b744-3467c6b3f6ec, 5dff8fb2-73e6-4c22-a34f-c367aa2677df, 444db2d3-2856-4307-8a36-09b15651fb8b, ff872490-bef6-4c14-b5ec-66ac9d24ad19, 61e5c9d9-f22a-4993-9062-7bcff41a8b8d, 102383c9-7485-49d7-a872-a80d2b03d65e, d7ac8bec-69ed-4a1d-982e-d0596872c7c5, e99b4112-0808-4d93-98da-338a6cf41799, 4d16a079-ca73-4bb6-b6ce-872bdddf1aa4, f0a78e58-ec7e-494c-9462-fbd6446a9a89, 96d328b9-5da7-4389-a9ac-765e98971ab7, fb96b132-fcde-46cc-86ef-000cb250c361, d8de2192-12b4-4fb5-97d8-8a6360a10e78, 4e9c2825-ff13-41ca-8e91-edd848060d19, 56f82ddb-4823-4825-a2cc-b9cf1beb48c1, d6d7696e-9bd3-4cb4-9cbd-9e58b9656bd4, 9a45767b-ea02-495d-bb79-6be84b106fc7, 60d611ba-5bdf-41f3-b1cf-0f712879397a, 73b9f4e5-3047-4b2a-acce-3232b959c41a, d4ac55b3-cc99-4b47-aba2-ed60be31c170, 996c1d09-9229-45d6-8163-5002ab07b943, bab7eda9-42de-490e-8660-6107de2dc7cd, 02910a33-93ba-49fb-9bfa-f8db58520cdb, 25779386-76af-4b0b-8ef7-487754f01409, bacab81b-4dd0-4047-8d51-a9cb03a8e18e, 51b38ce7-11f0-4dc0-8e21-6522b0587ec7, 92ecb67e-11a0-4daf-95e2-70251ecfc5cb, c40c2035-77ad-439b-847f-ad984d28d056, 0ab3092f-590b-4caa-a4ad-17bfeef0fd0d, 6b3e8cfc-d40a-4dc1-bf3f-9a4ff3e5b4ba, 62c033c2-103d-4c76-8dbf-19c1cc869ddf, 37337971-dd7b-4728-8384-f412ddbadc19, 6db754a3-73b8-4ffa-895f-a03725486bff, e1d1e05e-ff08-40ac-a3a8-ce8c6ad99521, 30a03e2f-327f-42b2-babf-fbc8e9a208fd, d3302868-9c63-4712-9cf0-adfcaad19187, 8956c97a-6d85-4d4b-a6f7-6d42c6be97cc, 4a108326-b19d-42ce-94f6-807abf6e4679, c3fde7b3-0e88-4bfb-ba02-aeecf5d774ae, 39959832-be7e-4420-94ab-9244f409bfe9, f1d41ba9-ccc9-4c05-aa65-d37b9769d17d, 9a995df9-084f-4a39-a623-4ef1b06a36ed, 3936f6c7-3f6c-4205-8cda-3178160b6cd4, 532dd818-19a1-46a1-b2aa-630606026a07, f4b9eb2c-5b14-4bea-8281-231355e612e7, 4b9914f1-be96-41f3-978f-3a8bc479846d, d57cd3fc-5185-4b29-8a85-c2f04bf6921c, 696c06e7-a338-4cf5-b9c3-ea8b9e775a94, 39dd701b-dbe8-4aab-8306-932c6e67cbad, 975927a6-72d3-435e-81a3-cbb931dcb532, 73151e02-dd2a-4509-968e-b9c16ec1c5db, 90c1930d-6795-4daf-8efb-635b7ac3dfae, c923f085-d480-4c64-9d9f-f53d368da37f, 57615619-0c1d-41fb-8640-ccec5b3add58, 0b69b7d3-3b11-4cd8-9306-23572be9a053, 746d6f36-70e0-4b16-a29a-bb9a4108b12e, 3e54b313-2fde-4180-9948-74e889dd9430, 34bb4f9d-0c0a-4685-b26a-47721c59c039, 41ea29bd-18b3-4bcd-aa23-554fa490e4c9, a89d5b15-cb4f-425f-9d05-eb31afe95945, 229b0c82-3957-4d9b-8b61-2da7f4518b56, 8390a22a-cc2b-4286-9043-c7270807bf77, 91dd61bf-7c49-4276-bba6-1db2804921a9, 69b71a9b-54e5-4b51-9c5f-ea894b05ac06, 03b2975b-7493-462b-a851-711ce6beb6c0, 94c83d8e-052f-46cd-96c3-dc0b96760d28, a6ab18ec-e32f-474b-964b-987309c61581, 0a513662-19e9-4255-8bf0-621b026739a7, 30834191-0094-4b13-b1ae-76ecd54d43a3, 8878ed65-7566-4f15-89cc-442945ff7b43, d4f4c049-6657-4d52-8da7-eb18982a02b2, 437bbb96-dbfd-4398-8dfc-14d41300c00f, 557c0d37-0427-407d-a235-c78028d91220, d57f0e9a-445b-465d-b757-be4f32e75fb9, 0a449219-862a-4184-91c1-9af3bb6755c1, 77dff2e3-1436-4612-95bf-ad95275993ca, 1dc0c4a8-0e13-454d-b3cc-16181bdf727d, 5af379e6-1bd1-4cf8-a23c-03266fb77b2c, 5c3a2afc-895f-4169-8647-7ddbcb61b539, 3ec86f23-32df-48c5-a821-31d92b71f335, 955553d5-ebb6-4647-8c90-04ca93af4f50, 09092757-a6a5-49e6-b2b4-a59856c6ea81, c963b3af-46f5-40f7-a918-aebdfe46a653, 7c9b8846-a95c-40ff-b7e7-732169cc1f0d, cec08bf9-4f41-4cbf-88da-bd1643c99b21, 5ff06450-cfa0-4e6f-ba87-ca6f412c9b44, 12c44ec3-3624-4c0d-990d-27c38e7a5848, 6a64daa7-32ec-4d35-a7ec-f3df800f6d5e, 3b1be2b3-8b19-4bb1-a516-a18d0877fa47, ac889fdb-47ff-4286-be48-3920cdbeaedd, 37a0932b-e52e-4483-a370-a566d4c5b8f9, 41a5ceb6-c603-44d2-af37-bc159ed58fa6, 43881011-2473-4d3c-a836-534dddc420da, a1a27aa8-6ac4-4ff8-be0d-96b8c286059c, faec7707-99a5-406d-a1ea-f10df6ee1c06, 05606e8a-4053-4683-ab95-3903bb2d4efd, 6d0a4a90-821e-4a01-9e2f-5bec389167f9, 89fa73f0-4341-4de4-bb2a-e429ef96bd43, 553fada2-1c79-48f2-9010-f5c751b63bb1, 7ccdee1e-c91a-4c93-8bca-d671cab1ee1c, 7a01fdb1-c5c0-4833-a252-8593f91eed3d, 64dd5b2a-0963-401c-bf69-ade920ce7e28, 1372c870-37d5-477f-bab0-7b23a9de8074, 5b9271a4-a750-4dc8-bdf8-20653b1acfd8, 46726d44-b83a-4f34-bb8b-738f4205af48, 32be4219-c156-41b6-acbe-6c29ce3b1ab5, c087ef41-7647-460b-8843-5999e52d67eb, cb9ae34f-f1d3-426e-baf0-5ec913a25046, e384ec29-136e-4241-9321-49b367b8cbd5, 7958a2a7-ac77-4689-a961-786a1880793d, 229628a2-f8e0-43ca-bac9-f14a161f9124, 4e73dd4e-0e2b-4a11-8f5b-658619b08027, ae883cc3-2dce-41eb-9158-9e4b8aeeb20e, b3984824-9eea-4ad9-ae37-b07782ecc313, eafbc7e1-f154-46ef-a7f5-5cf4f75d7039, 9e49825f-6567-4ede-90d5-46a1af9a127f, e22473a3-7a8a-46cb-8c86-1bda7a5c70de, 7bcce1b7-4b72-404b-bc0a-dbb60ce8d538, a6ff3348-3fd4-4d3c-8ac2-44294877fe83, 0b5bd097-f8c9-457b-8de8-32ef82585a62, 83568c85-7264-4e45-8a2e-eeb246118465, 5d92add1-219e-4f10-9c1e-8d610487ab78, 564f0976-781b-44e7-96c8-7377097d0101, 1db5507f-ba78-4c81-96f1-36a4874fca87, 81094a7e-7b3d-48b5-b98d-9b1a6a20e7d0, 9929eaae-7536-4dbb-a05d-8261c8df07e6, f122809a-5097-4ff1-a4c7-760b528acedf, 1c6341f3-ca86-4f0a-ba3c-5f2ecc924bc3, 82d5ad79-433e-42af-b8d7-9d56ab3a9033, 7375bcd2-3b76-48ee-bdd3-17ac6b66d129, d2593c3d-2347-40d9-948c-b6065e8459a9, 148518b5-c324-4882-81a6-678168063a2c, 7c247d9f-12cb-43eb-b30e-d4330cea1898, e6846c18-8ebd-48eb-a076-322974711472, 4ee34b3b-921c-4545-ad82-354f5d8187c5, ff3e8c61-d72a-42bf-a84a-ecf5409468dd, 637aeb5b-9b5f-4829-acd5-0d4e78f115dd, 38d13f6a-2511-4a37-b113-1466951f420d, ef311b58-fbd2-4690-be1d-dcf88b1c5361, bf44b8ea-c737-4eec-a51b-01006202f303, da42bebf-eb62-41e2-b325-26f2037900bc, 44c1c60f-ae33-4350-a362-21fa3b26fb2c, bdbf6235-f421-4700-a5a9-bba9a8b51b5b, 8668a87e-6ec5-4069-8649-a08824bb3e14, c21004f0-4d4b-4882-8718-e1d6d276b175, 0d7dbf6b-1abb-4aa1-a4d9-47d9c3429333, 5a867ffb-7227-416d-a286-f73c9ee6a4af, dd4d0068-ae1b-4e78-a7e5-7e8c2a4a5615, 47d4edeb-7705-4e8c-a380-777d52b0ef2d, 037155f4-4db8-4f07-8d0a-3e559605b8ad, feee3eb1-d625-4766-9da5-d855ac2f557c, a22480d4-2dc0-4b39-b2f8-262e104e1e2d, f66b22c0-9b76-4cb7-b53a-96fb613772f6, 837a56ff-9852-49a5-a0e2-e03e6cb4fb7c, 9bc6f6fa-94fc-4748-b4ff-40aaa6c4f525, e3f6e172-5893-4a65-abb5-4adfc2ae2685, 38578b5c-4509-49df-ad79-c62cc914e4a5, 000e18cd-4bd3-4629-b6fa-cc7c2173acf9, 3db31d95-bc82-478c-997a-b462aab61fcf, fa65c031-aa6b-4447-80d6-943d2138885b, a8d6559f-aec0-4242-ae71-f9671395d1ba, 07b5ae90-4161-4463-945e-41a48fdced21, 75435d1c-b380-431b-9f00-e0470900b888","1656679605048, 1656784125928, 1656792710587, 1656792779200, 1656850568273, 1656852979118, 1656853100843, 1656853248349, 1656955633964, 1656955795922, 1656956267508, 1656956426562, 1656956793659, 1656956912585, 1657034038891, 1657154907623, 1657155112779, 1657155291878, 1657188082234, 1657203261574, 1657206706173, 1657212647557, 1657234701669, 1657279480940, 1657285103396, 1657306541816, 1657315928481, 1657380173465, 1657380271121, 1657385663345, 1657448143026, 1657556305529, 1657556399577, 1657556523426, 1657558095692, 1657558189335, 1657559779392, 1657585045853, 1657620493529, 1657620654978, 1657635381737, 1657639756794, 1657664898666, 1657713401128, 1657713552708, 1657722904764, 1657737418483, 1657744144291, 1657793913202, 1657809049410, 1657809142401, 1657817896545, 1657819869306, 1657820166100, 1657898966497, 1658051697496, 1658051790206, 1658061847323, 1658118820660, 1658119088253, 1658139644030, 1658139799108, 1658145544326, 1658171310639, 1658171468977, 1658171546584, 1658173390129, 1658222488675, 1658230233134, 1658230358026, 1658250279191, 1658258519403, 1658271308288, 1658271454201, 1658313710259, 1658313808302, 1658317275455, 1658317510821, 1658323266988, 1658323513712, 1658327179458, 1658335738510, 1658339430643, 1658343452926, 1658343546523, 1658361258134, 1658401741438, 1658401838434, 1658403785136, 1658403956493, 1658405622377, 1658419374356, 1658423622529, 1658423885757, 1658442449392, 1658491791523, 1658491835380, 1658495476029, 1658501613610, 1658501685285, 1658510683778, 1658514766274, 1658516243089, 1658561609258, 1658561699136, 1658686762651, 1658689251462, 1658742611082, 1658748638247, 1658748853448, 1658748996937, 1658761115868, 1658780359077, 1658780484264, 1658838874959, 1658845798087, 1658852827574, 1658852867872, 1658859541179, 1658873226868, 1658918544368, 1658918647708, 1658926512018, 1658938209945, 1659052868654, 1659091587225, 1659095104182, 1659095214443, 1659100358532, 1659100575381, 1659100593283, 1659108159977, 1659108380397, 1659129938034, 1659137844217, 1659137976914, 1659195943469, 1659196064847, 1659196312865, 1659207063825, 1659264897796, 1659265717905, 1659265847261, 1659306661089, 1659354501406, 1659354857043, 1659383823825, 1659447220857, 1659448700012, 1659448852013, 1659449047258, 1659530446860, 1659547054642, 1659607828030, 1659619517430, 1659627918636, 1659630264976, 1659630433888, 1659639144617, 1659641641644, 1659706418993, 1659792513342, 1659808712622, 1659808817411, 1659809894564, 1659809979113, 1659881134308, 1659891176973, 1660067600106, 1660067833090, 1660067987945, 1660068747795, 1660134456264, 1660134817298, 1660136924077, 1660157880505, 1660163361624, 1660163387878, 1660163491888, 1660206843525, 1660225013464, 1660229565192, 1660235564323, 1660306798708, 1660339732464, 1660384239759, 1660395521683, 1660397855534, 1660494402946, 1660494949229, 1660517567531","14, 19, 17, 6, 4, 35, 24, 28, 38, 37, 35, 33, 25, 47, 24, 18, 40, 15, 26, 20, 17, 43, 12, 12, 23, 17, 27, 11, 6, 43, 10, 13, 22, 38, 24, 27, 20, 14, 37, 9, 28, 3, 8, 32, 37, 7, 25, 30, 28, 14, 96, 69, 61, 23, 28, 7, 25, 23, 90, 17, 30, 30, 17, 38, 21, 9, 17, 51, 23, 12, 22, 7, 18, 10, 17, 28, 46, 25, 34, 33, 27, 62, 15, 17, 49, 64, 20, 18, 55, 26, 14, 14, 23, 9, 21, 15, 20, 27, 13, 25, 28, 24, 31, 14, 22, 15, 40, 98, 49, 21, 13, 18, 22, 12, 8, 23, 6, 14, 22, 32, 11, 5, 3, 13, 33, 63, 44, 23, 27, 3, 14, 6, 116, 50, 64, 40, 45, 33, 11, 44, 67, 12, 102, 11, 48, 19, 35, 37, 70, 18, 13, 73, 36, 15, 14, 6, 24, 9, 16, 26, 10, 24, 11, 33, 17, 16, 25, 22, 60, 25, 8, 20, 56, 16, 30, 15, 6, 18, 16, 35, 26, 9, 52, 4, 18, 56, 9, 30, 22, 12, 8","50069, 84495, 62249, 10006, 30000, 147718, 111734, 215427, 139891, 155467, 101275, 50068, 101612, 188844, 88206, 104682, 171457, 43701, 60000, 60000, 60000, 130000, 116616, 50000, 102526, 53234, 80000, 44215, 20000, 130202, 30000, 76158, 106277, 296708, 301621, 77124, 103362, 60000, 160596, 43302, 178211, 10017, 41233, 106891, 150000, 30000, 130000, 150000, 120000, 73643, 489308, 269470, 275294, 78490, 90000, 42266, 108444, 70000, 345943, 105683, 129002, 253111, 70000, 139672, 75302, 30000, 114652, 120000, 92213, 66777, 140142, 30000, 83848, 62369, 91747, 80000, 130000, 269577, 120000, 91360, 168594, 280920, 90000, 88109, 105861, 170000, 78220, 150000, 167588, 60000, 30218, 70000, 80860, 47864, 89312, 41808, 90000, 90807, 67997, 117786, 84821, 177051, 128937, 80855, 78030, 51635, 216980, 200000, 212887, 142684, 48277, 63951, 80000, 79121, 240000, 74607, 30036, 50000, 80000, 120956, 40000, 173868, 10931, 71741, 100000, 200640, 149533, 82433, 99839, 11344, 120000, 55533, 466430, 213233, 215838, 120000, 150000, 78790, 73826, 140000, 250000, 76663, 400000, 50000, 328129, 61051, 184590, 140216, 267834, 73464, 30000, 284816, 182985, 102916, 98095, 32044, 150582, 39994, 70000, 100000, 30421, 100003, 60817, 114601, 74179, 61211, 110000, 70000, 227222, 95453, 43536, 70549, 144554, 88841, 100000, 85545, 21882, 50000, 70039, 146757, 80000, 34204, 210000, 118742, 60000, 218294, 35917, 141310, 72518, 184368, 35704","53.49, 34.05, 79.0, 20.31, 15.2, 85.95, 44.74, 73.13, 74.87, 35.61, 45.12, 33.94, 50.71, 49.91, 48.21, 47.96, 87.57, 41.92, 34.62, 65.16, 63.19, 42.05, 70.88, 44.03, 54.01, 38.88, 58.17, 37.9, 15.87, 41.04, 31.13, 59.86, 59.6, 89.72, 56.4, 58.87, 58.9, 42.63, 76.06, 37.12, 81.76, 25.45, 32.05, 71.48, 69.4, 33.55, 54.61, 59.07, 62.48, 57.97, 83.74, 72.71, 64.86, 54.24, 54.76, 42.84, 58.69, 55.65, 50.55, 47.24, 45.78, 60.92, 61.2, 63.87, 37.98, 30.35, 48.32, 63.87, 57.82, 42.11, 83.72, 42.91, 69.13, 65.0, 77.52, 56.44, 75.48, 74.82, 76.33, 47.87, 72.33, 80.56, 79.11, 81.86, 64.41, 66.46, 58.61, 74.95, 70.87, 47.34, 46.45, 28.96, 89.71, 31.54, 43.74, 57.4, 53.49, 64.61, 43.85, 57.02, 45.18, 66.71, 75.14, 82.15, 63.12, 45.49, 74.23, 30.48, 87.05, 92.26, 46.63, 36.99, 64.05, 23.45, 79.52, 49.2, 60.27, 31.83, 69.8, 56.57, 49.54, 67.65, 33.72, 49.43, 42.52, 54.78, 63.78, 55.95, 79.13, 25.49, 71.19, 69.94, 60.73, 70.79, 64.23, 88.0, 88.38, 57.95, 36.85, 75.95, 89.89, 35.6, 63.19, 33.75, 71.79, 55.7, 100.0, 54.62, 94.49, 53.07, 35.58, 54.56, 29.71, 59.93, 81.99, 43.62, 70.32, 34.0, 81.21, 33.09, 33.13, 82.49, 35.25, 50.61, 68.24, 49.54, 44.17, 49.69, 68.29, 65.56, 58.23, 39.2, 46.27, 51.8, 64.61, 63.36, 23.77, 57.52, 38.23, 58.94, 68.23, 56.52, 79.48, 21.88, 52.84, 75.52, 49.42, 84.81, 40.76, 67.89, 34.23","1, 1, 1, 1, 1, 1, 1, 1, 1, 1, 1, 1, 1, 1, 1, 1, 1, 1, 1, 1, 1, 1, 1, 1, 1, 1, 1, 1, 1, 1, 1, 1, 1, 1, 3, 1, 1, 1, 1, 1, 1, 1, 1, 1, 1, 1, 1, 1, 1, 1, 1, 1, 1, 1, 1, 1, 1, 1, 2, 1, 1, 1, 1, 1, 1, 1, 1, 1, 1, 1, 1, 1, 1, 1, 1, 1, 1, 1, 1, 1, 1, 2, 1, 1, 1, 1, 1, 1, 1, 1, 1, 1, 1, 1, 1, 1, 1, 1, 1, 1, 1, 1, 1, 1, 1, 1, 1, 2, 1, 1, 1, 1, 1, 2, 1, 1, 1, 1, 1, 1, 1, 1, 1, 1, 1, 3, 2, 1, 1, 1, 1, 1, 2, 1, 2, 1, 1, 1, 1, 1, 2, 1, 2, 1, 1, 1, 1, 1, 1, 1, 1, 4, 2, 1, 1, 1, 1, 1, 1, 1, 1, 1, 1, 1, 1, 1, 1, 1, 1, 1, 1, 1, 2, 1, 1, 1, 1, 1, 1, 1, 1, 1, 1, 1, 1, 1, 1, 1, 1, 1, 1","1656679605048, 1656784125928, 1656792710587, 1656792779200, 1656850568273, 1656852979118, 1656853100843, 1656853248349, 1656955633964, 1656955795922, 1656956267508, 1656956426562, 1656956793659, 1656956912585, 1657034038891, 1657154907623, 1657155112779, 1657155291878, 1657188082234, 1657203261574, 1657206706173, 1657212647557, 1657234701669, 1657279480940, 1657285103396, 1657306541816, 1657315928481, 1657380173465, 1657380271121, 1657385663345, 1657448143026, 1657556305529, 1657556399577, 1657556523426, 1657558095692, 1657558189335, 1657559779392, 1657585045853, 1657620493529, 1657620654978, 1657635381737, 1657639756794, 1657664898666, 1657713401128, 1657713552708, 1657722904764, 1657737418483, 1657744144291, 1657793913202, 1657809049410, 1657809142401, 1657817896545, 1657819869306, 1657820166100, 1657898966497, 1658051697496, 1658051790206, 1658061847323, 1658118820660, 1658119088253, 1658139644030, 1658139799108, 1658145544326, 1658171310639, 1658171468977, 1658171546584, 1658173390129, 1658222488675, 1658230233134, 1658230358026, 1658250279191, 1658258519403, 1658271308288, 1658271454201, 1658313710259, 1658313808302, 1658317275455, 1658317510821, 1658323266988, 1658323513712, 1658327179458, 1658335738510, 1658339430643, 1658343452926, 1658343546523, 1658361258134, 1658401741438, 1658401838434, 1658403785136, 1658403956493, 1658405622377, 1658419374356, 1658423622529, 1658423885757, 1658442449392, 1658491791523, 1658491835380, 1658495476029, 1658501613610, 1658501685285, 1658510683778, 1658514766274, 1658516243089, 1658561609258, 1658561699136, 1658686762651, 1658689251462, 1658742611082, 1658748638247, 1658748853448, 1658748996937, 1658761115868, 1658780359077, 1658780484264, 1658838874959, 1658845798087, 1658852827574, 1658852867872, 1658859541179, 1658873226868, 1658918544368, 1658918647708, 1658926512018, 1658938209945, 1659052868654, 1659091587225, 1659095104182, 1659095214443, 1659100358532, 1659100575381, 1659100593283, 1659108159977, 1659108380397, 1659129938034, 1659137844217, 1659137976914, 1659195943469, 1659196064847, 1659196312865, 1659207063825, 1659264897796, 1659265717905, 1659265847261, 1659306661089, 1659354501406, 1659354857043, 1659383823825, 1659447220857, 1659448700012, 1659448852013, 1659449047258, 1659530446860, 1659547054642, 1659607828030, 1659619517430, 1659627918636, 1659630264976, 1659630433888, 1659639144617, 1659641641644, 1659706418993, 1659792513342, 1659808712622, 1659808817411, 1659809894564, 1659809979113, 1659881134308, 1659891176973, 1660067600106, 1660067833090, 1660067987945, 1660068747795, 1660134456264, 1660134817298, 1660136924077, 1660157880505, 1660163361624, 1660163387878, 1660163491888, 1660206843525, 1660225013464, 1660229565192, 1660235564323, 1660306798708, 1660339732464, 1660384239759, 1660395521683, 1660397855534, 1660494402946, 1660494949229, 1660517567531"
96a7de5c878eb0c03077a2e595e0e71b294176f91a39fc549791bff0c9642202,Non-Logged,5,"esid:conteudo_editorial_g1#materia#https://especiais.g1.globo.com/al/alagoas/eleicoes/2018/apuracao-zona-eleitoral-governador/maceio/1-turno/, esid:conteudo_editorial_g1#materia#https://especiais.g1.globo.com/al/alagoas/eleicoes/2018/apuracao-zona-eleitoral-presidente/maceio/1-turno/, esid:conteudo_editorial_g1#materia#https://especiais.g1.globo.com/economia/concursos-e-emprego/lista-de-concursos-publicos-e-vagas-de-emprego/, esid:conteudo_editorial_g1#materia#http://especiais.g1.globo.com/economia/concursos-e-emprego/lista-de-concursos-publicos-e-vagas-de-emprego/, d3e97394-5111-43ce-b9b6-c1b6adb729b4","1656956186176, 1656975831124, 1656975831124, 1658173836199, 1658173971572","7, 42, 42, 5, 35","30000, 171715, 171715, 25723, 63144","25.68, 89.52, 89.52, 39.13, 79.4","1, 2, 2, 1, 1","1656956186176, 1656975831124, 1656975831124, 1658173836199, 1658173971572"
1e41d780907030953eb6ec32bc570b5b067cea5aa438897318b40562a8233bc3,Logged,13,"ced7fe89-46e6-4bc2-b5c8-ecfcfd33c577, d173164f-dcfc-4e32-8006-64ab44a57c66, ea1d3d40-99a8-4834-ab61-9993b5c4689d, 5609e7cb-9222-4cfe-875a-780cdb0c36f8, c370b626-8d8e-4c0e-9d06-0cf16473bd29, 5441eaea-2f75-468c-9a5a-6dfcb1e8cb3e, 6dcc1adc-251d-41c6-b7cc-50f4b00181c5, dfc0718b-b625-49c3-b1dc-2a19d4bd50d4, 5af379e6-1bd1-4cf8-a23c-03266fb77b2c, 94c77949-55cc-434b-84bc-f84bf875da63, 47e1ddae-8f6c-41ae-9bdc-6a2acff86bfa, 829265f6-c85e-4474-aaf2-49f7df8c4fdc, 399c1321-5d2b-494e-9025-2ba2b8b56117","1657892985786, 1658160648179, 1658160778982, 1658160876644, 1658422752943, 1658424042636, 1659034405186, 1659363877778, 1659466478605, 1659616943343, 1660225872250, 1660230874765, 1660230886132","0, 1, 1, 0, 1, 0, 0, 0, 0, 5, 0, 2, 0","38305, 108167, 83475, 101339, 162691, 38893, 80000, 56368, 110000, 112009, 9127, 270000, 20797","62.61, 74.56, 75.37, 63.18, 78.13, 53.65, 33.45, 61.24, 66.27, 34.86, 52.06, 84.7, 23.08","1, 1, 1, 1, 1, 1, 1, 1, 1, 2, 1, 1, 1","1657892985786, 1658160648179, 1658160778982, 1658160876644, 1658422752943, 1658424042636, 1659034405186, 1659363877778, 1659466478605, 1659616943343, 1660225872250, 1660230874765, 1660230886132"
55cd76c5300b233aa545ca331ce6a51a1a1afdfb48c37dd188e3160138f71c2e,Non-Logged,2,"esid:conteudo_editorial_g1#materia#https://especiais.g1.globo.com/bemestar/coronavirus/2021/mapa-cidades-brasil-mortes-covid/, esid:conteudo_editorial_g1#materia#https://especiais.g1.globo.com/bemestar/coronavirus/estados-brasil-mortes-casos-media-movel/","1656883951500, 1657669529445","150, 10","430396, 20000","21.94, 8.31","26, 1","1656883951500, 1657669529445"
0127ec66889516ae35e4c92bc94b4f20ac6dba11efebe3d93fd31018a9f736e9,Non-Logged,3,"01e04eaa-e455-418c-b6fe-836f6309a121, 31a83030-f9ab-4536-909e-af62bf48176c, 4884ecd5-3161-4240-be94-64b15f3f7dac","1657922857714, 1657931303603, 1657931306710","19, 9, 9","310000, 90000, 90000","35.67, 48.17, 58.52","3, 1, 1","1657922857714, 1657931303603, 1657931306710"
c1de75a2937c01a87942890840d23bb798f4d5f6222c71fecec5add034caa489,Logged,3,"3fb7858c-33f9-412a-b0cc-c847df3e2be0, 84daff6f-3bd9-4197-85a9-99fe78286d0f, 1b8e6bc8-85f1-4f75-b926-ebb5163aa55b","1657106506945, 1657453783501, 1660083070483","1, 3, 0","10000, 15372, 54531","19.94, 25.67, 22.69","1, 1, 2","1657106506945, 1657453783501, 1660083070483"
9aa561822080bf674a040cc47bc94efdbc827d666a1e09bf9a6bf6fa2318a3d8,Non-Logged,12,"09b1696b-37d8-402a-8e03-b59434dee2b9, 11cdab41-edc5-4af3-ba9a-bf53e5681263, 286428b0-dd16-46e6-8189-2908a23967ea, 5b1cb0ce-8056-4dec-a64d-623068958061, d8e96969-c9d9-4c28-a9a8-403abc1e784a, 46f5b6c9-9eea-422c-94af-ae0f3bfbd021, 141814bf-48d5-492e-9605-bed1b400d346, b2543715-4744-4983-991b-7692e2062de1, dd697b83-1f8b-4811-a789-c61a2008c673, f00301ea-a6ff-437d-b83d-f18cc5d1a314, 8668a87e-6ec5-4069-8649-a08824bb3e14, 11e99467-b34d-48e8-a24a-b12a1ff2aeef","1657050138386, 1657202064300, 1657897767416, 1658169251843, 1658239635584, 1658501423716, 1659469801125, 1660056931648, 1660068224479, 1660161142071, 1660161201990, 1660247781141","1, 1, 1, 0, 1, 0, 0, 1, 0, 1, 0, 0","21967, 21929, 176507, 89103, 31231, 60000, 23406, 70000, 113606, 54767, 83732, 15593","19.26, 49.22, 61.0, 55.55, 36.38, 54.92, 52.43, 53.85, 41.71, 32.74, 89.06, 59.41","1, 1, 1, 1, 1, 1, 1, 1, 1, 1, 1, 1","1657050138386, 1657202064300, 1657897767416, 1658169251843, 1658239635584, 1658501423716, 1659469801125, 1660056931648, 1660068224479, 1660161142071, 1660161201990, 1660247781141"
2b2c78cb33f89d70462489604818460b8b8746c70b2c2af1e354085215d68e4b,Logged,21,"ad983a90-1972-4374-8562-a28a4cd5792a, bf257382-74fb-4392-ad6a-143240e39f81, af617145-c750-4973-81eb-a1ff00e6ed1c, b57fa2d2-0a34-4117-b22d-29ad42c8e063, 97c00ceb-20e2-455e-b706-9a720e9b32d2, 2ada6513-218c-461b-9a84-4a7f365274f5, fe9e9751-34c2-4eca-8ab0-7b66b4176a95, 6fd7873c-74c8-4344-bdf0-e9c3ac2be4aa, b0803304-62b4-4428-a333-e9bf623c8a98, 5f2f1833-d203-486a-ac56-665fc3767018, 196bc3e6-7d59-43b6-be97-66eda6a138cd, 9929eaae-7536-4dbb-a05d-8261c8df07e6, 1db5507f-ba78-4c81-96f1-36a4874fca87, 5af99ef3-adff-464d-9976-5c5d6391b014, 399318fb-a6ca-4ef2-9297-c1c3b0ce955d, 115ade20-a6a7-480b-894f-8b31c71a6811, 70d48d39-0e58-401b-b378-87c9deb1e05e, 3918bad4-9bae-473e-bc11-0ca5c7ea00af, c48c4f8d-b3c7-4d3f-82c4-84091bd4e401, ff26f5dd-71d1-4364-940b-8647e048a209, ac3032ba-f271-4f17-9a52-3b26f97389cb","1656817252535, 1657240323855, 1657274116158, 1657308723274, 1657308792675, 1657323776459, 1657328487571, 1657510000957, 1657582446724, 1657588082295, 1657845988207, 1657934050281, 1657974458756, 1658005911594, 1658006594482, 1658969642199, 1658974825190, 1659305129303, 1659495219732, 1659696298428, 1659753850590","1, 35, 7, 0, 0, 0, 0, 0, 3, 3, 2, 0, 6, 0, 6, 1, 5, 13, 0, 0, 2","436176, 150000, 10000, 33379, 20752, 10000, 20000, 142660, 79646, 270000, 20000, 210000, 20000, 130000, 310000, 30000, 41462, 21460, 105086, 10000, 60000","71.64, 59.93, 31.5, 12.2, 20.77, 6.92, 7.69, 72.78, 40.0, 65.81, 20.71, 63.08, 15.09, 36.77, 51.38, 23.32, 18.45, 18.19, 36.47, 7.15, 24.27","1, 1, 1, 1, 1, 1, 1, 1, 1, 1, 1, 1, 1, 1, 2, 1, 1, 1, 1, 1, 1","1656817252535, 1657240323855, 1657274116158, 1657308723274, 1657308792675, 1657323776459, 1657328487571, 1657510000957, 1657582446724, 1657588082295, 1657845988207, 1657934050281, 1657974458756, 1658005911594, 1658006594482, 1658969642199, 1658974825190, 1659305129303, 1659495219732, 1659696298428, 1659753850590"
82d7d7065631e03abc09561cb62277aa7eefbd9c7bfe1f697bd0224d1d4a9183,Non-Logged,38,"1d899325-ad3c-4287-804a-3d994492dad8, 426e9777-7ad8-4b0f-98f4-48e8ee96ace5, 9663d9e1-ce9f-42aa-981c-ef9e527d1427, d7f17a3c-3885-4b47-95a8-c4204a3698f5, 1f32787b-de2b-49be-8c20-ddaeae34cc22, e5dff3ec-c282-4cdc-902a-797474029014, b7f30490-0b67-4ccc-b032-1eeeb179b464, 5b1cb0ce-8056-4dec-a64d-623068958061, cee20002-7c68-466a-933e-f8969dc58afc, 48c38ab4-fe04-4bf5-a186-14d49f888bfa, eb74a313-250b-46cf-850d-fecc9e8c82fb, ca81c71a-7c7e-4c8c-9c7d-3b3116dc17ac, cd3b041e-6889-41d3-a37a-9376057ba632, 696c06e7-a338-4cf5-b9c3-ea8b9e775a94, f4b9eb2c-5b14-4bea-8281-231355e612e7, 3936f6c7-3f6c-4205-8cda-3178160b6cd4, f14ffcb3-49c4-4718-962b-862a655494b0, 2de967f7-b28c-45ef-a21f-76c9926ea116, b4058eae-a3ea-4ce6-8c82-5233baf725bc, 4ef1d1e4-01aa-4aea-8a31-51598feef18a, bc84377a-7436-4098-87af-822874a41753, 43cc5638-6dda-4f23-be83-647bac748e70, a6ab18ec-e32f-474b-964b-987309c61581, 09a5a7c8-7687-4311-907c-d43fdb650b4c, 11649ce1-ed5a-46e0-92da-eb105f4555ff, 07a4db52-a301-4056-b8b7-12b033df82d3, 9385dbf2-3c15-4a39-94da-728d3b3436fa, 310b1025-6924-4dd2-b26c-b4069fe8b547, 399c1321-5d2b-494e-9025-2ba2b8b56117, 7c076eda-5b41-4b0f-815f-0f6400148b0c, 724c524c-af7d-4e76-aff7-20a9852ed1ec, e8469190-b257-4f0a-b683-e8eee1c94d2a, f0d952ab-7ea3-4d14-be0a-659c72d5c6ac, 1045a19a-a686-47b8-aa54-33c1063613d6, 3a54bc78-a1f6-4a3c-a1f8-d541597eb6a0, 7c778e01-6cf5-4367-961a-40999261af9e, a25e68dd-1343-4dc5-be73-2ae40aaca5ee, d0f28016-a84c-429c-a3f5-5f467f03f9d9","1656986551934, 1657102758143, 1657124642239, 1657124784947, 1657124882099, 1657125207295, 1657402139577, 1657402361732, 1657496792415, 1657522085236, 1657522163601, 1657522385024, 1657618350689, 1658530960513, 1658531216852, 1658531688663, 1658531902596, 1658639446898, 1658639762169, 1658858363596, 1658858521257, 1658858663432, 1658884901013, 1658884985071, 1658885173987, 1659344580248, 1659654751120, 1659682579541, 1659913761883, 1659913963379, 1660082471993, 1660082642296, 1660128490639, 1660131315000, 1660212872626, 1660385977798, 1660386740861, 1660386820477","32, 13, 32, 20, 80, 12, 13, 21, 29, 7, 18, 13, 6, 51, 7, 16, 29, 60, 51, 50, 29, 32, 11, 34, 24, 57, 8, 49, 4, 12, 27, 20, 23, 2, 41, 27, 11, 0","176632, 50000, 131215, 88002, 314674, 70000, 32560, 83182, 140796, 41868, 129857, 71111, 30000, 246410, 40000, 82514, 100000, 303511, 378132, 150903, 110050, 78150, 41698, 132435, 84595, 349677, 30000, 190000, 7819, 127139, 59911, 65993, 100000, 28470, 192216, 113976, 66481, 10000","91.98, 19.87, 47.59, 40.63, 87.08, 17.09, 34.87, 38.44, 37.02, 17.25, 34.98, 43.77, 25.96, 87.94, 13.06, 30.27, 37.71, 91.39, 82.84, 74.08, 47.75, 57.19, 20.5, 44.48, 42.05, 52.48, 26.94, 39.56, 12.46, 40.34, 45.76, 33.84, 30.28, 27.02, 89.44, 29.66, 34.23, 8.72","1, 1, 1, 1, 1, 3, 1, 1, 1, 1, 1, 1, 1, 1, 1, 1, 1, 1, 1, 1, 1, 1, 1, 1, 1, 1, 1, 1, 1, 1, 1, 1, 1, 1, 1, 1, 1, 1","1656986551934, 1657102758143, 1657124642239, 1657124784947, 1657124882099, 1657125207295, 1657402139577, 1657402361732, 1657496792415, 1657522085236, 1657522163601, 1657522385024, 1657618350689, 1658530960513, 1658531216852, 1658531688663, 1658531902596, 1658639446898, 1658639762169, 1658858363596, 1658858521257, 1658858663432, 1658884901013, 1658884985071, 1658885173987, 1659344580248, 1659654751120, 1659682579541, 1659913761883, 1659913963379, 1660082471993, 1660082642296, 1660128490639, 1660131315000, 1660212872626, 1660385977798, 1660386740861, 1660386820477"
b2376440306cbbaccebc955c780a8eb09918a1bc68ee720b5b9df263ba3f25ae,Non-Logged,160,"e6be325d-18f3-461d-93b4-435a7c9a6311, 8fd58450-2e16-4577-b45d-b3f92428d93f, f577ad54-5372-4f16-abf9-2180cea55b39, 31e64f8d-ca41-4831-8673-98c707014658, 964850d4-5df8-4d62-bee9-beb0e677cc5f, a43a9d4c-08bc-4732-a281-bb516e443d76, fe31a3a1-20b9-4c6e-9692-c3bca946eb26, e01c1a9f-c5ff-40f5-93c6-af7bb784e755, 8200ceb8-ace3-48cd-8c8c-52b03b61de2f, e48c17c7-953d-438b-8d73-505e51618d91, ced7fe89-46e6-4bc2-b5c8-ecfcfd33c577, 44e28e7b-08db-4a81-9ca3-a4140ca332ed, 286428b0-dd16-46e6-8189-2908a23967ea, 29b6b142-4173-4ec4-832f-7d0a32255c10, e8dcc786-8c0f-4c15-ac5e-ba8c8197028a, c7296f91-5231-42d1-a7e9-b1a4a1bc28df, 3417afdf-cfef-4df4-be5d-2960e5d32e81, 7881e7f1-7125-4576-aae2-0be4673ff85d, 7f16bca4-4683-4665-87bf-9fa3334b382a, eb7cf69c-3d60-4967-bd8e-0b0be870665b, 50028008-aa11-4519-9d75-452c84dd27fb, 7737756d-9c31-4e57-8709-917ec7d60904, b9da528c-1c7c-42ed-a133-d89c832890cc, 2a3cdcb6-d952-4fdb-93d4-231e161f1188, d5bf7370-50e6-430a-984f-183281cffc5c, 57c8339a-f570-4d5d-8e9d-e79b0d22bf82, fe1cc72c-61ca-43b8-ac33-4fbf61e20e55, f3e7e062-58dd-4c39-98cd-b8c0c56f8773, 6fde38a6-c04c-4ff4-ba98-efa7247fde5d, 0d2e99c0-0144-42fe-822b-81cfba0e88a3, 4d16a079-ca73-4bb6-b6ce-872bdddf1aa4, f7bbbd87-d703-45b1-a852-f8db6ffd0fa0, b7cb25e8-728c-485c-91c5-224167424189, 30fa8088-bc67-440e-b66f-6f6b42c76e45, 0f338ea1-7fa3-44e6-8f7f-a66bcbbe63f4, fd056173-a8e6-46bc-8481-7d2fd0a8adfb, 3e6544ca-8b4e-4c67-8572-78f915e2ff31, 092cfe37-7ce4-4e1d-b5f6-65352c62cb1c, b1c2378d-479d-4383-be8e-bb5f270bd63b, 6d96b10b-6eee-4d11-8acd-8236247d6bf8, 560dce04-d455-4446-9bf3-7d26d74dc01e, 6ec65b29-e203-4d31-9bee-7bee29136860, 56842ab3-fa49-436b-af4c-1b0a802f2217, 2c4774e6-010a-4414-b6a8-824386c9550b, 3ce3160f-004f-48ec-bf4b-ca7373a9e39f, 3035b31b-4c8f-4c1a-bb73-4f0e7be1471f, 82300f19-f8fe-49b2-b5b4-f1ac144a369e, 139c9e4d-b7eb-43d0-b2fc-1cb230f0adc8, 862ed05d-ba1c-4ae0-90d1-0ccaf769a799, ebc00bed-3e2e-45d3-8a9b-0ce430f30d0f, b8d51b59-3bb7-458d-a305-50c20b817a28, 78c6496b-74f0-4060-94c8-a315d1acfe61, f4b9eb2c-5b14-4bea-8281-231355e612e7, c0bb2d35-d252-4002-ab3d-e0f7a8dc8ac7, f14ffcb3-49c4-4718-962b-862a655494b0, 9e434fae-3183-4d3a-8e1d-00a461e5d7fc, 0baa8cd7-1eef-4960-aeb4-4128e58efba3, 312aa4de-c74e-49e9-b0b5-a4fbff3b4c99, ee51f09f-fec3-471b-990e-85af8d44ff2e, 7050db14-50d8-4aed-bc52-12e40fad9474, 02dd1448-4909-44c1-8ad0-c8a02d16d9a9, 201d75a7-85bd-484d-84b3-aac7168b12b6, e3cdb277-ad80-4025-b5de-cd98cc67d23d, 0d409498-1034-425c-a05e-bbff6a66cb45, 9dbe92be-46cf-4429-b113-fdd5a2c1a2ec, 3ee8ff4c-2dae-4394-8ff6-abd22556e323, 4a983c7c-cd3d-4ef8-9584-eb83fd7fa90e, 9d122587-4859-4177-958c-d635e0c92eff, e93f13f3-466e-4a34-8cb3-09460b909d29, 43cc5638-6dda-4f23-be83-647bac748e70, e40ae165-2210-4649-9f4a-8ec02b2424e9, 09a5a7c8-7687-4311-907c-d43fdb650b4c, 4700f517-5c5d-483c-81b7-d77aca04991c, d7b28200-077e-46be-9055-14e40eed76bc, 1770d9f9-cafb-409a-8008-72655ec84a88, d38da315-9c5c-49b9-b57b-7f99f8fdd267, 1bdfba8e-e98b-4647-8003-62c6a17319c0, eb8efdd6-df18-4409-b0c6-8dc066d4f504, e5743cd7-98c0-491b-b621-b80538874d4c, 1dc0c4a8-0e13-454d-b3cc-16181bdf727d, b0617eb0-b658-4635-bf03-e689d783a0d4, f6b5d170-48b9-4f8e-88d4-c84b6668f3bd, bff9da95-5295-450e-abb8-1d5434887c33, 250b3f58-c19e-47b0-b3e2-c57ae4d9cf06, 15281e10-e6bc-48bc-9b1b-94402f83699b, e50f10d8-87d8-43ba-a04d-a39422fd0e34, f13e6b23-8d2c-4c9d-a8ee-75fc66f53e6f, fbf2d148-b202-4dbc-a287-0214ad0fb519, 38f206b8-17eb-4f60-8a20-27e808061ef5, 747e0c9e-8fcd-4bee-9179-47ffab419746, e124e2a2-1332-4f45-a374-69c1ef47b65d, 14a367fc-a9d0-4600-8909-b8fd2987bbf5, 333e76ae-177a-4eea-aa2c-554b51052cd9, 416bfc46-af5e-4f88-97f9-b237d2ff3ae3, 770529a4-fbb5-4960-bfbe-44f712c854e2, e49dafe6-af57-4ffd-94fb-f07dd9f53211, 3eba95c2-8bc6-4b4b-824e-f8866a695251, e384ec29-136e-4241-9321-49b367b8cbd5, 05718e1a-de59-4af3-baa3-8a516ba8302f, 4bdb0cbf-9b64-47b4-8100-cacffe741814, b4205fc1-0e95-4f4a-8ce1-e2e6478c5a41, 4e73dd4e-0e2b-4a11-8f5b-658619b08027, 9fc931b9-57a7-4dfc-81f8-d7dbd261e006, 0830bec5-fb12-4f38-b3bc-62a461f9fa65, e8285c39-c8ae-4148-a47e-b1e1fe7430de, e43e9799-305f-430e-bae3-477e98b3dfc0, f07efbc3-d8ec-4787-a864-6c245bae58a3, 08aeaddc-ee03-4070-9a4a-6ac210e8b87e, a6ff3348-3fd4-4d3c-8ac2-44294877fe83, e8ee236a-ab4c-466a-97dc-0811aea169c2, ae6ab95e-0c43-4be4-8748-3eef5711fd10, bd02229a-c123-4e55-9623-9094f04101c5, 06096e61-15d0-4303-b755-aba7ed2aaeb1, 1e8b4466-5667-4fb2-8010-b4880b197326, d66628e7-f7f5-40ab-a658-efa8c8312cd5, 1e60dca8-e1e7-4cc6-b2b1-8a6d9f9017b7, b0d6e9bb-00ad-4832-b94e-80fb02c00cd8, 89d8134e-2997-4260-8aaa-4ab6dfc6ad9f, 2fe1f540-131b-409e-bb48-ca5bea89b707, 683d91c6-ff96-4aac-b712-22f0e5008e5e, 965d8cc2-1bd5-436e-86db-9c8ed9507661, 4ef738eb-2602-4b1c-870e-4efa16175ff6, 7787f9f5-1ffa-4a90-b4e5-97cfadbd2666, e8469190-b257-4f0a-b683-e8eee1c94d2a, 7b8e2fa1-5872-4f7f-a8be-1077697e099d, e2527610-687b-44b0-8f05-ec1afbe93ea5, 399318fb-a6ca-4ef2-9297-c1c3b0ce955d, 005063cf-ad1c-4a4d-bc96-fb6b4298ec3e, 87dae6d9-2905-4fe2-a443-10ce54ca6dc1, fdca184d-0ed2-4508-bd1f-9e447144e41c, 106e6c31-5aa8-4d21-8d76-2fd90d35dba1, a3361408-a006-466f-9656-2e60e4e06b84, 4bbd3930-ba43-4e42-9729-a510b8592014, 01b6dab8-e07a-473f-b789-a2bb201fb835, 6a2124a4-2619-4682-aad3-44b4f80d7989, b572f38f-9b7b-4259-8b10-9928b77b36ed, da4f06c0-162f-4df3-aba4-9acef028369d, 96798969-115f-403f-857f-08470b049a5a, f6c1dada-7c43-499f-b15a-633c05b3bd55, 853d90bb-2708-4882-89f8-3a80eef6c82c, dbb6c3e5-2542-49cf-864d-81ab650aa217, 063d557d-d7d5-4e20-b77a-96aaac69344e, 5c0d8933-9cb3-48ab-8a66-8fa980f3cc78, bd376c20-d7bd-423e-bdaa-79564677b298, 38cf0374-d0cd-4381-9efb-c9aa7c5e6304, 5dbf1167-2e93-4408-a447-3c93b4eb9f40, d3e97394-5111-43ce-b9b6-c1b6adb729b4, 9f5516b6-02f8-4cea-a736-132b49756977, 563cf0e0-d4d7-44f8-a30f-bba9f9137bcb, 341c6a41-999c-428a-8ca5-ccec647608a6, 1a3641be-fa6a-4d72-a5eb-9069686a88ee, efef6019-5180-4433-9d7a-c96afed992ed, c9a8b0ef-c185-4b8c-beb3-2bdf99ea5b49, 9b8b971f-565a-4315-b831-84b3e151d23e, 10b235ef-5fc3-4b50-8d27-e257e1c49fbf, de98c205-7420-4c8f-af15-d00eecd92873, f3e13e3e-fc3e-44a7-a17a-1a8aca25fe66, f203f833-8dcf-4a05-9f0f-4b58eb440bbe, c041f6d7-df78-40ee-8832-6772a0db14bb, f6caeb33-4972-4d95-b6b7-0dc07deb179a","1656672521649, 1656707046902, 1656717582724, 1656717763504, 1656804261791, 1656804345949, 1656846759637, 1656847302652, 1656863689897, 1656867609210, 1656902748524, 1656933975267, 1656934118901, 1656954511063, 1656964658915, 1656964842364, 1656965540217, 1656979884193, 1656991327351, 1656994779567, 1657054999169, 1657055084329, 1657069541135, 1657104730560, 1657104986134, 1657154127879, 1657191614693, 1657212101312, 1657246614828, 1657246671212, 1657268527031, 1657268664667, 1657327173449, 1657327298718, 1657385707897, 1657385727085, 1657399825197, 1657454740880, 1657455013078, 1657455377171, 1657458203603, 1657487594145, 1657487720437, 1657538071952, 1657538232982, 1657560064530, 1657577388572, 1657585034005, 1657590952860, 1657662959041, 1657663062771, 1657707192097, 1657707810141, 1657707911285, 1657708051752, 1657754353069, 1657755029076, 1657815400292, 1657815445005, 1657851041418, 1657881244847, 1657881879451, 1657897468822, 1657917497495, 1657917629408, 1657990970202, 1657991118640, 1657991258217, 1658001683496, 1658001860100, 1658002425877, 1658033833082, 1658033910633, 1658080859497, 1658099035032, 1658160023824, 1658160154584, 1658228530508, 1658316233953, 1658374859976, 1658404594058, 1658452687617, 1658452886090, 1658452937599, 1658453069834, 1658453260627, 1658453457646, 1658453563100, 1658491240407, 1658503891259, 1658504068779, 1658574342283, 1658574538653, 1658592636975, 1658592671210, 1658592749464, 1658617513808, 1658663701557, 1658663881932, 1658664430246, 1658664820227, 1658664898224, 1658714511597, 1658787490638, 1658803114336, 1658874710475, 1658874849441, 1658874892196, 1658885511578, 1658942355986, 1658942476550, 1658970675865, 1659003829167, 1659003954243, 1659046578828, 1659046672376, 1659094545780, 1659143211960, 1659143532832, 1659177501225, 1659215564516, 1659273616026, 1659312535748, 1659343877804, 1659434111251, 1659491586242, 1659491645797, 1659524280428, 1659580531004, 1659611672394, 1659611769425, 1659662767015, 1659663076250, 1659699204038, 1659804551290, 1659814989714, 1659848752348, 1659881245376, 1659883532588, 1659997953563, 1660015140685, 1660015166660, 1660047943075, 1660073689314, 1660095761048, 1660131814259, 1660180067755, 1660180123009, 1660180308797, 1660220872375, 1660310170063, 1660384671043, 1660420475110, 1660420611115, 1660502872403, 1660508717279, 1660528143488, 1660528230854, 1660528364122, 1660528436964","19, 8, 3, 13, 4, 27, 17, 5, 8, 2, 9, 8, 8, 2, 24, 7, 0, 23, 8, 0, 2, 6, 5, 25, 1, 2, 18, 8, 3, 6, 10, 7, 12, 18, 2, 11, 23, 2, 125, 25, 9, 14, 9, 21, 11, 14, 3, 11, 7, 5, 2, 61, 1, 4, 7, 50, 7, 1, 7, 5, 0, 1, 18, 32, 5, 6, 9, 14, 16, 71, 3, 2, 17, 0, 5, 15, 7, 24, 29, 3, 5, 7, 1, 10, 18, 31, 4, 10, 11, 8, 14, 16, 27, 14, 4, 5, 7, 18, 86, 23, 5, 11, 11, 2, 6, 1, 7, 7, 4, 9, 5, 5, 18, 14, 0, 4, 3, 10, 5, 16, 4, 6, 10, 13, 5, 8, 9, 8, 6, 2, 8, 7, 2, 6, 3, 13, 3, 47, 71, 9, 4, 4, 3, 3, 30, 4, 24, 5, 15, 7, 8, 1, 12, 4, 2, 3, 6, 7, 3, 28","80000, 40000, 20050, 88760, 10000, 120000, 110000, 30000, 60921, 10011, 60000, 40000, 44613, 20000, 174553, 40000, 10000, 110000, 47072, 10000, 10000, 20017, 20622, 120000, 14873, 10073, 152296, 46614, 20913, 10000, 102866, 40000, 85447, 136698, 10000, 55079, 74245, 140000, 843955, 170000, 41470, 60000, 70000, 120000, 70000, 90000, 29269, 96345, 50000, 30000, 10422, 420000, 13979, 21689, 50000, 260000, 50000, 10007, 51862, 20007, 170000, 37215, 105879, 177437, 20019, 34824, 60000, 80000, 80000, 370000, 10060, 10011, 103057, 10000, 30000, 40174, 30000, 200000, 100000, 25806, 30837, 46357, 12823, 77689, 172483, 120000, 20000, 85324, 50000, 40749, 90000, 126069, 254503, 59461, 22493, 42460, 40000, 146858, 596913, 110000, 39099, 60000, 35942, 10103, 22014, 10979, 31417, 67669, 24189, 70012, 20173, 30586, 94565, 70000, 24702, 20294, 10011, 82624, 31521, 104172, 20000, 31862, 84976, 100000, 20090, 37472, 51825, 60000, 100000, 20000, 58333, 57352, 10000, 52880, 20116, 76945, 20183, 230000, 690000, 56717, 24413, 31751, 30663, 20000, 222911, 32692, 175220, 30000, 77776, 50000, 66310, 10012, 80147, 39796, 20000, 10031, 52554, 47115, 20000, 265013","46.1, 18.52, 46.6, 35.89, 25.13, 52.85, 40.24, 16.26, 21.7, 21.68, 51.72, 34.19, 32.51, 12.11, 53.8, 28.73, 11.02, 46.55, 42.76, 9.91, 22.55, 27.07, 30.97, 56.53, 18.71, 17.2, 52.25, 41.79, 30.12, 15.61, 39.36, 42.33, 31.43, 49.23, 10.74, 61.7, 43.42, 69.82, 77.6, 53.38, 46.58, 32.11, 39.09, 21.42, 58.44, 35.47, 38.44, 39.01, 45.95, 15.42, 32.95, 62.08, 23.54, 30.68, 37.04, 99.75, 60.65, 26.6, 33.25, 38.48, 64.49, 32.41, 56.05, 43.72, 39.34, 17.94, 30.77, 37.65, 42.37, 71.49, 11.34, 14.63, 84.87, 7.58, 33.28, 38.51, 16.73, 56.51, 26.55, 39.39, 28.85, 29.62, 11.33, 37.67, 36.61, 32.57, 28.22, 38.9, 29.68, 31.83, 83.35, 38.84, 51.84, 35.16, 26.72, 37.75, 31.86, 40.78, 63.71, 42.65, 35.84, 61.14, 37.74, 25.15, 14.5, 10.51, 38.58, 34.42, 32.73, 47.01, 30.67, 39.36, 39.21, 35.37, 6.78, 11.69, 26.9, 73.14, 38.81, 49.73, 23.34, 48.78, 49.29, 45.17, 35.08, 38.23, 33.79, 50.84, 22.91, 27.26, 38.39, 39.79, 17.71, 27.5, 31.85, 61.99, 34.05, 91.12, 78.55, 59.45, 23.54, 24.73, 35.28, 10.91, 99.54, 30.25, 83.72, 16.89, 45.66, 28.08, 34.62, 22.98, 44.71, 35.82, 25.06, 25.7, 39.64, 34.8, 33.17, 65.38","1, 1, 1, 1, 1, 1, 1, 1, 2, 1, 1, 1, 1, 1, 1, 1, 1, 1, 1, 1, 1, 1, 1, 1, 1, 1, 1, 1, 1, 1, 1, 1, 1, 1, 1, 1, 2, 1, 2, 1, 1, 1, 1, 2, 1, 1, 1, 1, 1, 1, 1, 2, 1, 1, 1, 1, 1, 1, 1, 1, 1, 1, 1, 2, 1, 1, 1, 1, 1, 1, 1, 1, 1, 1, 1, 1, 1, 1, 1, 1, 1, 1, 1, 1, 1, 1, 1, 1, 1, 1, 1, 1, 1, 1, 1, 1, 1, 1, 2, 1, 1, 1, 1, 1, 1, 1, 1, 1, 1, 1, 1, 1, 1, 1, 2, 1, 1, 1, 1, 1, 1, 1, 1, 1, 1, 1, 1, 1, 1, 1, 1, 1, 1, 1, 1, 1, 1, 2, 1, 1, 1, 1, 1, 1, 1, 1, 1, 1, 1, 1, 1, 1, 1, 1, 1, 1, 1, 1, 1, 1","1656672521649, 1656707046902, 1656717582724, 1656717763504, 1656804261791, 1656804345949, 1656846759637, 1656847302652, 1656863689897, 1656867609210, 1656902748524, 1656933975267, 1656934118901, 1656954511063, 1656964658915, 1656964842364, 1656965540217, 1656979884193, 1656991327351, 1656994779567, 1657054999169, 1657055084329, 1657069541135, 1657104730560, 1657104986134, 1657154127879, 1657191614693, 1657212101312, 1657246614828, 1657246671212, 1657268527031, 1657268664667, 1657327173449, 1657327298718, 1657385707897, 1657385727085, 1657399825197, 1657454740880, 1657455013078, 1657455377171, 1657458203603, 1657487594145, 1657487720437, 1657538071952, 1657538232982, 1657560064530, 1657577388572, 1657585034005, 1657590952860, 1657662959041, 1657663062771, 1657707192097, 1657707810141, 1657707911285, 1657708051752, 1657754353069, 1657755029076, 1657815400292, 1657815445005, 1657851041418, 1657881244847, 1657881879451, 1657897468822, 1657917497495, 1657917629408, 1657990970202, 1657991118640, 1657991258217, 1658001683496, 1658001860100, 1658002425877, 1658033833082, 1658033910633, 1658080859497, 1658099035032, 1658160023824, 1658160154584, 1658228530508, 1658316233953, 1658374859976, 1658404594058, 1658452687617, 1658452886090, 1658452937599, 1658453069834, 1658453260627, 1658453457646, 1658453563100, 1658491240407, 1658503891259, 1658504068779, 1658574342283, 1658574538653, 1658592636975, 1658592671210, 1658592749464, 1658617513808, 1658663701557, 1658663881932, 1658664430246, 1658664820227, 1658664898224, 1658714511597, 1658787490638, 1658803114336, 1658874710475, 1658874849441, 1658874892196, 1658885511578, 1658942355986, 1658942476550, 1658970675865, 1659003829167, 1659003954243, 1659046578828, 1659046672376, 1659094545780, 1659143211960, 1659143532832, 1659177501225, 1659215564516, 1659273616026, 1659312535748, 1659343877804, 1659434111251, 1659491586242, 1659491645797, 1659524280428, 1659580531004, 1659611672394, 1659611769425, 1659662767015, 1659663076250, 1659699204038, 1659804551290, 1659814989714, 1659848752348, 1659881245376, 1659883532588, 1659997953563, 1660015140685, 1660015166660, 1660047943075, 1660073689314, 1660095761048, 1660131814259, 1660180067755, 1660180123009, 1660180308797, 1660220872375, 1660310170063, 1660384671043, 1660420475110, 1660420611115, 1660502872403, 1660508717279, 1660528143488, 1660528230854, 1660528364122, 1660528436964"
37f43853971c49d474f56b8ca3090b4f894ee0eaa92adc7128ca36003ab60b4f,Logged,60,"d173164f-dcfc-4e32-8006-64ab44a57c66, 18633c31-9144-419f-95b7-7bbac07695c8, c12d9d59-bfc8-425a-b8d7-e14b87850220, 0e4e09a8-7a88-4758-a3f2-d0dce43df4c1, a70fefee-e4f7-4023-821f-2f0a260295c1, c9e2ac55-4e0f-4317-b314-65cca48253a3, ecc37a22-b730-4e3a-bc87-c3ba3403acbc, 52b4895d-0327-4ed9-9eef-7b48bc25e004, f4b484a7-38f7-4246-be9e-4e2cd8373bcd, c3d868b2-002c-41bb-9833-f8f8d90c8cd8, 230d19cf-28f8-459a-ad3a-da60aa640639, ecd63535-1875-4f84-b7c1-3aabcadd316f, a3546453-e741-493b-94d1-9043ba082039, fbbd2472-9ee2-4d84-9211-deb431ba8a75, f38d9b98-70c5-44c2-9a6d-fcee0df331ab, 5512feb7-1489-48ba-a78b-457c9defcc51, c88cebc3-e150-4efc-993b-76cda07dc6ef, 4d89c4b6-6827-4935-9ba1-0502025af270, 66a9efac-fd43-4fd1-9824-c404b08efa5d, 7fe849c0-4a55-429d-b480-11ee216909dd, 58f350e5-cf09-4958-9703-84c0e56468ea, a27bc5b0-2d58-4a64-8329-5e0b46487d56, 9d598d19-d6be-4c7e-a963-b8fedfa8f24f, 4e163060-2488-4627-a8ba-bbfc54a4d57d, a36c0493-9523-4b7b-a765-e5c537c90855, 139c9e4d-b7eb-43d0-b2fc-1cb230f0adc8, 2f482485-66b2-4efa-8cf0-d8b6ef93aaee, dbde0d13-7b11-4996-a7aa-604daa7bc991, 3936f6c7-3f6c-4205-8cda-3178160b6cd4, 880ef64d-da1c-4edd-98f5-71bea000f858, 84370c66-c085-400b-9db1-316c14101ac9, 1c27cf97-b20c-4e40-b1f1-288b721517b3, 0baa8cd7-1eef-4960-aeb4-4128e58efba3, a94ec35e-0ef4-4b83-ac96-034d409c82e0, a4c6c4ba-0143-47a3-832f-3f6cc1235cc8, 5d8388f3-736d-451b-a794-d826453e12e1, fbfb6e00-6da6-43ac-beb4-c0c1b317c12c, 34bb4f9d-0c0a-4685-b26a-47721c59c039, 7050db14-50d8-4aed-bc52-12e40fad9474, 9b08eb47-7b52-42ef-99a2-678fb8ce08dd, cec08bf9-4f41-4cbf-88da-bd1643c99b21, 09092757-a6a5-49e6-b2b4-a59856c6ea81, faec7707-99a5-406d-a1ea-f10df6ee1c06, f7778d7f-e540-4d48-b8e2-e5eda19be385, 7ccdee1e-c91a-4c93-8bca-d671cab1ee1c, 8458c0c6-5e5d-4e50-a5f9-6aea23ac3ff8, e8e6fd2f-86e8-47f8-b132-e196dc9e3b2f, ca35decb-6955-44b5-b2fa-eb4529c3cb5c, ef75d114-fb27-462b-8fc5-90b17ca0f85c, 224d8516-f349-4d8a-9e73-e3ca1c47a992, 229628a2-f8e0-43ca-bac9-f14a161f9124, 7c3fbe06-7d31-49b6-986f-3be196b84687, 0b5bd097-f8c9-457b-8de8-32ef82585a62, 127dc467-cdde-4738-aa8c-e18ab0e3e81c, b48b67f7-8842-4c3b-8c50-21de81e7c7cd, fa571e66-a5b4-448f-905f-59e398a673b5, fef3e640-6ec8-4cb8-a41b-ed3d7e358a7b, edef47a9-e0db-426c-ac6c-62167a6321dd, 4c63d7cd-4902-4ffb-9b94-578b1b2151f0, fcbb2ebd-7aab-4a39-b0fa-bfcc56fcb5b4","1657122038234, 1657289281187, 1657289419644, 1657289522449, 1657289536196, 1657289760294, 1657713517009, 1657719356110, 1657719357810, 1657808737812, 1657827624630, 1657894369331, 1657896677203, 1657896679886, 1658148788213, 1658162846926, 1658162960230, 1658238816317, 1658338312259, 1658338315921, 1658703963654, 1658703984654, 1658704201764, 1658704287768, 1658755344575, 1658757611035, 1658770328085, 1658770376077, 1658770387990, 1658859933321, 1658859936087, 1658860088943, 1658860093320, 1658929471678, 1659011977397, 1659012017134, 1659105731481, 1659113941409, 1659114069586, 1659364208832, 1659364302543, 1659364302979, 1659449803328, 1659462512174, 1659462660415, 1659534146935, 1659547208933, 1659547567871, 1659551344787, 1659621953293, 1659644721757, 1659645217857, 1659964851973, 1659964886542, 1659964891981, 1659967279353, 1659984332596, 1659984384152, 1660239828869, 1660241324591","0, 0, 3, 0, 0, 0, 0, 26, 0, 23, 11, 0, 1, 2, 12, 16, 15, 0, 10, 1, 0, 1, 0, 0, 13, 4, 0, 6, 7, 10, 58, 50, 7, 3, 0, 0, 63, 0, 5, 1, 0, 10, 9, 4, 25, 8, 6, 0, 5, 1, 1, 1, 0, 15, 4, 0, 41, 3, 7, 22","29998, 60000, 50000, 9967, 70132, 30000, 92657, 144245, 10000, 207733, 26399, 7595, 30000, 30000, 30000, 40000, 35604, 30596, 71384, 30000, 30000, 50000, 66830, 60000, 31060, 24913, 35313, 37771, 78087, 35562, 106618, 108145, 39912, 30000, 45629, 45995, 230000, 73615, 10000, 34198, 110000, 113885, 20023, 20888, 85454, 15421, 50171, 5873, 12704, 30000, 55911, 10000, 57327, 110188, 36086, 9614, 42121, 20853, 50000, 33453","65.31, 68.74, 61.02, 53.08, 68.77, 48.86, 62.64, 63.41, 11.61, 59.73, 74.51, 6.93, 26.87, 40.38, 57.16, 46.66, 30.46, 68.67, 54.65, 43.34, 40.55, 57.58, 35.67, 59.1, 39.74, 73.94, 20.93, 58.21, 36.65, 68.3, 52.99, 78.83, 37.41, 31.36, 50.34, 62.74, 76.9, 78.86, 25.66, 54.53, 16.55, 57.01, 46.47, 56.27, 74.64, 42.29, 55.74, 10.47, 23.32, 51.66, 62.67, 8.36, 13.88, 53.13, 55.52, 48.31, 49.74, 46.86, 73.94, 25.7","1, 1, 1, 1, 1, 1, 1, 1, 1, 1, 1, 1, 1, 1, 1, 1, 1, 1, 1, 1, 1, 1, 1, 1, 1, 1, 1, 1, 1, 1, 1, 1, 1, 1, 1, 1, 1, 1, 1, 1, 1, 1, 1, 1, 1, 1, 1, 1, 1, 1, 2, 1, 1, 1, 1, 1, 1, 1, 1, 1","1657122038234, 1657289281187, 1657289419644, 1657289522449, 1657289536196, 1657289760294, 1657713517009, 1657719356110, 1657719357810, 1657808737812, 1657827624630, 1657894369331, 1657896677203, 1657896679886, 1658148788213, 1658162846926, 1658162960230, 1658238816317, 1658338312259, 1658338315921, 1658703963654, 1658703984654, 1658704201764, 1658704287768, 1658755344575, 1658757611035, 1658770328085, 1658770376077, 1658770387990, 1658859933321, 1658859936087, 1658860088943, 1658860093320, 1658929471678, 1659011977397, 1659012017134, 1659105731481, 1659113941409, 1659114069586, 1659364208832, 1659364302543, 1659364302979, 1659449803328, 1659462512174, 1659462660415, 1659534146935, 1659547208933, 1659547567871, 1659551344787, 1659621953293, 1659644721757, 1659645217857, 1659964851973, 1659964886542, 1659964891981, 1659967279353, 1659984332596, 1659984384152, 1660239828869, 1660241324591"
a7154f62829cdd5ac80c91d214cef270cb0820be5c2701da2f1baf320066afe0,Non-Logged,19,"86bd139d-36d1-4354-b9bb-d8041e7064c6, 080f2514-dfab-48a9-8eee-1a814f7fc43f, dfd361d9-ca3a-49a4-b929-e77ba65f247d, 5f4f737b-a1b5-4b47-a601-01877a5bbe27, esid:conteudo_editorial_g1#materia#https://especiais.g1.globo.com/bemestar/coronavirus/estados-brasil-mortes-casos-media-movel/, 47868a78-18e0-425e-bb18-dc8472ad1f77, c7296f91-5231-42d1-a7e9-b1a4a1bc28df, 97bfde1a-e778-4f77-b89c-450191fbb17c, 36962fd8-9237-4dcf-bf76-98a8fc80f952, 6acbb64f-0b1b-4320-b9a8-b779c8da11a1, 82a40d5c-acca-471d-8918-dfc1f27669d5, 0f338ea1-7fa3-44e6-8f7f-a66bcbbe63f4, 11ae3ff3-e3de-4cdd-8a18-f0988e3bb0b3, 595ecb90-07d1-4256-a4cd-0e3814ff7926, 56b39a7d-a621-4516-9eaa-adbeedd30042, 0c060313-9ecb-446a-800f-1242ed98feff, 1b606d64-4072-45eb-83ce-805e4d96b7e9, b63442d5-cf54-4d7b-950a-55152055b272, 862ed05d-ba1c-4ae0-90d1-0ccaf769a799","1658996665966, 1658996785338, 1659082795565, 1659131398834, 1659131495119, 1659385432342, 1659428473160, 1659514876726, 1659516592562, 1659601383630, 1659774418266, 1660033750944, 1660119809658, 1660124619337, 1660206208359, 1660207744021, 1660292638483, 1660292792956, 1660379133719","0, 0, 0, 0, 0, 1, 0, 0, 0, 0, 0, 0, 0, 0, 0, 0, 1, 1, 0","30000, 110000, 40000, 37527, 50000, 103775, 20000, 40000, 110000, 50000, 30000, 20000, 20000, 140000, 50000, 20000, 160000, 100000, 120000","17.88, 54.72, 26.5, 49.88, 47.41, 14.21, 19.3, 20.21, 26.14, 18.46, 19.41, 17.17, 18.79, 36.79, 17.43, 24.37, 38.34, 41.79, 44.84","1, 1, 1, 1, 1, 1, 1, 1, 1, 1, 1, 1, 1, 1, 1, 1, 1, 1, 1","1658996665966, 1658996785338, 1659082795565, 1659131398834, 1659131495119, 1659385432342, 1659428473160, 1659514876726, 1659516592562, 1659601383630, 1659774418266, 1660033750944, 1660119809658, 1660124619337, 1660206208359, 1660207744021, 1660292638483, 1660292792956, 1660379133719"
4c728d2ef64b3da16fa4b773b77f2f890a04a22830851b9a7ab8b1e21b3c5faa,Non-Logged,26,"9f056eab-f12f-410e-8d5f-14ad40f85a61, 598ed114-fd5a-4d82-90d8-f1e893cb0892, 21532265-cfd0-4301-a58d-dd615d0189d6, b82e867b-99b2-4629-b40e-b3d69ec033a9, 4b715f78-cfb2-4cef-bce4-7f50c8c9ecd4, a30edb2e-6d56-4b21-8460-4a14613dfe5a, f0a78e58-ec7e-494c-9462-fbd6446a9a89, 81f397cb-e2ac-4980-8152-ca33075b2d3d, 707aa39a-ef6a-4e5d-9148-3ebedb686707, 151bbffd-e13c-4700-b10f-442275071083, e63ef205-d49a-4cd6-ac85-059535e3d68c, 66a9efac-fd43-4fd1-9824-c404b08efa5d, 9220d7b6-6427-4d22-a558-a36009b9fe76, 57615619-0c1d-41fb-8640-ccec5b3add58, 35e05c24-1d29-498e-81f3-ecc93841c3d7, 82c7d3dd-b5a9-4e5e-ab9d-518cb333164a, 272df39c-9a5e-4f13-a8fd-1cfdba6be62b, ca35decb-6955-44b5-b2fa-eb4529c3cb5c, 999f8b86-8f29-44b5-942a-79d1174efb6b, 6760953a-6c40-461c-87ef-45639ea4909a, 5c0d1919-4624-4fca-86b8-5fd52c5880f5, 91787e3b-415a-46ca-92f4-c79e0814dcc3, e39e3609-0577-4d98-945f-d66adbc245ac, 8291ac46-f871-4422-afdd-68785e65fbff, 8e0884e2-50ba-44c0-87b9-d64d913288af, 120e8d3d-4bef-4dfe-8128-170c76a6c730","1656693699089, 1656934888470, 1656939777351, 1656940129184, 1656955320824, 1657037824709, 1657108951295, 1657208608182, 1657900163016, 1658252036215, 1658252128197, 1658421096972, 1658763797205, 1658939314857, 1659375107621, 1659443810005, 1659532556182, 1659542556136, 1659542803427, 1659613323172, 1659614873587, 1659786604977, 1659969702567, 1659980368330, 1660227837709, 1660324962562","0, 1, 1, 0, 0, 0, 0, 0, 1, 0, 0, 0, 1, 0, 1, 0, 0, 2, 1, 0, 0, 0, 0, 1, 0, 0","52283, 130000, 350086, 76716, 39420, 78612, 164343, 74510, 19419, 49113, 10000, 61510, 319924, 38231, 56589, 33119, 77714, 245078, 604964, 106868, 30000, 47497, 79797, 69152, 234974, 260405","32.81, 62.55, 91.5, 47.0, 29.95, 42.07, 71.67, 64.22, 22.09, 33.9, 22.91, 54.9, 82.38, 27.29, 72.43, 65.66, 51.62, 87.31, 99.64, 68.43, 13.14, 42.3, 57.34, 50.9, 69.73, 54.73","1, 1, 1, 1, 1, 1, 1, 1, 1, 1, 1, 1, 1, 1, 1, 1, 2, 1, 1, 1, 1, 1, 1, 1, 1, 1","1656693699089, 1656934888470, 1656939777351, 1656940129184, 1656955320824, 1657037824709, 1657108951295, 1657208608182, 1657900163016, 1658252036215, 1658252128197, 1658421096972, 1658763797205, 1658939314857, 1659375107621, 1659443810005, 1659532556182, 1659542556136, 1659542803427, 1659613323172, 1659614873587, 1659786604977, 1659969702567, 1659980368330, 1660227837709, 1660324962562"
97b16f9d145e26c28e86dff5d30f74cc133ba2357cb58ef755ba2cb91febb118,Non-Logged,248,"0f2829a8-eb60-40f0-93c2-5eb70b87574a, b6272c5e-a38d-4f69-a387-af66f0b046dd, a22fa1cd-f11e-426e-bd09-57781b82f6e7, c6ef110d-7837-47f2-84f6-cfea4da5e328, 2c1a1f2a-40d4-4b99-aa33-d6c62e4eb49c, 50eb18db-d487-4f59-ab56-71dfcfee7e8d, e8682569-d06f-4d2c-b18f-5eb57e41282a, f693c419-09da-4004-beb4-ac6390d6bb45, df5d45f4-5d75-4f49-90ea-c71e6e56ded8, 82229545-f283-4995-a75d-4051b4a16ece, 5d2a651b-a1bf-42fc-a674-a1d03e6b9b71, 8ec15b52-50ab-484f-96c8-3082316260ba, a6be33c6-26ec-4570-ad16-cef7a3cf86ba, 7c3ba874-e790-4f1f-ad84-734b35c6eca9, e31e47ab-d7dd-4afe-8f56-476e9fbced65, f8f5e87c-a631-4e68-b974-daed709ad2be, d48e5f74-9e94-41a4-b915-c16d0f935bc0, 7ea0bd2d-9f60-48ca-86b4-e1db10ed810d, 91762e72-4967-44cf-8a20-6967b7674381, d2b4ac53-b2a6-4868-90c4-a6cda0cb4874, dd3a3170-6849-4fd9-b097-af56c5d0d1d8, 59842c3f-00ac-448d-94dd-f14b3b701477, 16c086db-8854-45dc-8d78-b18f28dc7240, cb6b6c69-aa73-401b-be17-7832c9f1e99d, 6736d918-93c3-49f0-ab31-f43bf6b01fec, 7594da99-d606-4338-a373-710a7dec776a, 5bf8b3a3-3916-40ca-8672-a9f3df311825, 0e63f228-3f5f-4883-a851-d557a36c603a, b764a671-f576-46f1-afab-96275a2b466a, 03150228-6538-4425-adf1-312f3bf51df5, 8d90cadf-d098-4594-b6ca-6366a9ee1059, 9498e02a-4b3f-47f9-8904-c4ec500efb46, 263bf90f-b1de-408a-b23c-d345d6415fb0, b57fa2d2-0a34-4117-b22d-29ad42c8e063, 223ef849-af6b-4b65-ac5d-0966755f5084, 1ce7d5fe-d447-45c6-8c58-ae173fae6bf5, 0895bc50-28f3-4471-a4e5-9086db0e71d2, c088f7f8-d640-48bc-b60e-26ac1e0ce031, 6d44fe87-66cc-438f-af2c-f20b256c5108, 6786b1c0-2b8d-45e0-a5d7-21109bb2b66f, d7dd7366-35a0-4685-9298-c6eb2358ba01, 74a17d67-eb76-4925-9868-bf58313ac9f9, eacf1ef8-4ac4-4931-b245-5e79680e9c5e, 0b4d260b-2045-456c-9b11-1974d9cd45e8, 94fb0b86-bc32-4386-9f90-e948ee86d366, a6cd6f9a-cba9-45d2-966a-8e109949a2bf, ff9de722-e1ff-4975-a48d-ee25ff0dba85, 3898cd32-8cb2-4f91-bef9-0b43f4c790b1, 78154e46-5198-47ef-859d-42d75fc357ca, 62c033c2-103d-4c76-8dbf-19c1cc869ddf, d8b6f5a1-2f96-4d02-a78f-dbe1c87946f8, fba1bc0b-1f31-4199-83d5-1866ed07f21e, bcaa546c-7731-44bb-a8c7-418feed436c6, 1c3da657-e1c2-4290-a42f-02916c475d92, c5049efd-7061-4ae0-9afc-02d03bfc585c, 7216cefe-eb57-434a-81cf-4512db2dbc7f, e98a3169-1474-45fe-a677-a48203c9e8d0, 6a83890a-d9e9-4f6b-a6c6-90d031785bbf, 2121c2de-8a82-4074-81b5-7e3fdc0d3183, 07cd81df-ebcd-4dc3-9256-e410a599e8f2, 2de36771-38b8-4e2c-a2b7-d00590dd9009, 1c27cf97-b20c-4e40-b1f1-288b721517b3, 949a81ac-5df1-4e7b-9f4e-e364b5603e68, a2ef8430-00b6-49de-852d-2c72596c5917, 57615619-0c1d-41fb-8640-ccec5b3add58, 519985f4-f292-41dc-a23a-9cc9aeab5302, 8577278f-20bd-42df-9b01-5433eed2c46c, 1a9dce44-e66c-4342-9b28-1ed09cd6a8dc, 551897ed-617a-4e45-b410-8d5637f1278a, 172c1f0d-5e4d-4a8d-b777-fabe83d6fccd, e6e236c3-f06f-451e-9e97-8c60aec8ae5d, b92aa933-9104-431b-a0af-e5fa5b932fc4, fbfb6e00-6da6-43ac-beb4-c0c1b317c12c, 229b0c82-3957-4d9b-8b61-2da7f4518b56, e40ae165-2210-4649-9f4a-8ec02b2424e9, 2a4bfbc9-f9d5-4ef5-a290-0f57b3271202, a6a15273-cfb5-4bb0-8d72-6bcd13744625, 3dfe6852-1b3f-42fe-8a82-47d86fd511fc, 23fed378-ff12-4e70-8d81-61950e525629, a1d13d3d-3d92-4130-91ba-7dbe3a89b0bb, eaa13689-5f22-45a4-b87f-e54193d1f3a9, 9e5302b4-8bba-412a-8eb8-7aa6966fb498, a3140e0a-6767-4239-a8d0-33b75ff8e171, 6306938a-3f5f-4c1e-a6a8-96c1e5a611e9, ea4b3aea-9d9c-431c-9e73-cb86182353cb, b50296d7-76ba-4ab6-873e-3254e94056db, 3dcef2ca-b597-4f59-91e0-25810722544a, a6ab18ec-e32f-474b-964b-987309c61581, 43cc5638-6dda-4f23-be83-647bac748e70, 09a5a7c8-7687-4311-907c-d43fdb650b4c, c623b95b-b308-4734-a322-d2bf76305175, e3b65bf5-1733-44fd-a27e-fbcabd1b246f, 15ab4eda-2187-4dc9-9205-cfc98fc9c532, e4797bb4-81ca-4308-8c87-6ccef8849412, 84435f68-5a36-462f-8032-becb2589b086, cb4e3807-f7e3-4408-9841-e08d3aa0f631, 6621eeec-699e-481b-bdae-5584df4197d6, 1bdfba8e-e98b-4647-8003-62c6a17319c0, bbccd5b3-1a0c-4d36-8019-fb67247ab4d7, b1e3fd36-b55f-466c-8622-f511623c39ff, 4704767d-40ab-48c5-97b1-a7c9655d9d7e, 79eff04d-9c6f-4792-9188-f275108eef12, e60f86b4-d9b7-47e5-ab2b-5459dbcceccc, cbbc09bb-d46e-4542-86bd-f6df649bf88a, 54dcfc89-4576-458a-a349-26640f5c2a19, 3faece3c-a834-4789-bdb7-9652bb29d1b6, d6818bed-bfb0-4042-b3b7-fa5c125b3180, 28a49da0-c7ef-478b-bb31-9d22223cd4c2, 445b29df-d3e5-4166-9a61-5673b0cd337a, 80e2b528-1c4b-44ee-8428-ce77e967a44d, f4ebf1c7-18c4-4e53-b2ae-c86ad1af3499, 955553d5-ebb6-4647-8c90-04ca93af4f50, f6b5d170-48b9-4f8e-88d4-c84b6668f3bd, 96aebf6e-817d-4a3d-9e21-f5357ecebab0, e57cc467-d8c7-4981-b095-8b8a09cf1bf2, 26f8f7b7-2b2f-480f-aac0-db6ec6b16a88, 23a77b98-803c-42c6-b68e-e659be4d8f90, 85bc4131-511a-4374-a1fa-da0711995387, 45850faa-91a5-4b68-aa30-73767db3456d, 06371fcd-93b2-4ce0-975a-8e697c64582d, 9a86f432-3683-4ecc-8b52-42f3d9f61f78, 039e7e14-1611-4a44-b225-df9e002d19a7, 18fd4e93-acbe-40c0-bb98-2398d2950b2b, a146bec2-d2a5-4e82-a5d0-aa17e7f9f649, faec7707-99a5-406d-a1ea-f10df6ee1c06, b2543715-4744-4983-991b-7692e2062de1, 6c540c5b-6fb3-4523-a4a0-6cbc64516416, 7a01fdb1-c5c0-4833-a252-8593f91eed3d, 3b94c985-903b-45db-89a2-24d3d4459509, 0f9a56fe-46e2-4d89-add6-4796b86d83dc, f8274d89-525f-49c4-9331-68b69b03c5a6, e9c0e77a-f99e-49fd-8f8c-198abad75f1b, 9da17567-8c0e-4c27-a31f-977ecef3a243, 3b4fee18-204d-47f7-b860-bfc03f165e81, 2cb3bddf-be92-4272-aaa7-c00522f64ae2, 5f2f1833-d203-486a-ac56-665fc3767018, 84c68fc4-68d9-4987-b740-2e32d30f7069, e384ec29-136e-4241-9321-49b367b8cbd5, 529a23e0-baa8-4824-9554-416ceba464ae, 49dded32-ae29-4ed6-ac68-8425656a6892, 38983841-cbf5-4190-849a-b17a450111ef, 46f5b6c9-9eea-422c-94af-ae0f3bfbd021, f167a160-1031-438c-9cdd-6ca5eaa3b0e7, f60e10a4-0c7a-4658-acde-ee0cb8963bcc, 31d6f6ac-0c1d-4066-8b31-feae0b7593e3, 67558f9e-9823-4cda-bc25-2eeef11dbadf, da11d39c-ef01-4e8a-a2e8-cecb239b3328, 44ab09f6-312a-4cf3-bd85-d9788d98ce68, a44f6b09-7b96-401f-a285-3dece66a0263, 2230ede8-9909-467f-8cb7-0ae75cc1b35c, 47915fa2-3287-44ca-b845-e6dab8e5f1e4, b240be85-e8b1-41f3-8eec-7e6640a0b31f, ff6e7987-c84d-4147-8de1-e8acf8a93df7, b302e8a5-871f-44f5-9b29-5b79c97862df, 24925d81-6421-4d3c-b67a-47e1b37431c1, 4aab43dc-7095-4bc3-a28a-9cdcd537f554, 7958a2a7-ac77-4689-a961-786a1880793d, 36778383-3757-4f10-aae8-3e412de1888c, bf81e62c-e4e0-492b-aadf-4026fddbe605, fc8f3fa3-c097-4a9a-9895-8ef9f3ab0cce, bade7578-12ac-4604-8ac2-1cb36c96b72a, 7ffa07a6-8db2-47f1-b096-e574f25461f1, d6269afa-c1b3-421b-beff-30c409d7bf63, ae883cc3-2dce-41eb-9158-9e4b8aeeb20e, e9fc45b1-a364-470c-a40a-c4ac364fca08, 9d5a3bf5-58fb-4ec6-9966-1c5f45472f6b, 87696579-827d-49e4-99d5-2331cd0ceeed, ebedf054-c9bc-4784-9c6d-143f6bb06a04, 84c57f36-2d7c-478c-9de6-5d600262d77d, 069365d8-0db9-4b74-b412-230c1db9af6e, bf4c45a7-60ac-4ecb-b088-d18de4691382, d445ddb7-b5af-4c67-b1f9-b862a602a9b4, 63f3ac91-6c94-4bc9-8970-51cc6e3210c7, 4f3f1e5f-6f2e-4324-abe2-53c0a8701c7b, 7efdbce1-96ba-42cd-8cd6-988f4427f2ed, 95446444-dbd0-4db8-ab51-887423ed1d5e, 6363a474-1edb-43ae-9463-11baaaab906c, 71a50db2-b8b5-45a0-a4a6-15631fab635a, bd35aff7-a8be-4620-9f8f-a5ccc0b605c3, 1ef50164-1663-4429-8db8-3c0f7c48bccd, f7b2a3bd-e9ed-48c9-a513-997af1eabc44, cbd5caa8-568d-408e-909f-056c32d6b75a, 564f0976-781b-44e7-96c8-7377097d0101, 1c0de40e-9796-48e1-ad7e-144d809f7f41, 9d5bb1a5-43b7-403f-9687-6bebccd58aee, f1052fb8-4e51-4324-a5e1-cb89f529beb5, ac1e6c6a-9403-45b1-902e-60f4b6914854, e67a8a04-2e7d-45a3-8374-73380b09a47b, bb333e0e-599c-46d3-8f42-16eadc2dd86c, 7a00b557-a5cd-4ffd-8ea6-874b176c0450, 27625dab-0353-4ea8-b88c-b945c9e782dc, 2d9a0365-38a7-4779-92c0-60d95c968b9a, 876a3d07-c831-4f51-bcba-5a85a3be3bbf, a835b186-c2cc-4fd1-a4ee-7610f01d538e, c32fcf2e-47cf-45a0-90fa-abee2bf11a12, 8da92663-cfe5-4f31-bb1d-f391a7f974cb, 38d13f6a-2511-4a37-b113-1466951f420d, 9eb23067-19ef-475b-872f-eaa3120ee41a, 274cc8be-d995-4eff-ad04-246c48e9570d, 5ed92a62-dd28-4244-8ca4-c4d0cd8b6aaf, fc917b98-fded-4220-937d-55e8a32d134d, cb7608be-e04c-43e0-9a7b-078dbae2b9be, 6c0eeb57-6cc2-4b52-83b9-9cc9797ac6e5, 2ef627b1-c2d0-44f0-a282-d73d8594893d, bf44b8ea-c737-4eec-a51b-01006202f303, b79a9385-ab79-4949-a953-2320bfb28bc0, 87dae6d9-2905-4fe2-a443-10ce54ca6dc1, 4c63d7cd-4902-4ffb-9b94-578b1b2151f0, 89e19170-9ad6-4a7d-afbf-1721b2fae186, fd593fb8-0558-4a67-aa02-3cbf95a9469f, 6329820f-1dfd-4f34-b8ba-0bc81b10298b, 3250d2e5-a83a-4955-9dd3-d97a25c278b5, b73e2620-06e8-4812-9759-e16b38936df2, d5fc6cbd-fb1f-4eaf-a410-8c9bed21657a, fd3c2179-09b0-4b2c-96a9-2d8822f28851, 104f9a7d-f159-441d-bbed-665534a7211a, 6144af8d-bd8e-415b-9cc6-b463c6de4bed, e50824c3-edd2-4c85-acd7-44bda3346e5e, 5ef8124d-495e-4de3-af19-48c14b92dbd4, b4e732ba-beed-413b-9c5a-7c409992dcfe, 2b271fd6-d438-4e0a-b5a4-9fcf16b64b93, 671771d0-b633-49b8-b962-32cbb4f7df25, 3e730b20-4843-4e05-8546-6d7d181b3582, 571d0246-7655-481f-a278-fea0dace5649, 17a402f6-c1e5-487b-9380-3f35e5a4d055, ddf7c7a6-223f-4deb-959f-0030cc4ef626, 1a79e95a-0438-4cd0-90a9-d99fbfb448e2, c0b28bb9-ddb3-45ba-ba4c-c7b20a42d9b4, 35d9a7ff-02a3-46f1-93b6-0267254733f9, 8246cb4d-8b12-44e1-a1b8-8ebc35493351, 7d5c6ed0-c3d2-4a6d-964c-3ed353abb484, 12599cbb-35bd-41e1-9ff6-9166f521f00b, d26a6875-d1c1-499d-90b7-287ed476e7ba, 4531197e-1b83-49c4-9d99-79e2f23d5e45, 037155f4-4db8-4f07-8d0a-3e559605b8ad, feee3eb1-d625-4766-9da5-d855ac2f557c, 4911b621-be8b-43d9-b1ce-7f34ec19517b, 9bc6f6fa-94fc-4748-b4ff-40aaa6c4f525, 039eca3d-3894-4309-845c-ae42cfa599f1, 855d20b7-53f2-4678-a10f-55402d085018, 655a03ac-5dd8-49e2-adc5-e282a888c68e, ede8f363-4c27-4f5e-a70e-33f8aa31d94b, e5185368-70f8-4998-a738-ca22f300da7b, eb4641a5-ffa6-4dd2-9afc-abcdf704f77f, 7bcfce14-98e7-4144-8aad-6aea0f17b636, 45f3055d-18c6-49fd-a5fe-c730d23fa0f6, 9d886110-c81d-4063-b775-6edfe2549b87, 6adcf4db-14b6-4634-92f5-ed390b38e80f","1656672453859, 1656673039349, 1656673316934, 1656679587469, 1656680059842, 1656693484422, 1656930407023, 1656930530773, 1656930785341, 1656931049972, 1656952789105, 1656953155823, 1656953489444, 1656953794005, 1656954564487, 1656954746265, 1656955055777, 1656955119126, 1656955213168, 1656955415400, 1656955626522, 1657107343691, 1657107435416, 1657107496640, 1657107637032, 1657107864988, 1657108123771, 1657109122397, 1657109169936, 1657109739106, 1657124394483, 1657125254297, 1657125553944, 1657126100684, 1657131584323, 1657131669543, 1657131803699, 1657203072145, 1657284400265, 1657284451166, 1657285192270, 1657285500128, 1657285722579, 1657285871695, 1657286940806, 1657287018299, 1657287086098, 1657287210156, 1657287390092, 1657287468224, 1657287737101, 1657298055685, 1657298549904, 1657298942673, 1657562284466, 1657562866368, 1657562930926, 1657622930663, 1657623005697, 1657623167420, 1657624884736, 1657640697313, 1657640908379, 1657640944374, 1657641302570, 1657641586162, 1657642179168, 1657721936740, 1657722082982, 1657722153148, 1657722280423, 1657736569554, 1657736905537, 1657736982991, 1657737368814, 1657802658854, 1657802899442, 1657803077499, 1657803197687, 1657803608427, 1657803822101, 1657804028003, 1657804446163, 1657804677070, 1657804897191, 1657811179591, 1657811275869, 1657811448026, 1657811969937, 1657812158845, 1657812487604, 1657813297530, 1657813412748, 1657813618756, 1657813749661, 1657813918284, 1657887230126, 1657887463561, 1657887555855, 1657888020850, 1657888179959, 1657888356168, 1657888790342, 1657888999481, 1657889190625, 1657889269773, 1657889500980, 1657889812706, 1657901458745, 1657901644593, 1657902172319, 1657902446733, 1657902588482, 1658149505992, 1658149559755, 1658150023967, 1658150403231, 1658161195110, 1658161383231, 1658161720400, 1658161791089, 1658162498832, 1658226925627, 1658227118906, 1658227338047, 1658322052139, 1658322398368, 1658322865681, 1658322952911, 1658323070593, 1658323232097, 1658323452443, 1658323595003, 1658323738498, 1658333959875, 1658334493069, 1658334701208, 1658334987057, 1658335163679, 1658341582849, 1658411267636, 1658411385804, 1658422007643, 1658422182756, 1658422424125, 1658422921332, 1658423474971, 1658423657889, 1658423734441, 1658424133874, 1658424506498, 1658424662026, 1658425051107, 1658425156861, 1658425460058, 1658485370208, 1658485525208, 1658485639740, 1658486033353, 1658486238075, 1658486272821, 1658486361399, 1658486649840, 1658487110025, 1658490474288, 1658490649391, 1658490998534, 1658493132560, 1658493339541, 1658493546025, 1658493594527, 1658493887066, 1658494238600, 1658508163515, 1658508334306, 1658751319426, 1658751406472, 1658751537347, 1658751693566, 1658751917692, 1658752206982, 1658752829492, 1658752873394, 1658752978237, 1658842451232, 1658855911125, 1658856369782, 1658856548181, 1659009222944, 1659009675916, 1659009979956, 1659024633722, 1659025114374, 1659025636536, 1659025982010, 1659026197301, 1659095364891, 1659095544521, 1659096135939, 1659096702968, 1659098242516, 1659098453945, 1659101764060, 1659102071416, 1659102203618, 1659102299598, 1659102491675, 1659102616003, 1659102676660, 1659102834069, 1659102966328, 1659103155285, 1659372121329, 1659372271580, 1659373390516, 1659437464824, 1659437803650, 1659437912214, 1659524996209, 1659615204041, 1659631304103, 1659695392297, 1659695643682, 1659705273892, 1659705335374, 1659705349897, 1659705429553, 1659706197990, 1659706240034, 1659706452410, 1659706610243, 1659706718166, 1659706842028, 1659706902824, 1659706994948, 1659707194019, 1659707583638, 1659707837618, 1659707964371, 1659718329538, 1659718607296, 1660143970791, 1660157500446, 1660157722457, 1660158108843, 1660325304490, 1660325694125, 1660326197849","0, 0, 1, 0, 0, 3, 0, 0, 0, 0, 0, 0, 0, 0, 0, 0, 0, 0, 0, 0, 0, 0, 0, 0, 0, 0, 1, 0, 1, 0, 0, 0, 0, 9, 0, 0, 0, 0, 0, 0, 1, 0, 0, 0, 0, 0, 0, 0, 1, 1, 0, 0, 0, 0, 0, 2, 0, 0, 2, 0, 0, 0, 0, 0, 0, 0, 0, 0, 0, 2, 0, 1, 0, 0, 0, 0, 1, 0, 0, 0, 0, 0, 0, 1, 0, 0, 0, 0, 0, 1, 0, 0, 0, 0, 0, 0, 0, 3, 0, 0, 0, 5, 0, 0, 0, 1, 0, 0, 0, 0, 3, 0, 2, 0, 0, 0, 0, 0, 0, 0, 0, 0, 0, 0, 0, 2, 1, 0, 0, 0, 0, 0, 1, 0, 0, 0, 1, 0, 0, 0, 0, 1, 0, 0, 0, 0, 1, 0, 0, 0, 0, 0, 0, 0, 0, 0, 0, 0, 0, 0, 0, 0, 1, 0, 0, 1, 0, 1, 0, 0, 0, 0, 0, 0, 0, 0, 0, 0, 1, 0, 2, 0, 0, 0, 0, 0, 0, 0, 0, 0, 0, 0, 0, 0, 1, 4, 0, 0, 0, 0, 0, 0, 3, 0, 0, 0, 0, 0, 0, 3, 0, 0, 0, 0, 0, 0, 0, 0, 0, 0, 0, 0, 0, 1, 0, 0, 0, 0, 0, 3, 2, 0, 0, 0, 1, 0, 0, 3, 0, 0, 0, 0, 0, 0, 1, 3, 0, 0","210000, 90000, 53819, 290000, 74955, 267236, 50000, 120000, 121268, 60000, 170000, 304086, 299607, 260000, 60000, 140000, 30000, 67480, 192312, 10892, 50000, 10089, 36712, 40000, 50000, 50000, 110000, 35996, 30000, 50000, 81902, 100000, 70000, 140000, 30000, 70000, 60000, 280000, 31395, 257778, 143561, 100000, 134613, 44331, 56357, 37123, 40000, 148426, 10016, 100000, 230000, 190000, 180000, 30000, 40000, 27342, 11236, 32275, 70000, 100000, 134409, 146333, 10000, 180000, 90000, 320000, 60000, 57350, 43920, 97382, 42804, 120000, 20000, 170000, 67672, 50000, 70000, 17015, 210000, 188593, 120000, 140000, 90000, 99403, 113889, 12257, 80000, 220000, 40000, 50000, 130000, 87134, 22118, 60000, 23020, 10000, 100000, 32184, 180000, 90000, 74099, 200000, 100000, 100000, 56713, 60000, 160000, 40000, 50000, 180000, 160000, 70000, 140000, 10512, 40000, 60000, 170000, 25346, 80000, 20000, 160000, 12478, 80000, 120000, 59500, 150000, 341443, 40000, 50000, 70000, 90000, 60000, 114250, 110000, 170000, 90000, 120000, 27780, 20000, 86334, 40297, 35492, 100000, 12487, 250000, 31561, 70000, 62067, 100000, 140000, 80000, 120000, 98068, 70000, 90000, 70000, 104042, 40000, 100000, 10002, 30000, 30000, 88966, 70000, 70000, 130000, 60000, 70000, 80000, 42461, 157800, 110000, 20024, 80000, 82737, 40000, 40000, 50000, 120000, 100000, 260000, 10000, 11237, 152827, 20122, 57171, 80000, 60000, 33777, 43776, 467140, 290000, 391823, 319319, 140502, 118957, 40000, 22627, 290000, 90000, 198195, 158697, 288386, 114224, 50000, 70000, 103104, 12449, 43308, 124007, 72257, 30000, 108504, 145270, 93002, 70000, 32916, 24154, 51915, 330000, 333280, 10012, 120457, 10561, 10594, 62662, 20556, 32205, 191069, 108048, 75401, 90471, 10137, 59258, 151865, 323684, 61867, 107873, 33999, 178700, 124020, 67961, 106464, 160000, 115775, 220000, 292904, 81531","68.24, 63.61, 53.19, 98.4, 74.51, 68.5, 60.29, 61.62, 61.64, 49.34, 68.57, 71.74, 66.23, 59.74, 50.07, 68.01, 40.18, 42.84, 78.11, 17.14, 26.21, 31.52, 48.13, 47.05, 41.06, 51.29, 39.8, 85.0, 26.43, 40.9, 50.92, 71.96, 47.11, 93.87, 31.31, 62.75, 53.25, 75.81, 29.46, 39.31, 62.27, 63.53, 47.65, 67.35, 55.18, 58.75, 26.47, 47.87, 15.43, 66.43, 55.31, 65.77, 71.64, 39.97, 59.96, 35.8, 14.32, 30.49, 43.23, 65.28, 47.69, 62.79, 19.56, 67.55, 53.77, 80.81, 44.99, 55.73, 39.55, 37.8, 43.84, 41.29, 22.02, 73.05, 50.43, 56.87, 41.18, 31.06, 73.29, 60.69, 65.78, 61.61, 58.28, 45.67, 32.54, 23.37, 63.96, 74.13, 36.4, 53.17, 64.43, 25.01, 67.7, 38.1, 59.59, 21.11, 50.62, 27.48, 77.13, 54.55, 51.04, 55.96, 47.36, 53.33, 31.68, 44.52, 74.39, 52.32, 50.25, 68.02, 60.3, 51.87, 75.79, 14.11, 41.26, 48.1, 67.16, 19.51, 54.79, 57.87, 63.83, 31.82, 56.21, 69.82, 26.59, 64.24, 58.34, 34.41, 54.61, 61.27, 58.2, 43.48, 60.16, 58.36, 62.91, 58.08, 60.43, 56.35, 19.12, 53.74, 37.6, 23.72, 60.74, 28.68, 85.78, 50.24, 55.18, 75.69, 84.8, 50.06, 58.78, 90.38, 43.36, 59.94, 51.03, 48.65, 57.9, 51.81, 57.27, 21.79, 49.23, 40.16, 46.65, 60.15, 71.07, 70.09, 41.63, 47.71, 70.11, 26.49, 55.74, 53.67, 70.31, 47.05, 66.37, 49.69, 61.65, 36.08, 51.83, 60.44, 58.37, 27.75, 35.39, 55.53, 61.46, 27.18, 55.06, 40.63, 67.45, 40.59, 69.14, 66.51, 70.75, 69.89, 77.51, 47.5, 37.58, 32.34, 74.23, 58.77, 50.34, 48.51, 59.87, 45.01, 41.16, 45.68, 62.18, 15.22, 44.42, 44.01, 28.4, 33.04, 48.89, 53.52, 34.77, 49.31, 52.1, 44.9, 37.42, 75.23, 71.38, 68.84, 53.51, 55.52, 40.97, 61.91, 58.95, 54.63, 61.23, 50.6, 37.97, 54.37, 26.83, 47.13, 48.85, 78.58, 62.66, 52.09, 49.39, 53.87, 46.48, 46.44, 51.73, 47.64, 61.31, 70.61, 84.45, 61.62","1, 1, 1, 1, 1, 1, 1, 1, 1, 1, 1, 1, 1, 1, 1, 1, 1, 1, 1, 1, 1, 1, 1, 1, 1, 1, 1, 1, 1, 1, 1, 1, 1, 1, 1, 1, 1, 1, 1, 2, 1, 1, 1, 1, 1, 1, 1, 1, 1, 1, 1, 1, 1, 1, 1, 1, 1, 1, 1, 1, 1, 1, 1, 1, 1, 1, 1, 1, 1, 1, 1, 1, 1, 1, 1, 1, 1, 1, 1, 1, 1, 1, 1, 1, 1, 1, 1, 1, 1, 1, 1, 1, 1, 1, 1, 1, 1, 1, 1, 1, 1, 1, 1, 1, 1, 1, 1, 1, 1, 1, 1, 1, 1, 1, 1, 1, 1, 1, 1, 1, 1, 1, 1, 1, 1, 1, 1, 1, 1, 1, 1, 1, 1, 1, 1, 1, 1, 1, 1, 1, 1, 1, 1, 1, 1, 1, 1, 1, 1, 1, 1, 1, 1, 1, 1, 1, 1, 1, 1, 1, 1, 1, 1, 1, 1, 1, 1, 1, 1, 1, 1, 1, 1, 1, 1, 1, 1, 1, 1, 1, 1, 1, 1, 1, 1, 1, 1, 1, 1, 1, 1, 1, 1, 1, 1, 1, 1, 1, 1, 1, 1, 1, 1, 1, 1, 1, 1, 1, 1, 1, 1, 1, 1, 1, 1, 1, 1, 1, 1, 2, 1, 1, 1, 1, 1, 1, 1, 1, 1, 1, 1, 1, 1, 1, 1, 1, 1, 1, 1, 1, 1, 1, 1, 1, 1, 1, 1, 1","1656672453859, 1656673039349, 1656673316934, 1656679587469, 1656680059842, 1656693484422, 1656930407023, 1656930530773, 1656930785341, 1656931049972, 1656952789105, 1656953155823, 1656953489444, 1656953794005, 1656954564487, 1656954746265, 1656955055777, 1656955119126, 1656955213168, 1656955415400, 1656955626522, 1657107343691, 1657107435416, 1657107496640, 1657107637032, 1657107864988, 1657108123771, 1657109122397, 1657109169936, 1657109739106, 1657124394483, 1657125254297, 1657125553944, 1657126100684, 1657131584323, 1657131669543, 1657131803699, 1657203072145, 1657284400265, 1657284451166, 1657285192270, 1657285500128, 1657285722579, 1657285871695, 1657286940806, 1657287018299, 1657287086098, 1657287210156, 1657287390092, 1657287468224, 1657287737101, 1657298055685, 1657298549904, 1657298942673, 1657562284466, 1657562866368, 1657562930926, 1657622930663, 1657623005697, 1657623167420, 1657624884736, 1657640697313, 1657640908379, 1657640944374, 1657641302570, 1657641586162, 1657642179168, 1657721936740, 1657722082982, 1657722153148, 1657722280423, 1657736569554, 1657736905537, 1657736982991, 1657737368814, 1657802658854, 1657802899442, 1657803077499, 1657803197687, 1657803608427, 1657803822101, 1657804028003, 1657804446163, 1657804677070, 1657804897191, 1657811179591, 1657811275869, 1657811448026, 1657811969937, 1657812158845, 1657812487604, 1657813297530, 1657813412748, 1657813618756, 1657813749661, 1657813918284, 1657887230126, 1657887463561, 1657887555855, 1657888020850, 1657888179959, 1657888356168, 1657888790342, 1657888999481, 1657889190625, 1657889269773, 1657889500980, 1657889812706, 1657901458745, 1657901644593, 1657902172319, 1657902446733, 1657902588482, 1658149505992, 1658149559755, 1658150023967, 1658150403231, 1658161195110, 1658161383231, 1658161720400, 1658161791089, 1658162498832, 1658226925627, 1658227118906, 1658227338047, 1658322052139, 1658322398368, 1658322865681, 1658322952911, 1658323070593, 1658323232097, 1658323452443, 1658323595003, 1658323738498, 1658333959875, 1658334493069, 1658334701208, 1658334987057, 1658335163679, 1658341582849, 1658411267636, 1658411385804, 1658422007643, 1658422182756, 1658422424125, 1658422921332, 1658423474971, 1658423657889, 1658423734441, 1658424133874, 1658424506498, 1658424662026, 1658425051107, 1658425156861, 1658425460058, 1658485370208, 1658485525208, 1658485639740, 1658486033353, 1658486238075, 1658486272821, 1658486361399, 1658486649840, 1658487110025, 1658490474288, 1658490649391, 1658490998534, 1658493132560, 1658493339541, 1658493546025, 1658493594527, 1658493887066, 1658494238600, 1658508163515, 1658508334306, 1658751319426, 1658751406472, 1658751537347, 1658751693566, 1658751917692, 1658752206982, 1658752829492, 1658752873394, 1658752978237, 1658842451232, 1658855911125, 1658856369782, 1658856548181, 1659009222944, 1659009675916, 1659009979956, 1659024633722, 1659025114374, 1659025636536, 1659025982010, 1659026197301, 1659095364891, 1659095544521, 1659096135939, 1659096702968, 1659098242516, 1659098453945, 1659101764060, 1659102071416, 1659102203618, 1659102299598, 1659102491675, 1659102616003, 1659102676660, 1659102834069, 1659102966328, 1659103155285, 1659372121329, 1659372271580, 1659373390516, 1659437464824, 1659437803650, 1659437912214, 1659524996209, 1659615204041, 1659631304103, 1659695392297, 1659695643682, 1659705273892, 1659705335374, 1659705349897, 1659705429553, 1659706197990, 1659706240034, 1659706452410, 1659706610243, 1659706718166, 1659706842028, 1659706902824, 1659706994948, 1659707194019, 1659707583638, 1659707837618, 1659707964371, 1659718329538, 1659718607296, 1660143970791, 1660157500446, 1660157722457, 1660158108843, 1660325304490, 1660325694125, 1660326197849"
037671f791190b1ae899a9a2ddd423dc2f77571a68f1019ebe664c28478db7e7,Logged,75,"498f00e5-8860-4365-a03c-dca9fd298b80, 5fada3ca-d728-4b7b-91c0-b1352a07ada6, a70fefee-e4f7-4023-821f-2f0a260295c1, c7d3a834-5bce-4b51-a474-544278bb23dc, dcd8a2fb-7736-4b8d-93b5-d5d71dd1f086, b2e31128-76aa-474f-8310-2f0fd62750e4, 9971bdc4-7a95-45e4-a087-83ff44baa7f5, 5dff8fb2-73e6-4c22-a34f-c367aa2677df, df5d45f4-5d75-4f49-90ea-c71e6e56ded8, 7b41b70c-5434-4ecf-898a-e4315641ad41, 83cf1546-5235-491f-ae0c-90949a2ab3c2, f38d9b98-70c5-44c2-9a6d-fcee0df331ab, 65880d47-8f02-4b60-9058-80ae8aca2d3a, 55455526-a0e9-40c7-94e1-08824f4e1b52, 23316167-f86a-413c-af96-c46e1cafc24d, bcb082df-30e5-44c0-926c-6172cacaaae3, ecd63535-1875-4f84-b7c1-3aabcadd316f, 96d328b9-5da7-4389-a9ac-765e98971ab7, e1a89c3a-1649-486f-a964-ecfb33821e77, 81f397cb-e2ac-4980-8152-ca33075b2d3d, dc5abd37-fda0-4ad8-9620-8db2b13090d5, 727b8afd-0c30-4115-bbcf-cdc764c07897, 7fcf82cf-6a19-4e1f-a054-d5356546bf31, 6d3d7ed2-bd28-4acf-b888-5440c23b1690, 17f9cb6a-ec41-49ad-a52c-748b318c7e4c, 3494faf6-e441-45e2-b482-b392e1bcf6f7, 6a83890a-d9e9-4f6b-a6c6-90d031785bbf, 882e7c95-935a-4eab-9ece-f85f5f7d0f4e, e9517a8a-8828-4442-b459-2eb29e24e9ac, 3ce3160f-004f-48ec-bf4b-ca7373a9e39f, bf1eab72-5f40-45bc-8d8f-4790e8d088e2, e8fc4f0d-6d18-4690-824e-4869a1d2d12d, d7a4a50c-39ae-4b02-b5c4-b78f92614446, 1c27cf97-b20c-4e40-b1f1-288b721517b3, 57615619-0c1d-41fb-8640-ccec5b3add58, 230c8db7-2366-40de-9c3d-feee6687501a, 91dd61bf-7c49-4276-bba6-1db2804921a9, 4a983c7c-cd3d-4ef8-9584-eb83fd7fa90e, bfd7eaa8-9116-4382-b00e-afc35498dbf1, 10f21547-f5a8-4d04-9277-7108e19970f3, 12c44ec3-3624-4c0d-990d-27c38e7a5848, d3f1ee4d-fc50-4e1f-af67-99bbbd2e9555, cf8c8e86-b8b8-445e-ad36-384e74cc8b2f, 757d4bf7-4401-4096-bc08-1bcb723815a5, 508be4df-1cd0-478d-899c-f8ace1efcceb, 16834dee-0e39-4152-b3e5-4d2ac9f586c7, e57cc467-d8c7-4981-b095-8b8a09cf1bf2, 3010f1ae-4c19-4bc7-8932-6541c7f4fa5b, dccce65b-8982-46e1-afcb-01db956e2cd6, 333e76ae-177a-4eea-aa2c-554b51052cd9, b0803304-62b4-4428-a333-e9bf623c8a98, 1e3a0fb9-edfa-47c1-9e58-a505f628f930, 979cc774-3738-45e4-b208-b5e1f13623f2, b3984824-9eea-4ad9-ae37-b07782ecc313, 229628a2-f8e0-43ca-bac9-f14a161f9124, 4e73dd4e-0e2b-4a11-8f5b-658619b08027, feeba286-bd4a-4d39-b112-002df77b024b, c4fa4a10-d95c-4b41-81bb-8ad16c40b5db, 919f29bf-d153-400c-a04a-4237f5adf116, 83568c85-7264-4e45-8a2e-eeb246118465, 5b82930f-fdd7-4e5e-b720-8b1b8eb709d8, 774f903a-d9e3-4b50-9fe4-f8f244722986, 25252b0f-9b1a-4d11-b74f-d51f5261be1c, 2967b09f-bbf1-46d1-8d44-452958ffe2f6, e06765a8-fc9e-4150-97cd-00fac0c4f192, ba7678a2-9b22-472b-8422-b6fb921fc672, 5b90df37-0b8b-44d6-abdb-6fad31217c26, 1a732119-0975-4bc2-8077-cb2ae8d249af, 458bf0ec-efb4-4bfd-9446-c80295e6aa87, 89fa73f0-4341-4de4-bb2a-e429ef96bd43, 50087f61-94ea-45a7-a10c-614bd2a569c7, f9e25790-0de0-4b13-a34c-0d88d18b79d2, 17845b80-b527-4bfe-8d6c-5c399d258152, 11e99467-b34d-48e8-a24a-b12a1ff2aeef, 1fbda98e-49b8-4868-b22f-71be0a9d759e","1657074922222, 1657075078027, 1657325809557, 1657397119553, 1657403120702, 1657562673352, 1657562902245, 1657563547430, 1657647088029, 1657647246161, 1657655527494, 1657680400594, 1657680897098, 1657681219797, 1657681225190, 1657718214514, 1657730684537, 1657739711151, 1657741108407, 1657808340820, 1657812085017, 1657826361561, 1657891872221, 1657900238904, 1657929200196, 1658025198212, 1658079673125, 1658088407567, 1658179746667, 1658188480205, 1658195348572, 1658195784085, 1658195877640, 1658200759333, 1658324916742, 1658367306509, 1658435138731, 1658590038889, 1658591320399, 1658756617032, 1658765660005, 1658774948667, 1658783661652, 1658961424053, 1659014995353, 1659015410085, 1659017629224, 1659018098855, 1659018185917, 1659100291962, 1659100677767, 1659125563050, 1659371651452, 1659376300278, 1659384797801, 1659541267570, 1659542965989, 1659556193511, 1659556373172, 1659556566208, 1659556675913, 1659556821405, 1659557075484, 1659564129866, 1659624072106, 1659625879048, 1659713479575, 1659723700209, 1659834026245, 1659973167403, 1659974495107, 1659977318120, 1659984419531, 1660065047527, 1660066226045","1, 0, 0, 0, 0, 1, 1, 0, 1, 0, 0, 1, 0, 0, 0, 0, 0, 0, 1, 0, 1, 1, 0, 0, 2, 0, 0, 0, 3, 0, 0, 0, 1, 0, 3, 0, 2, 0, 0, 0, 0, 0, 0, 0, 0, 0, 1, 0, 2, 0, 0, 0, 0, 0, 0, 1, 0, 2, 0, 0, 0, 0, 0, 0, 1, 1, 0, 0, 1, 0, 1, 0, 1, 0, 0","102865, 140000, 110126, 30392, 83083, 24548, 199482, 322081, 220955, 17241, 67673, 139483, 293250, 18910, 62824, 211317, 67453, 55136, 70000, 337082, 460000, 613937, 43832, 82504, 176182, 162990, 102786, 52495, 80745, 57032, 326882, 156543, 268491, 39970, 453592, 78985, 351172, 143421, 169594, 70000, 211175, 240646, 164379, 40000, 74311, 54928, 190000, 112942, 30000, 371730, 33672, 108583, 104282, 140000, 180000, 300547, 170000, 164040, 260000, 96710, 91762, 27267, 55951, 45965, 80000, 90000, 219158, 137301, 93317, 213628, 110000, 101170, 15556, 73686, 26095","56.94, 74.9, 67.39, 66.52, 44.12, 41.76, 56.56, 55.54, 71.65, 54.68, 64.53, 64.18, 63.27, 6.76, 49.51, 68.01, 20.02, 26.84, 45.07, 49.77, 77.56, 71.89, 27.24, 62.4, 52.64, 69.16, 51.91, 50.67, 49.24, 75.71, 85.11, 81.29, 82.38, 44.99, 99.53, 69.57, 83.08, 59.76, 89.53, 55.33, 92.14, 86.61, 80.38, 75.63, 66.93, 35.26, 81.95, 52.67, 14.08, 92.32, 28.18, 66.37, 50.56, 47.03, 89.12, 80.73, 52.8, 73.88, 90.35, 52.26, 36.43, 48.46, 16.52, 27.52, 38.69, 84.09, 53.67, 81.78, 38.42, 74.92, 66.68, 73.78, 25.23, 72.81, 59.05","1, 1, 1, 1, 1, 1, 1, 1, 1, 1, 1, 1, 1, 1, 1, 1, 1, 1, 1, 1, 1, 1, 1, 1, 1, 1, 1, 1, 1, 1, 1, 1, 1, 1, 1, 1, 1, 1, 1, 1, 1, 1, 1, 1, 1, 1, 1, 1, 1, 1, 1, 1, 1, 1, 1, 1, 1, 1, 1, 1, 1, 1, 1, 1, 1, 1, 1, 1, 1, 1, 1, 1, 1, 1, 1","1657074922222, 1657075078027, 1657325809557, 1657397119553, 1657403120702, 1657562673352, 1657562902245, 1657563547430, 1657647088029, 1657647246161, 1657655527494, 1657680400594, 1657680897098, 1657681219797, 1657681225190, 1657718214514, 1657730684537, 1657739711151, 1657741108407, 1657808340820, 1657812085017, 1657826361561, 1657891872221, 1657900238904, 1657929200196, 1658025198212, 1658079673125, 1658088407567, 1658179746667, 1658188480205, 1658195348572, 1658195784085, 1658195877640, 1658200759333, 1658324916742, 1658367306509, 1658435138731, 1658590038889, 1658591320399, 1658756617032, 1658765660005, 1658774948667, 1658783661652, 1658961424053, 1659014995353, 1659015410085, 1659017629224, 1659018098855, 1659018185917, 1659100291962, 1659100677767, 1659125563050, 1659371651452, 1659376300278, 1659384797801, 1659541267570, 1659542965989, 1659556193511, 1659556373172, 1659556566208, 1659556675913, 1659556821405, 1659557075484, 1659564129866, 1659624072106, 1659625879048, 1659713479575, 1659723700209, 1659834026245, 1659973167403, 1659974495107, 1659977318120, 1659984419531, 1660065047527, 1660066226045"
304c0167414275915678f30eb920be0052de1b90e62f8768acc7c03f0c5f2816,Non-Logged,63,"487330a8-b48e-4183-80f7-a1baf7c4c7e0, 279ccbff-f203-4c6d-aa48-83d97f085302, 97a9f3df-6ccb-480e-97cd-8999e39c9577, febe2095-c935-4b8f-a70a-c87eaf77e212, e69d567c-41c3-4076-846e-23324fe91104, 3137f551-87d2-48b6-82bf-48b2bf11e643, 18633c31-9144-419f-95b7-7bbac07695c8, e8682569-d06f-4d2c-b18f-5eb57e41282a, 9892ac18-ab07-40ef-aad7-25d2c7e8e24b, 92165aa2-a803-4d0f-8d2b-44977f224046, 761156f0-cd9c-4d2e-b685-2f486fce60a3, 21532265-cfd0-4301-a58d-dd615d0189d6, 7ff6e2a5-9c21-4bb9-b9ad-d8a239d04972, 82206221-05a0-4f89-aa10-e8c8dc0cc418, 450d6500-b3bf-4217-a869-7303a818e226, 36cf4833-fea3-4f4e-ae20-19d9276b7d38, d4e9b07a-db73-4dc0-9f5c-0f1c13b5dfa1, c9e2ac55-4e0f-4317-b314-65cca48253a3, 69cdf5cb-1f8c-44aa-a28e-030d8dddca89, a36c98b5-f159-48f8-9f5a-1fc6ea9956c8, c01872c5-243e-43ff-b744-3467c6b3f6ec, 917fdff2-e61b-4c10-b19e-1eeafa8434e3, 25d54fe7-248b-4e1d-89a1-20b36aba6159, 80993f70-ff04-4cd3-a205-92811aeca999, 2db1a14c-afb7-435b-9cc7-3d85d5aecd09, 785e6e9f-69e6-416f-b6a2-2b7d13426a75, 66a9efac-fd43-4fd1-9824-c404b08efa5d, ffabc550-b315-4070-94b6-713712da8ec2, 47874b53-ac2e-4ccc-ad5b-6b2669d59340, 92ecb67e-11a0-4daf-95e2-70251ecfc5cb, ec25c517-c0ff-4369-aa3d-b62dda4f7f49, 470ab75f-37eb-4584-a413-7bf973daf3bc, 6b16217b-760d-4e08-8ce6-0c7bf14cae36, 1adc013a-282a-4cf4-b402-673e469e6c50, 29af4cd8-88b0-461f-a3a8-27ae61c67a1b, 532dd818-19a1-46a1-b2aa-630606026a07, d7a4a50c-39ae-4b02-b5c4-b78f92614446, 1c27cf97-b20c-4e40-b1f1-288b721517b3, a7d0a18d-f34b-4d81-bc60-01fa2891f8b5, 0ba84c1a-2790-4b23-9033-88546ba0023d, a9c454c8-9493-4622-a499-43d20c525f81, 38f206b8-17eb-4f60-8a20-27e808061ef5, f6d1a410-830e-4144-bd75-84dd4c11dfa8, 14de87bc-38fa-4fc9-9498-2bff202fa08f, 1e3a0fb9-edfa-47c1-9e58-a505f628f930, 9e49825f-6567-4ede-90d5-46a1af9a127f, 09131b7e-f907-423c-93e0-5ef8913d8c7f, 48be3738-5081-471e-b259-eb7ca374efd5, e00a8958-3bc2-48dd-89ac-8c9635f5516b, d5fe8ac5-a1f3-4287-a2b5-b12eb503abeb, a5f8d13e-9efb-4c52-8b4e-0f01eef0aa80, 30ce5ec4-dfcc-4199-b51b-6ad38003180d, 0654ab71-5f70-4eb8-a70f-c9e07ed8be8b, 50f85bf5-c153-4611-bf35-2f781ae4e234, a9a5568c-a11d-481f-896d-3dd7a07063ca, 170a99ab-4a3d-4ea2-932c-f74b0fc439d1, c8ec4884-1c89-46c3-a2c9-9ef270db1450, 72e5a5af-c657-41c0-a859-d4fcc4b7b933, cae16ce6-6695-45c0-be00-0e36d3607d33, f9f0cb85-61b4-4f1d-87ae-1499826eea22, 39155663-356f-4d11-a471-32209ba83a6d, 07b5ae90-4161-4463-945e-41a48fdced21, 8bd2930b-cc2b-4c1c-9343-d68110694156","1656800986691, 1656806261541, 1656946233363, 1656987512165, 1656987758022, 1657105583746, 1657184457119, 1657231046173, 1657231177669, 1657236862126, 1657305205498, 1657364704522, 1657399332004, 1657414796089, 1657503476131, 1657751966413, 1657755046624, 1657768604921, 1657920319536, 1657976213164, 1658006527834, 1658020354809, 1658277693702, 1658316864066, 1658617579997, 1658775221211, 1658853427917, 1658868694398, 1658870523687, 1658870737371, 1658945121245, 1659096655634, 1659150715820, 1659195020798, 1659209100700, 1659262344162, 1659375261935, 1659507295208, 1659649940408, 1659659858505, 1659807936570, 1659820278943, 1659861978927, 1659880247677, 1659891070317, 1659897891484, 1659904344954, 1659909557167, 1659985042788, 1659992323366, 1659994024387, 1660004099622, 1660005369647, 1660133930990, 1660153239438, 1660160071096, 1660170597055, 1660257205444, 1660353122117, 1660385922983, 1660386410275, 1660501429356, 1660523817660","13, 8, 24, 10, 9, 12, 16, 13, 22, 1, 16, 15, 2, 5, 26, 64, 12, 44, 24, 8, 24, 24, 5, 23, 22, 9, 10, 13, 12, 17, 51, 16, 16, 67, 35, 69, 10, 20, 19, 3, 18, 1, 20, 51, 26, 20, 4, 8, 18, 8, 47, 42, 20, 11, 15, 13, 21, 37, 19, 16, 10, 19, 26","36273, 60000, 88323, 84493, 60000, 70000, 80000, 83587, 116542, 20000, 81934, 50000, 10000, 34841, 110135, 210000, 73026, 216806, 125918, 30000, 60000, 60000, 43634, 124634, 65827, 42078, 50000, 50000, 70000, 40000, 270000, 60000, 60000, 290000, 150000, 264853, 30000, 92920, 115377, 25925, 80000, 10000, 71135, 160000, 150000, 133401, 20888, 30000, 75679, 40000, 246779, 130000, 72645, 80000, 40000, 57963, 83000, 220266, 102868, 60000, 50000, 50000, 156915","80.28, 31.59, 64.11, 34.22, 28.42, 56.35, 42.57, 35.33, 60.99, 10.22, 50.67, 55.46, 12.37, 39.38, 42.56, 63.49, 40.33, 50.13, 47.43, 26.44, 56.48, 41.35, 18.43, 54.34, 66.67, 26.63, 41.27, 49.56, 42.42, 34.07, 60.77, 30.04, 62.86, 91.11, 41.65, 45.04, 44.2, 42.7, 53.83, 26.55, 57.92, 11.35, 16.04, 37.61, 60.37, 38.79, 17.34, 35.61, 44.32, 34.89, 80.27, 51.06, 40.42, 33.46, 34.38, 36.92, 54.65, 45.66, 59.55, 31.17, 40.43, 43.39, 59.51","1, 1, 1, 1, 1, 1, 1, 1, 1, 1, 1, 1, 1, 1, 1, 1, 1, 1, 1, 1, 1, 1, 1, 1, 1, 1, 1, 1, 1, 1, 1, 1, 1, 1, 1, 2, 1, 3, 1, 1, 1, 1, 1, 2, 1, 1, 1, 1, 1, 1, 1, 1, 1, 1, 1, 1, 1, 1, 1, 1, 1, 1, 1","1656800986691, 1656806261541, 1656946233363, 1656987512165, 1656987758022, 1657105583746, 1657184457119, 1657231046173, 1657231177669, 1657236862126, 1657305205498, 1657364704522, 1657399332004, 1657414796089, 1657503476131, 1657751966413, 1657755046624, 1657768604921, 1657920319536, 1657976213164, 1658006527834, 1658020354809, 1658277693702, 1658316864066, 1658617579997, 1658775221211, 1658853427917, 1658868694398, 1658870523687, 1658870737371, 1658945121245, 1659096655634, 1659150715820, 1659195020798, 1659209100700, 1659262344162, 1659375261935, 1659507295208, 1659649940408, 1659659858505, 1659807936570, 1659820278943, 1659861978927, 1659880247677, 1659891070317, 1659897891484, 1659904344954, 1659909557167, 1659985042788, 1659992323366, 1659994024387, 1660004099622, 1660005369647, 1660133930990, 1660153239438, 1660160071096, 1660170597055, 1660257205444, 1660353122117, 1660385922983, 1660386410275, 1660501429356, 1660523817660"
b35783d45f3f2b4c014ae54c5bc4fecf96f87d36c13fef68253f8c85578f0314,Non-Logged,37,"add4cc04-8652-49a5-bd6f-5c53c7b49bd0, 440ae09d-b086-4028-8d96-ddcae694dbee, 2ac6cbf0-dde4-4afc-9f7d-33558c5e3e4b, 2cc6d6a1-61fe-44f4-baef-7036310f6841, 5db422c7-b569-4b21-a41e-20d6f2bed039, dbb9417d-5b2c-4721-93ef-4863a32f6228, f1fb7c86-c6df-479b-b88b-d15811cba574, d2642e40-2211-4229-b5d8-335c4d9f250f, 170d217a-7245-4dc9-9ddf-7ca82dfa6925, d445ddb7-b5af-4c67-b1f9-b862a602a9b4, 5e96a138-2d12-43dc-805e-1eb536eb062a, ed599b23-1546-4819-a6ea-2dce4bc753c1, 89fa73f0-4341-4de4-bb2a-e429ef96bd43, a01bbdac-59c6-40bb-a84f-29aa317b0457, b2f1ee68-42fd-4b74-ace8-a6a28f6855f0, 78755ae4-2244-44e2-be51-05d14c5b41bb, cd57090e-4d8f-40bd-acc7-f53844dd2414, fa571e66-a5b4-448f-905f-59e398a673b5, 4f42c6d6-277b-429b-932a-fee851fbe035, df0ed5c5-5947-4491-939a-85264b8ccb6f, 05c99950-4d86-46e9-a8b5-0a94a8cd3c6f, 73ed2c35-f112-4153-9123-9a31d7e0c103, e9fc45b1-a364-470c-a40a-c4ac364fca08, 73732579-cd57-4950-99b7-8a5a0daed14c, d8b899f1-afa8-478d-897c-c8f41fc0be18, 1045a19a-a686-47b8-aa54-33c1063613d6, affb19a9-a6c1-44f0-9895-707434d6306e, f3fe3cef-2ab2-4ccc-b214-c7e781f947ab, bffbd946-ae2c-43f7-9185-4432c4a7a655, d3e97394-5111-43ce-b9b6-c1b6adb729b4, 39e41317-8767-49a2-b08c-2e635aae391f, d694725b-ecbc-4139-8a70-1b80b3893897, a63bae00-5de4-44e6-b0a5-8e0bc4e4ab90, 1d5bc03b-66ad-454e-82e0-b11cd0b86d2f, 97ac6c4c-5b3d-4e36-9816-0791226573e5, 707b5a39-f910-4c03-955a-131067dec542, 68f802a8-9581-4b0c-ba04-0fdd2713890a","1656686914254, 1656686952378, 1656687064654, 1656934207164, 1656939872552, 1656940114919, 1656940117447, 1656940145132, 1657025427076, 1657025899758, 1657028465313, 1657028488849, 1657044602465, 1657044752474, 1657049451485, 1657049774205, 1657195231901, 1657195231901, 1657291759370, 1657304552791, 1657305109150, 1657545093599, 1657547260262, 1657568736805, 1657570181067, 1657650339833, 1657650339931, 1657803432185, 1657803440813, 1657803649450, 1658846219725, 1658955275647, 1660227397358, 1660227412647, 1660227421949, 1660308576848, 1660308675503","1, 2, 0, 0, 0, 0, 0, 0, 6, 0, 0, 0, 0, 0, 0, 0, 0, 1, 0, 0, 1, 2, 0, 0, 0, 0, 0, 0, 1, 0, 1, 0, 0, 0, 0, 0, 0","26796, 37212, 130000, 15767, 10790, 22385, 10343, 10000, 110000, 10000, 104120, 41654, 15374, 10000, 40629, 63671, 9721, 20000, 28330, 147085, 60000, 100000, 32460, 14784, 10058, 36341, 30000, 142588, 20000, 10000, 53933, 27650, 80000, 19080, 40000, 29625, 24052","73.69, 42.45, 50.92, 46.33, 26.53, 43.99, 40.82, 5.72, 49.48, 42.69, 45.56, 39.48, 28.33, 8.54, 76.34, 91.83, 36.94, 69.16, 64.5, 66.95, 66.33, 53.62, 32.48, 40.98, 24.68, 33.82, 24.96, 87.69, 22.85, 54.8, 65.3, 40.85, 75.02, 37.11, 56.97, 52.6, 29.17","1, 1, 1, 1, 1, 1, 1, 1, 1, 1, 1, 1, 1, 1, 1, 1, 1, 1, 1, 2, 1, 1, 1, 1, 1, 1, 1, 1, 1, 1, 1, 1, 2, 1, 2, 1, 1","1656686914254, 1656686952378, 1656687064654, 1656934207164, 1656939872552, 1656940114919, 1656940117447, 1656940145132, 1657025427076, 1657025899758, 1657028465313, 1657028488849, 1657044602465, 1657044752474, 1657049451485, 1657049774205, 1657195231901, 1657195231901, 1657291759370, 1657304552791, 1657305109150, 1657545093599, 1657547260262, 1657568736805, 1657570181067, 1657650339833, 1657650339931, 1657803432185, 1657803440813, 1657803649450, 1658846219725, 1658955275647, 1660227397358, 1660227412647, 1660227421949, 1660308576848, 1660308675503"
6a0ff930e74e43caae3f1117be6dca8dda441b2cda13edf477c1425d9e6b9b45,Logged,23,"05e4e271-4246-456d-8678-81af24f63941, 2b4f0f8f-ab7b-45e7-8a8a-353e0aa41249, 77142468-afd3-487a-9d06-0807258d9fea, 3c787cdc-99f7-4001-94ac-4edb2e971b94, 290c3a55-b7e8-4344-a66f-a789166cc1d7, ba11ee0c-7b8c-48aa-9d64-d0635e4badf8, 3ace964c-a3e1-4753-9e15-c3476d1eabcf, a94d67f4-0448-447f-b71b-c4c795205ef1, a5d73397-8c94-4452-ac83-a2c58581c617, 39c8a296-d0dd-4a9c-b5ac-e57c6d6cd0e9, c40c2035-77ad-439b-847f-ad984d28d056, 126cd2ea-e396-458d-a30b-e8a8f2384a2d, e650aae9-2b05-4564-9ce7-108a31c4de20, d8c1f538-e678-4a97-97b8-50bfdc3c2fba, d2205452-e07e-4625-b7c7-040196cf1ea8, 8ef76553-377b-471c-886e-9a6175280db5, 794586d1-f59f-4b49-a10e-41d5fa458554, d04aefc2-5369-4adc-a729-0bd5aabfa68c, 901332dc-83f6-403a-aeb4-3d157313d139, e54f0798-ae5b-40b3-b994-5c0d046aff5b, 362d282e-5d9d-4691-86a6-21bcac0703d7, esid:conteudo_editorial_g1#materia#https://especiais.g1.globo.com/bemestar/coronavirus/estados-brasil-mortes-casos-media-movel/, 8491c896-c81c-41b4-b47f-161f7ea53830","1656708682357, 1656711273465, 1656960468342, 1656964608917, 1657056365916, 1657057862376, 1657114852165, 1657632762775, 1658272678253, 1658511007891, 1658587927337, 1659039049386, 1659143883015, 1659717952569, 1659902529541, 1660052337687, 1660158380125, 1660438879995, 1660438892988, 1660438930188, 1660438934093, 1660438942372, 1660438971729","0, 30, 1, 6, 1, 2, 8, 36, 0, 1, 0, 37, 3, 0, 1, 1, 0, 0, 0, 5, 0, 1, 0","113373, 1116358, 20000, 40000, 20000, 80000, 140000, 90000, 136631, 41545, 20000, 120000, 180000, 13850, 20000, 170483, 10000, 10000, 22252, 70000, 50000, 150000, 12338","59.64, 35.7, 7.89, 14.91, 10.42, 37.53, 48.24, 52.68, 61.76, 58.06, 10.3, 55.35, 79.23, 24.15, 24.28, 85.0, 10.38, 5.75, 51.6, 66.4, 53.87, 64.78, 55.31","1, 46, 1, 1, 1, 1, 1, 1, 1, 1, 1, 1, 1, 1, 1, 1, 1, 1, 1, 1, 1, 1, 1","1656708682357, 1656711273465, 1656960468342, 1656964608917, 1657056365916, 1657057862376, 1657114852165, 1657632762775, 1658272678253, 1658511007891, 1658587927337, 1659039049386, 1659143883015, 1659717952569, 1659902529541, 1660052337687, 1660158380125, 1660438879995, 1660438892988, 1660438930188, 1660438934093, 1660438942372, 1660438971729"
45e88b40c3dad8a850e104ede87567ddd43aa6645df3f1772b63b9d3de52625d,Logged,56,"109adb08-8ff3-408b-b828-e16b51788202, 9e3b7f91-7cef-4bf7-a347-ca5b00314ccb, e5835d3a-462d-41e7-8349-eb3dc38c4f35, 68bc8994-ebef-4e48-8478-e7fe1619ae58, e3e1cde5-cd0a-4ad4-9b8b-43109f49f99d, 444db2d3-2856-4307-8a36-09b15651fb8b, 82cdddac-802d-49af-b69d-a611a67a0a00, 6c517284-c766-4c7e-a27f-09b4bc6ed8ab, 9a481658-e0d8-4c3e-a6fc-ef21a3ea9ffd, 5bf8b3a3-3916-40ca-8672-a9f3df311825, 867d8b99-2701-460e-a521-81407f0ca4ea, 3215d22a-724d-49c9-ba70-0ba31df4949b, fff8f4aa-531e-4858-9108-31ec3c0f6ee6, da45f558-43ed-483a-ad2d-57ef3755d59c, ddde55da-305a-4790-ac49-56b538855488, 7b056bf6-c232-46bd-8903-59145ff7ce46, c0f631f3-cccc-41eb-aa06-8dd8dfff10f2, 5815b247-d717-47b8-ab8f-c9e0f7e3f4a1, 7d0ed489-9a81-409b-86c5-73867cda14a9, fbffe526-e94a-408f-a19b-7510f3d56016, 4a108326-b19d-42ce-94f6-807abf6e4679, 8c090bf7-f576-40c8-85a4-7bfd6686a292, 6051f09f-0a45-43ad-8077-ebb5c8064dad, 7f4f8989-de58-49bf-a882-c3cc180a189c, 4338d206-8b6e-4bf7-951e-cdf5209482c3, 6a83890a-d9e9-4f6b-a6c6-90d031785bbf, ebc00bed-3e2e-45d3-8a9b-0ce430f30d0f, ec7dbae8-2ef3-4fa0-8b70-22b425f09f5f, 047cf8f8-9ced-49ad-b159-4879ae1573c9, cfaaf988-800f-4a3c-bd52-54160834cb93, 9468d948-25cc-49d2-a659-167496e0892a, a6ab18ec-e32f-474b-964b-987309c61581, 4700f517-5c5d-483c-81b7-d77aca04991c, 56936cc6-bd9c-4cae-94a1-306fbe0e59c9, 7c2c0c12-6dee-4f32-ac9b-15bc975ebbbc, d27fddcf-c3f4-48f7-8ea0-63dc4f07946c, 78352afd-dc7e-4ccf-8cf3-b8e8f38f3f55, 4e73dd4e-0e2b-4a11-8f5b-658619b08027, 224d8516-f349-4d8a-9e73-e3ca1c47a992, 5c37a504-0ed8-49c1-a6a9-d237d90664e3, 5b82930f-fdd7-4e5e-b720-8b1b8eb709d8, a6ff3348-3fd4-4d3c-8ac2-44294877fe83, 2053e871-8a00-4d46-aa5f-fcb1db1c97e7, b0d6e9bb-00ad-4832-b94e-80fb02c00cd8, 4c586bb4-f71d-4b39-9df8-e38ac3f632a0, cd57090e-4d8f-40bd-acc7-f53844dd2414, 4c63d7cd-4902-4ffb-9b94-578b1b2151f0, fa571e66-a5b4-448f-905f-59e398a673b5, 44c1c60f-ae33-4350-a362-21fa3b26fb2c, 6eaa67cf-a5f3-436a-901e-9901c12c03a3, 6760953a-6c40-461c-87ef-45639ea4909a, de863f48-7416-4eb0-a70d-7b7d678c360d, 1045a19a-a686-47b8-aa54-33c1063613d6, 674672ff-3bf9-42cf-ab90-659a146a8776, 42fb9402-672d-4768-8d2f-03ea257150a0, ba274d9b-1bdc-47bc-b528-44aba43500ba","1656778184784, 1656778193016, 1656934683537, 1657025700579, 1657048241188, 1657081575426, 1657122159502, 1657206423205, 1657285355598, 1657285374180, 1657305255480, 1657459567571, 1657541198980, 1657553733600, 1657714374181, 1657714636970, 1657725651634, 1657829977289, 1657830023648, 1657886985748, 1658167559040, 1658256133239, 1658256279655, 1658434858597, 1658453968940, 1658500535219, 1658519965606, 1658778169181, 1658861590480, 1658951656178, 1658951657474, 1658952036566, 1659016494404, 1659016533947, 1659022271587, 1659097242406, 1659123246054, 1659123272646, 1659123857859, 1659277087616, 1659290442133, 1659373987781, 1659380890103, 1659451528884, 1659561759851, 1659623944045, 1659703053663, 1659708279892, 1659708461397, 1659711279785, 1659724656024, 1660055222378, 1660220594360, 1660314381544, 1660401447743, 1660499522832","0, 0, 0, 0, 0, 14, 0, 0, 0, 5, 1, 0, 0, 0, 0, 1, 0, 6, 0, 1, 0, 0, 0, 1, 4, 5, 0, 0, 1, 0, 0, 4, 0, 0, 0, 0, 2, 1, 2, 1, 0, 25, 1, 2, 0, 0, 2, 1, 2, 1, 0, 1, 0, 0, 1, 0","31967, 35017, 14042, 23857, 57230, 34423, 10000, 35849, 10000, 40000, 16100, 6953, 10000, 10000, 90000, 20000, 27208, 100000, 10000, 20000, 5154, 10000, 20000, 20000, 74554, 120000, 59071, 50000, 40160, 10000, 10000, 40818, 29323, 82288, 7148, 18600, 12911, 70000, 30000, 9533, 112829, 70000, 10000, 67853, 18195, 10879, 81585, 10000, 50000, 50528, 27967, 26588, 40000, 91024, 61302, 120000","12.9, 30.04, 8.59, 56.5, 23.71, 50.15, 9.8, 38.52, 29.14, 12.61, 27.96, 13.51, 17.76, 6.05, 75.87, 26.34, 75.65, 60.05, 19.64, 7.59, 18.71, 25.55, 40.26, 40.36, 37.52, 55.91, 54.11, 63.74, 13.78, 10.63, 12.34, 17.15, 48.2, 70.85, 14.01, 78.8, 10.9, 63.37, 14.62, 9.97, 46.42, 53.14, 17.41, 69.12, 41.39, 28.83, 40.63, 2.94, 10.86, 51.77, 40.39, 34.63, 26.89, 75.0, 69.44, 44.56","1, 1, 1, 1, 1, 1, 1, 1, 1, 1, 1, 1, 1, 1, 1, 1, 1, 1, 1, 1, 1, 1, 1, 1, 1, 1, 1, 1, 2, 1, 1, 1, 1, 1, 1, 1, 1, 1, 1, 1, 1, 1, 1, 1, 1, 1, 2, 1, 1, 1, 1, 1, 1, 1, 1, 1","1656778184784, 1656778193016, 1656934683537, 1657025700579, 1657048241188, 1657081575426, 1657122159502, 1657206423205, 1657285355598, 1657285374180, 1657305255480, 1657459567571, 1657541198980, 1657553733600, 1657714374181, 1657714636970, 1657725651634, 1657829977289, 1657830023648, 1657886985748, 1658167559040, 1658256133239, 1658256279655, 1658434858597, 1658453968940, 1658500535219, 1658519965606, 1658778169181, 1658861590480, 1658951656178, 1658951657474, 1658952036566, 1659016494404, 1659016533947, 1659022271587, 1659097242406, 1659123246054, 1659123272646, 1659123857859, 1659277087616, 1659290442133, 1659373987781, 1659380890103, 1659451528884, 1659561759851, 1659623944045, 1659703053663, 1659708279892, 1659708461397, 1659711279785, 1659724656024, 1660055222378, 1660220594360, 1660314381544, 1660401447743, 1660499522832"
b39838f96467d9c91f59bad6171f191d0a07bad0a0b95ab43b31ddc33c3dacea,Logged,17,"cbef7149-9631-44e4-a275-02aad8f4f033, 1f7e4e36-d67c-495e-a961-c5bd0df6f63d, f93ab56e-bd75-4d67-8f30-79414450d23b, 1a70a9eb-8699-41df-8bfa-1f337816734e, 8d4a7af0-c0cf-424f-a017-d33d795fd659, 16b9cdca-1f2d-455c-afed-a882295a4b46, 5c2b9e2f-4960-4af8-9a7b-63ab6865c232, 2fd39577-281b-4b22-86c0-81e038e2d9ba, 21b4e02c-c3c5-4b40-a951-f49fddcf5043, 1c0e5e89-9735-4adc-a17e-6c847008092a, 0db98ec5-70d7-43a7-a4e0-aebad2bcd0ab, 81f02d90-29ce-4df1-ad17-3d9acd6a044b, 8ed87168-864d-4671-9087-fdcb8a131741, 9deb7c24-0ed6-4dc2-8a4a-eb516cd19e12, 43881f19-5089-434d-9734-232a9f4c830e, 34da27ad-8268-4a27-b5e7-fc0acd854132, 975b9bce-f143-45ea-a111-bedc94200321","1656971127534, 1657054043702, 1657054256432, 1657054464791, 1657147952867, 1657917186252, 1658267069485, 1658354300204, 1658409240851, 1658509937593, 1659622541282, 1659639343950, 1660158852978, 1660238803793, 1660315683828, 1660315924981, 1660315986575","0, 2, 1, 2, 0, 0, 0, 0, 0, 4, 2, 0, 0, 1, 1, 0, 1","11492, 24754, 28704, 10000, 50000, 30000, 14337, 20476, 19333, 100000, 90000, 20462, 37396, 16392, 39031, 25249, 50000","23.78, 20.91, 26.89, 25.38, 74.98, 41.84, 19.29, 8.99, 24.25, 55.72, 18.01, 32.12, 27.86, 25.24, 29.53, 33.78, 57.97","1, 1, 1, 1, 1, 1, 1, 1, 1, 1, 1, 1, 1, 2, 1, 1, 1","1656971127534, 1657054043702, 1657054256432, 1657054464791, 1657147952867, 1657917186252, 1658267069485, 1658354300204, 1658409240851, 1658509937593, 1659622541282, 1659639343950, 1660158852978, 1660238803793, 1660315683828, 1660315924981, 1660315986575"
fbbec010fec127350fdd75065000961f9196172fcb00511a9b713a031dbe7a36,Logged,22,"749f0d28-c60b-49b3-9ebf-174f43d1d530, 29b6b142-4173-4ec4-832f-7d0a32255c10, 78f76233-f771-4182-b2d0-63b597b82895, c85cb6f6-60e1-4a94-8f8f-6b436bb1d77c, 470ccd72-1478-4a82-9e75-ecb6f732772a, 8c246d2b-81bd-4c1f-b563-2c905675f984, dc5abd37-fda0-4ad8-9620-8db2b13090d5, 4845a5c8-4b24-4630-ab00-226d5e206098, b954a1b6-d613-4012-8bb5-d60ffb9e94e6, a6ab18ec-e32f-474b-964b-987309c61581, dd697b83-1f8b-4811-a789-c61a2008c673, 9c989bd5-2987-451b-a4af-1143e774f2a0, 8be03387-6c44-43cc-93ad-65824af9c22a, e9a53ae7-25ae-49f9-9c61-f590fda77b87, 529a23e0-baa8-4824-9554-416ceba464ae, cb324527-6a66-491d-b53c-6a6d7ece566f, e06765a8-fc9e-4150-97cd-00fac0c4f192, d2593c3d-2347-40d9-948c-b6065e8459a9, 6a6c1fc9-f072-4a0c-b5b1-760b22f5e152, 4c63d7cd-4902-4ffb-9b94-578b1b2151f0, 3a54bc78-a1f6-4a3c-a1f8-d541597eb6a0, feee3eb1-d625-4766-9da5-d855ac2f557c","1656961616739, 1657048081779, 1657310668506, 1657424391639, 1657547011935, 1657642283974, 1657653245541, 1657913540266, 1657926882853, 1657987083970, 1657987391644, 1658168322404, 1658451754044, 1658519172011, 1658762340831, 1659388847012, 1659482158392, 1659482203121, 1659537965120, 1659707557083, 1660186346593, 1660188126892","12, 1, 3, 52, 33, 15, 1, 4, 0, 2, 0, 0, 1, 0, 0, 14, 1, 2, 10, 10, 36, 0","32136, 30000, 160000, 137556, 80000, 79585, 40935, 266956, 152846, 72250, 33536, 70000, 100000, 9714, 70000, 51737, 173375, 10000, 40000, 52206, 116348, 10000","27.31, 29.62, 34.39, 51.62, 39.43, 38.78, 45.09, 74.47, 53.37, 37.17, 58.82, 19.57, 39.15, 30.04, 45.56, 42.01, 66.16, 11.24, 44.92, 38.97, 71.14, 11.26","1, 1, 1, 1, 1, 1, 1, 1, 1, 1, 1, 1, 1, 1, 1, 1, 1, 1, 1, 1, 1, 1","1656961616739, 1657048081779, 1657310668506, 1657424391639, 1657547011935, 1657642283974, 1657653245541, 1657913540266, 1657926882853, 1657987083970, 1657987391644, 1658168322404, 1658451754044, 1658519172011, 1658762340831, 1659388847012, 1659482158392, 1659482203121, 1659537965120, 1659707557083, 1660186346593, 1660188126892"
8727714b1adf2b643f75334caa7112f596000f32fed32433caa57c37bf5cc7a6,Non-Logged,279,"1c4faf15-dcb3-46c3-ae9f-b79380e1d1d4, 1f5e0a32-975a-49be-a325-70ce55836086, 072c6cda-6150-4267-b7e9-2a8152263e93, d1bfe43b-5188-4710-9775-af35d9febe00, 93cae623-4b48-4b93-8d39-15135e784683, a65bc48a-6c2f-4abe-a8bd-593d7e389a15, e09789fa-42e2-4360-ae07-bee4418cb38f, 9ce7a674-afa6-4bbf-b6cc-b4140d155806, 5e0e0692-d30c-4fa2-8da8-3fd00a39290f, dbd3e365-5ac9-456a-83f4-b177e57fdfab, bd899ede-dd78-4e26-b79c-21ba9389e7fa, 91cdfcab-8859-443f-a017-1b2cb22a2004, 7359d047-b5ab-4455-b007-d24eb0063fb4, 99c4a6d3-41f3-4bf0-bfba-a419e0e621f8, 68bc8994-ebef-4e48-8478-e7fe1619ae58, d226b580-1961-4c68-b928-f045ffaaebd5, fa816a9e-7251-4c45-aa95-252a3f1cea63, ab7e0db8-4d7b-4ffb-8c34-5eaf29661c0f, 427075f8-04c4-4792-9879-4cb2ecc46473, e0481203-5791-40c7-81bb-55cc1973f7bf, 2a9226ae-a3a7-40b5-b800-ebabe6229a29, 3b2d295b-cad3-4d6d-a992-984a93fa39e6, a1c96be2-5708-4bb3-861a-659123ade1cc, 50028008-aa11-4519-9d75-452c84dd27fb, 5b1cb0ce-8056-4dec-a64d-623068958061, 21532265-cfd0-4301-a58d-dd615d0189d6, ac78b397-ea73-4350-9a34-f43c124a1e18, 05dfdab1-4f1d-4247-a3ed-8ab5da85694d, ff24f030-abbe-420a-b29e-de6794ec8fca, 06122c9e-23b0-4b60-9361-7ba951e9f11b, 75d60687-a2dd-4c45-8c08-08f4cef5ed19, ce4ab5e9-670f-4bb0-bd82-518065e62d33, d4623930-ae85-4058-aa4b-867696479d9a, 99cee40b-98dd-49a0-b741-41296aaea59e, b17b12d7-73cc-4f14-90e5-613e9ca71429, d031af1b-f939-47c1-a589-e6d691b66d91, bf257382-74fb-4392-ad6a-143240e39f81, b182c3ed-17bd-457e-9b60-2afb6b2971f4, fc946447-8e8b-4188-9e09-4351969c0d06, 2db1a14c-afb7-435b-9cc7-3d85d5aecd09, 5b68d910-8e4a-4fa5-8fae-65c841282e94, 045fa378-45cb-42f0-8881-b978981e9a13, c372d35d-f089-4f43-b498-45d36bb8d643, ebe79985-f596-46c4-ac01-4382e0991889, 001b9bec-b1e2-4df2-9c43-8135627ce4c1, d7ac8bec-69ed-4a1d-982e-d0596872c7c5, ba4e4f8c-ae52-46cc-a3e3-dd106ee1bcb0, 7bac1bfc-0cb4-4ef9-9fad-355b5f643693, a30edb2e-6d56-4b21-8460-4a14613dfe5a, 917fdff2-e61b-4c10-b19e-1eeafa8434e3, be27248d-bf76-4373-91a2-f62b612d9916, 4d16a079-ca73-4bb6-b6ce-872bdddf1aa4, af5d32bb-ab3d-47fa-96c2-bf44680ea0f7, 0e7c78e7-cc2d-4d80-8d75-180d5ddcd60a, 82268456-c867-43c8-b778-153418bcbaaa, e41892ce-eea1-429e-9156-cb865ef10545, 3e6544ca-8b4e-4c67-8572-78f915e2ff31, 1d22f204-4cea-4b1d-95da-f6fbe57cd622, c88cebc3-e150-4efc-993b-76cda07dc6ef, a38bc159-72ba-41ba-90af-348f0c3a5ade, f609698d-d6cd-4a97-adbc-7c80db350a03, f8b246a9-bc8f-4186-ad33-70d7c266b89c, 1efa919d-3a48-4e39-b252-f98d627724b8, 0f97afd7-38e0-40bc-84e8-d0ab28a989e4, f461f9a3-be17-4ed1-b576-f9c1c14bd4d2, 04e4d1f4-fe36-48f0-8c55-61ff82571545, 8d6aa3d2-9a09-4505-82dd-ceeb6ce38a5c, 263bf90f-b1de-408a-b23c-d345d6415fb0, 13ba9499-7f87-4fcb-81a0-ce231fbf9ed0, 4d89c4b6-6827-4935-9ba1-0502025af270, 4e9c2825-ff13-41ca-8e91-edd848060d19, 53e595e7-c7ed-4589-8ac3-4e29b39c1feb, 6b7961dc-9dd3-40d5-aeff-64c5595dd099, c0e5b84d-ad62-441e-a50e-0d562fc15540, db037f57-5594-47e8-a523-076c8c83914c, 97568ef6-3bad-4c39-8fe5-eeb939c1d36c, 355ded9f-b97f-463a-bd1b-e56afa895ab2, dc082db6-90d8-4083-af31-d289c9194faa, 6b6635bb-d15a-4698-97b2-f3f25be0d019, f9f520de-ff6f-4cad-afa0-6e092f258378, bf156242-00b4-42cf-905d-a5dc83537a97, 8028e556-734b-42dc-9af8-ded9f48c6505, 7fe849c0-4a55-429d-b480-11ee216909dd, 4076d859-88bf-4956-8005-41bb5ef30c47, d9d8d3ba-a44d-4ab4-b657-45e608dca917, 7fcf82cf-6a19-4e1f-a054-d5356546bf31, 6c0811d8-4c94-41a6-80bc-6ff25886fb44, 03b429c4-6f29-4a41-99d2-c0f118f55261, cc716c8c-c1da-406e-b01c-de23437fbdec, ec25b022-94d4-4d12-8139-7a89cc1ab58c, 778f3886-8157-4f4c-b096-0a0d3494e257, b5d580da-d74e-4061-924a-2ea0c13bb7be, d3302868-9c63-4712-9cf0-adfcaad19187, fba1bc0b-1f31-4199-83d5-1866ed07f21e, 7d0608b5-60bf-47ec-b5c1-db4326eab050, 4b72d08b-d5f7-4ed6-bcec-4c70f1ad78ce, 072f2015-6a83-486c-bbea-33cf95cf2e4c, afbaa0ca-abda-4241-9cc0-c74c15d014e8, 8742621b-78aa-4c22-8338-1a5a7199883d, e941949f-2b52-49c9-b187-dcec6ec10119, 97cd30bf-9ddf-42f9-b6dc-4e39b46f45de, 0d5865c5-8185-4143-a707-4c3c6238cec7, 9220d7b6-6427-4d22-a558-a36009b9fe76, a28fe507-2716-4a53-a4da-2715a154f68d, 87f0a6b2-5802-408a-b1bf-995db15e7c2b, 09430240-0596-4b14-a609-7a05c7fa529b, 9ee77d19-33b1-4964-9098-4060f09004f2, 42dc9ec1-6d7b-4ef9-b5b7-5f8013a2f239, 0cc8e1ff-729f-4cd1-a2c1-21b8c3997b3f, be08c8d2-bf7e-4886-9d1c-a310344b8b1d, b05504e2-0cc0-4ef2-aefe-84e2d968c290, 330c84ea-9e36-4580-903c-e40ee4d6ead6, 32ae93d0-c878-4ef8-8dfc-44d286158211, a23bf549-0d9c-4b21-a24f-fedcb010575b, d0b5ac09-591f-4f39-a325-25c242fe84b2, 08fddd5e-5e17-49c6-924e-78cc3a24cedf, c7622ff1-42ed-4af6-9a17-c9e5ba1d7363, a2ef8430-00b6-49de-852d-2c72596c5917, 3f4c4568-d4ed-4aa7-a805-145f820d84d6, b3aa822f-fc30-4198-b484-e5d29f94641d, 30834191-0094-4b13-b1ae-76ecd54d43a3, cfaaf988-800f-4a3c-bd52-54160834cb93, e9070dc1-b98c-47be-afae-9106bae21763, 4d1b46f0-9809-4d8d-ba23-f9e250745286, f4e179e7-d4d2-416f-8997-51f421bcab2d, 11055e00-6ed9-46c9-9795-392ab21c61ef, 4964ff75-a78a-4d05-8773-7bdf26441883, ad4b88a5-3018-4770-93dc-ce4c0f530fca, d6c6e4c7-489b-414f-a22e-41b63b4b8fdd, 43cc5638-6dda-4f23-be83-647bac748e70, a6ab18ec-e32f-474b-964b-987309c61581, b6b54b9c-12fe-4068-a818-850ef5ab2332, f71597cc-5a0e-4cc0-871f-20b6f13d8274, 760b1225-7fe2-42ad-808a-eedac09ec477, df61271b-0d5a-4f87-8ab2-1cd702e45951, ce0b7f54-53ce-4f24-a264-f5f91e1d3ce2, 53c119ff-e44b-47a6-bfab-283c93137501, 5af379e6-1bd1-4cf8-a23c-03266fb77b2c, e77e093c-d944-4d4c-9143-e67c75c616c5, 17d49b6f-e68d-4fdb-838b-63c558b5d7b7, 1f520809-f0e9-4fef-b3a5-ffa949f2115d, 4155c639-9abf-4137-9243-9e23e8134b41, d5a7e11a-8665-4dfd-bf5b-cc1d5564d964, 02a32b21-6811-4a1b-8730-6d24cae8a8bf, e60f86b4-d9b7-47e5-ab2b-5459dbcceccc, 3f54efaf-f0dd-4377-9e51-5b3ac29976ee, 08a14cc3-ca3a-4f4a-ac12-6c21dc50c432, 2e1bc3e0-a3fe-4a02-9ee1-5b75f232bdba, f712cfd4-b1f3-49ec-82c7-5f3b366a5ac3, 4a802b6d-9f9c-437f-90e4-96def41113f3, dedb5f15-8387-4111-9d8b-c65d3381f8b5, c24702ac-b2e9-4471-92b4-0389b192ea2f, 0437956b-98e2-4d30-b279-4af9a2285c6c, bfd7eaa8-9116-4382-b00e-afc35498dbf1, 7df942bc-4703-47d5-b479-dfb15b6c1d1a, b4162be6-343f-4279-925f-834b7bc98948, e87e512f-5fb9-46b0-b93e-9ffa382a78c9, 77dff2e3-1436-4612-95bf-ad95275993ca, 6a64daa7-32ec-4d35-a7ec-f3df800f6d5e, a2be88ed-54a9-4401-8510-89f998388d85, 4b402185-c969-404f-bde2-78e5cf8df41f, 5e510d1a-557a-4c13-976d-9ca1bdecf279, b37e51b4-6058-4efc-ae6c-c72f49cf71fa, 6da0e633-6a00-4d80-aae4-65c2e0ffea63, f42992bb-e3c9-4055-9fdb-182f9ac8c526, 71dcc431-4907-4204-be0d-d06aabe8b1c7, 9baf07f3-9f7a-46df-b59b-dc49e25295bf, d755b265-ef3a-4977-80a4-b75ab44944a0, 086eefe1-70c8-42ae-8d3a-f806998511e9, f6fe79f3-e65d-48c8-94b7-f0f46877c9f4, 7a4f734e-2c4b-43c4-a127-f5bf9cb43d32, a5cfe208-a4e4-40a3-98b5-cd8ddfea8485, 5ff06450-cfa0-4e6f-ba87-ca6f412c9b44, f6b5d170-48b9-4f8e-88d4-c84b6668f3bd, defe8f9d-26e0-4942-8f0f-a622c9b7514f, 87fb41f6-d486-4ac8-ae90-ce9e380e63c5, 0afb7e89-ae34-4985-91ff-2125e590447f, e8996ce4-d34d-4b62-ba8a-f278839c316f, 14534e3d-c939-4ab8-b67c-0e5f421d1dac, e26e0a97-61a4-44e6-8a66-9e4587a4c2cc, 28965b9d-24c7-45d7-9922-0f965e47e92b, edc77480-035c-48b4-8291-db959d9e2b4e, b7e22c7e-b5cb-4c6e-bd76-9307d6f33d49, c7c70809-d617-40a3-99a0-a95c87679acd, 048be13a-d1a4-4c55-9fb5-952818b9bead, 4201f983-ce25-482c-baae-8552b4a140b7, 7607d321-56b7-4664-9e70-d84f6ddc46a5, 375b68b5-86e4-4bb9-8121-f6d53259602f, 563fae3d-f36e-48a3-b56d-bf309aba3d2f, 788b88f5-d957-4152-8a8e-4c8656405b24, 0775f082-19bc-4d53-90e5-9eda9f857229, 2126b5de-0474-498e-beb2-24d09c97f5e1, 300fa404-f624-43f1-ad92-d30d42adce8c, 45850faa-91a5-4b68-aa30-73767db3456d, 492dbd97-8352-4654-8684-1120b2a931dd, f6a7fca5-26f0-442d-8c06-9fb2e8cd0df0, 00a18f8d-2195-46b6-9ee3-eee9386fa3f0, ad42c4b0-dfb5-49fb-87bf-7b5d055b6e8e, 05606e8a-4053-4683-ab95-3903bb2d4efd, b2543715-4744-4983-991b-7692e2062de1, e1b45ea0-7cb8-40f4-b016-e24c2c2338d7, e8642618-47e1-4a15-a0e4-6b5eafec322f, fa319820-539c-46f1-82be-9bfb4ef8ddd3, 94c77949-55cc-434b-84bc-f84bf875da63, 6d0a4a90-821e-4a01-9e2f-5bec389167f9, 47e1ddae-8f6c-41ae-9bdc-6a2acff86bfa, d27fddcf-c3f4-48f7-8ea0-63dc4f07946c, 3e2aa014-d9cf-438b-b441-b83fe9d8b100, 9d90ba07-c195-4335-a4d1-d5874540f16b, fc2254c5-4ae5-4101-96ca-fffeb72ffd8b, fda2d28b-eedd-4353-9993-0db463263444, da4bacec-417d-4d56-9a02-112348e713b2, 24c2166c-5582-4a79-a064-b5ef481e1157, 1321a7ad-20a7-4690-ab79-f8de41483008, 10935e8d-5dfd-47e8-a9b9-0f5de5dc1e68, fa61ae43-8c84-4f25-ba54-4d2f3dfaa856, 137efe47-22a5-4f20-834c-afd10de89df9, f5d2a476-c8dd-4ef7-bf6e-8d9016c7f349, 402b0ae9-accd-4128-ac43-db0a0fa528f8, 2fc78880-7abb-4708-97f6-923310bb1b10, 5f2f1833-d203-486a-ac56-665fc3767018, 38dc178a-4ddd-401f-afc6-7b0f93637811, b3017f65-7f13-40f9-8fef-e76111488238, 622008e4-3bf1-4972-8a3f-0e5a59682d87, ea1222e0-e9b8-428d-a5da-b26d80cd30e7, 57dbbb0e-9f78-4783-832c-56f995e66ac0, a0cc6a35-5358-4c7b-9cd7-9d2b7c99ec64, c80a96c6-cc46-4b21-90f0-43c86dc73a9d, 8735d7ac-6e04-476f-a06c-3a7a50728a5e, 112d077a-c8f3-408e-866f-fd58f8601831, 939e5666-9049-4aec-8e93-f8f620abe00e, 07e5018d-a9e4-459b-b315-886bc67da728, e8e6fd2f-86e8-47f8-b132-e196dc9e3b2f, ca35decb-6955-44b5-b2fa-eb4529c3cb5c, e384ec29-136e-4241-9321-49b367b8cbd5, 34c9da29-421f-4983-bd32-19a7daaace13, 3211b1db-98b2-47f1-b641-8dedfc38f654, 36778383-3757-4f10-aae8-3e412de1888c, d5b2e110-1a45-4202-bf2f-caba79be1a0c, e372964b-728e-4638-acc1-72eef9ad0742, f8f84313-2705-4d0c-8031-5c1a8fb2fa9e, eaef7cbe-d3c8-4357-b181-3d6db46fb06f, 224d8516-f349-4d8a-9e73-e3ca1c47a992, 296e5ec3-fb81-4a50-80dc-b6fdb8086ce1, b227a8bf-0c8a-4257-ad11-a31efe390e88, 4a708d7f-84f9-4ad3-a110-dbaff7c62717, bf81e62c-e4e0-492b-aadf-4026fddbe605, 5f588a69-bf8c-4fcf-9986-744361acc1c1, 0ff761e7-5484-4098-9a5c-1dbfc3c8fdf7, eafbc7e1-f154-46ef-a7f5-5cf4f75d7039, 4e73dd4e-0e2b-4a11-8f5b-658619b08027, af8aabef-04e8-4099-858d-fa588a9f2d54, 5bd87b4b-967a-4f44-8d7d-8dd415925c60, ed910003-a97d-4f4e-b43e-a32636c73103, 667df406-c52d-43fe-97ba-bb70c7593d1a, 24605c5c-e2de-43ee-8d14-66540f6bd065, 148795f7-699d-4b3a-bd14-679dcd9358e2, d3ebd3fc-60d4-4150-a65b-60e9dad71da5, b2e937ba-7672-44d2-b916-77bd35bebe7a, 229628a2-f8e0-43ca-bac9-f14a161f9124, a0c995dc-a683-41fe-bb65-9dde705f4b9c, 62a87ceb-643a-409f-8097-830c2f3e248b, d9f8917f-e290-412d-9226-1f6c0390ab0c, 19607b8a-342e-4b79-b471-1efad5f1c3cf, 09131b7e-f907-423c-93e0-5ef8913d8c7f, b442d94e-f0c5-4fc1-9406-a4b64b595d71, fafa5862-687b-4efc-b2b3-e26d9d50cd15, 83568c85-7264-4e45-8a2e-eeb246118465, 55eedc8b-f9a7-4cd2-8638-84d54c92c6ed, e697592d-5b9b-416c-b42a-a8acae767e55, b97e934a-cda6-4317-9b9a-aabf7f7ffc8d, 919f29bf-d153-400c-a04a-4237f5adf116, 3a2fe10c-44e8-43e4-9c41-9488a450ca93, 86dd5098-ff6d-4b35-9f62-bdc8a4e0caec, 8d5fb38c-aac2-4787-a782-f2476bb2a13d, 18a01f90-6659-4b46-8e7b-278eb2e3603c, e6c79838-cec7-4a14-ad17-2c065e8836e2, c4fa4a10-d95c-4b41-81bb-8ad16c40b5db, 24cc4a1f-4704-47e3-aee0-867955abac03","1657728396850, 1657729273814, 1657729649612, 1657729695743, 1657729720582, 1657731515754, 1657731549748, 1657732359660, 1657738796641, 1657738859473, 1657739227600, 1657739399562, 1657739830856, 1657812606950, 1657812798707, 1657812827549, 1657813052573, 1657813103909, 1657813221284, 1657820587427, 1657820605394, 1657820635301, 1657820942111, 1657821121211, 1657821143923, 1657822386044, 1657822529866, 1657825472681, 1657825491769, 1657825533769, 1657825579528, 1657826260192, 1657826265749, 1657826678987, 1657826818993, 1657826845865, 1657827146531, 1657827893748, 1657828025493, 1657828167187, 1657828332372, 1657828347289, 1657828348799, 1657898847382, 1657899569441, 1657899743026, 1657899862682, 1657899966853, 1657904361044, 1657904399729, 1657904512224, 1657904695058, 1657904759488, 1657905542606, 1657905557867, 1657905725551, 1657905793480, 1657905974673, 1657905984856, 1657906130409, 1657906356724, 1657906599836, 1657906691891, 1657906723971, 1657906795748, 1657906919745, 1657907098093, 1657907232470, 1657907656308, 1657909888447, 1657909986472, 1657911417537, 1658163916566, 1658163964140, 1658164069715, 1658164141247, 1658164251458, 1658164340734, 1658164666171, 1658252298332, 1658252638084, 1658252764793, 1658252841929, 1658252919061, 1658252973779, 1658253214312, 1658253426666, 1658253442693, 1658255630652, 1658255741500, 1658256020340, 1658256150769, 1658256207945, 1658256257963, 1658256366751, 1658259401258, 1658259508560, 1658259557753, 1658259704491, 1658259836275, 1658259882960, 1658263506653, 1658263530935, 1658263915833, 1658330333152, 1658330424803, 1658330651186, 1658330697662, 1658330984396, 1658331057154, 1658331179872, 1658331415929, 1658331492421, 1658331662978, 1658331800488, 1658331976941, 1658332051925, 1658332225632, 1658332355538, 1658332544263, 1658338953640, 1658418432414, 1658418483495, 1658418724810, 1658418839196, 1658419678500, 1658419926781, 1658419947115, 1658420156537, 1658420215614, 1658420854757, 1658421052465, 1658421195271, 1658421548873, 1658421667381, 1658422761670, 1658422825083, 1658422909739, 1658427384374, 1658427566280, 1658427597676, 1658427720569, 1658427961288, 1658428545531, 1658428878593, 1658502927961, 1658502936951, 1658503021362, 1658503032981, 1658503059321, 1658503222351, 1658503288770, 1658504366429, 1658504419100, 1658504633446, 1658509863162, 1658511243173, 1658512156764, 1658513804692, 1658513951266, 1658853123672, 1658854719207, 1658854960066, 1658855010428, 1658861203754, 1658863766156, 1658863853950, 1658863931899, 1658864282164, 1658864371542, 1658936465503, 1658936944843, 1658937005586, 1658949874198, 1658950166013, 1658950282513, 1658950387426, 1658950479891, 1658950675098, 1658950803929, 1658951119942, 1658951328770, 1658951467970, 1658951594658, 1658951870008, 1659107772883, 1659107959093, 1659114486218, 1659114709782, 1659369561270, 1659369585506, 1659369717680, 1659372018089, 1659372064396, 1659372070436, 1659372086610, 1659372242475, 1659372370910, 1659372512579, 1659372618376, 1659373441994, 1659373584641, 1659373593631, 1659373841861, 1659374073573, 1659374437690, 1659452778550, 1659452786280, 1659452882381, 1659453043458, 1659453084132, 1659453430468, 1659453463878, 1659453990243, 1659454139090, 1659454322977, 1659454395024, 1659454575620, 1659454923435, 1659456321455, 1659456679153, 1659456780456, 1659457000721, 1659457083601, 1659457357055, 1659457478387, 1659628479222, 1659628586652, 1659628877280, 1659631600167, 1659631732578, 1659632756991, 1659632805988, 1659632956392, 1659633101226, 1659633349317, 1659633581512, 1659634218030, 1659634363374, 1659646134439, 1659646301523, 1659646435624, 1659712421767, 1659714057589, 1660062035950, 1660062301874, 1660062333935, 1660062355162, 1660062440804, 1660062450435, 1660062472426, 1660062644119, 1660065326983, 1660065504101, 1660076385368, 1660076398037, 1660076577763, 1660076660869, 1660076672603, 1660076742285, 1660077774612, 1660077844651, 1660078009782, 1660230684925, 1660230931090, 1660230966307, 1660231066037, 1660231149043, 1660237493133, 1660238974559, 1660239035625, 1660239097400, 1660239427486, 1660239441031, 1660239652139, 1660241672451, 1660242036762, 1660242085791, 1660242203880","1, 4, 0, 3, 2, 0, 0, 1, 0, 7, 13, 4, 3, 4, 2, 0, 0, 1, 0, 16, 5, 1, 9, 8, 3, 6, 2, 0, 1, 0, 3, 0, 3, 11, 3, 10, 0, 3, 7, 8, 7, 21, 2, 33, 5, 4, 5, 3, 5, 0, 2, 6, 3, 4, 11, 7, 9, 0, 0, 3, 3, 4, 7, 1, 0, 1, 6, 8, 8, 2, 7, 1, 0, 0, 1, 1, 0, 0, 0, 1, 8, 5, 2, 4, 5, 6, 3, 2, 1, 0, 2, 2, 7, 4, 0, 0, 3, 0, 1, 4, 0, 1, 0, 4, 0, 2, 0, 4, 1, 2, 0, 0, 0, 0, 1, 0, 0, 4, 0, 0, 3, 6, 0, 2, 12, 9, 2, 6, 10, 1, 1, 5, 1, 9, 7, 0, 2, 0, 0, 4, 3, 8, 1, 0, 0, 0, 0, 5, 1, 2, 2, 9, 2, 1, 2, 4, 3, 0, 1, 3, 7, 1, 5, 4, 4, 1, 0, 4, 2, 8, 0, 1, 0, 2, 1, 5, 4, 5, 6, 5, 6, 7, 0, 2, 16, 2, 1, 2, 3, 0, 1, 2, 0, 2, 0, 2, 2, 0, 2, 2, 3, 1, 4, 1, 0, 0, 0, 1, 2, 0, 6, 1, 11, 1, 0, 3, 8, 7, 2, 15, 2, 3, 4, 1, 2, 0, 1, 11, 2, 1, 0, 3, 0, 4, 0, 2, 0, 3, 1, 3, 2, 5, 0, 0, 9, 0, 14, 3, 0, 8, 4, 2, 0, 0, 0, 1, 2, 0, 1, 3, 3, 4, 6, 0, 7, 1, 5, 5, 1, 6, 2, 3, 6, 0, 4, 6, 1, 1, 0","380000, 398948, 160000, 190000, 30000, 120000, 66417, 30000, 120000, 210000, 170182, 320000, 79774, 190479, 90000, 26342, 7039, 132593, 66445, 390000, 333031, 63218, 115409, 208303, 65873, 141347, 66289, 255362, 220000, 49898, 59979, 234735, 333692, 331178, 236764, 109281, 69580, 150721, 95980, 159072, 159749, 183772, 163887, 230000, 188427, 501890, 156129, 80925, 183450, 80686, 347163, 130000, 43968, 76533, 124876, 56998, 117112, 80000, 128723, 267745, 81021, 37019, 125280, 89484, 141916, 55677, 95161, 64603, 94082, 160000, 400128, 50000, 284152, 330796, 46525, 85625, 66953, 55061, 33364, 642601, 82488, 80000, 50393, 120000, 90000, 67301, 56020, 36164, 210000, 150000, 129076, 222214, 89962, 290000, 233095, 267724, 190549, 15846, 176188, 76019, 48230, 74737, 13100, 53724, 49000, 270000, 82490, 228882, 190000, 76534, 29965, 28458, 230063, 68892, 237828, 37470, 176882, 107166, 202286, 126548, 80029, 210000, 93654, 49012, 150000, 194145, 70000, 260000, 121928, 76795, 190000, 131326, 150000, 116541, 81452, 34826, 85742, 60000, 270000, 68817, 85137, 140000, 370000, 168813, 31113, 373601, 55732, 74136, 60126, 134736, 57513, 118638, 51367, 220000, 50000, 57387, 330000, 130000, 115424, 141403, 360000, 127643, 110000, 259876, 77819, 184681, 197738, 83470, 27264, 74400, 501317, 38919, 10000, 260000, 150000, 69469, 200000, 289486, 360628, 136173, 156994, 101551, 52296, 75848, 335657, 433510, 164316, 208165, 57291, 61820, 116177, 100000, 12032, 202896, 47372, 52874, 62823, 6364, 75289, 170000, 278599, 138153, 150000, 115868, 44130, 45326, 137913, 75922, 190000, 60025, 174033, 285364, 285575, 152478, 93068, 90500, 349979, 240000, 76456, 180000, 104824, 100000, 70000, 27364, 121105, 13432, 190616, 207878, 220000, 323383, 80000, 68050, 80252, 335284, 26937, 53524, 277646, 142161, 60000, 164579, 132801, 119824, 311959, 10000, 605416, 63736, 314240, 213675, 48195, 177941, 320000, 95097, 310653, 70000, 79091, 249764, 96080, 81118, 141597, 391535, 56665, 65299, 249090, 445400, 190000, 158398, 112616, 107379, 38573, 161230, 82484, 94419, 94300, 72157, 260000, 112516, 46709, 310000, 42078","100.0, 99.9, 100.01, 100.0, 42.37, 79.93, 91.23, 23.95, 95.4, 98.82, 88.8, 100.0, 100.0, 84.41, 73.64, 51.3, 31.93, 79.34, 89.25, 100.0, 100.0, 42.19, 89.11, 99.77, 56.7, 100.0, 75.14, 100.0, 93.41, 47.14, 75.58, 100.0, 100.0, 98.1, 100.0, 81.26, 91.67, 90.35, 44.79, 91.93, 89.42, 76.56, 84.94, 86.12, 85.39, 100.0, 87.03, 31.26, 100.0, 72.16, 100.0, 93.26, 61.5, 82.55, 61.62, 69.99, 80.07, 80.88, 85.04, 100.0, 70.06, 71.54, 92.44, 65.54, 96.22, 49.98, 49.5, 37.84, 52.42, 98.77, 100.0, 67.67, 99.9, 100.0, 51.44, 68.45, 54.44, 67.62, 54.43, 98.42, 74.89, 84.06, 58.76, 97.15, 82.26, 63.11, 63.41, 58.72, 99.65, 99.91, 100.0, 100.0, 83.03, 100.0, 99.86, 100.0, 100.0, 75.81, 99.02, 82.99, 60.71, 100.0, 9.9, 75.28, 37.58, 100.0, 68.52, 100.0, 99.81, 100.0, 47.35, 81.28, 100.0, 65.06, 100.0, 51.52, 99.54, 75.78, 100.0, 87.61, 81.32, 98.75, 82.91, 81.65, 94.38, 72.4, 82.29, 100.0, 77.25, 57.3, 99.13, 75.23, 100.0, 81.89, 88.1, 67.81, 99.62, 37.33, 100.0, 68.48, 75.89, 84.01, 100.0, 100.0, 64.25, 99.9, 77.66, 86.11, 66.35, 77.1, 88.54, 75.53, 89.34, 100.0, 68.88, 40.8, 100.0, 96.08, 93.3, 87.44, 100.0, 66.06, 96.02, 100.0, 64.1, 97.25, 99.64, 84.03, 80.49, 82.77, 99.53, 81.08, 13.31, 99.39, 100.0, 86.49, 100.0, 100.0, 100.0, 91.36, 83.36, 76.25, 79.71, 47.64, 96.98, 99.79, 100.0, 96.16, 80.3, 63.2, 71.43, 77.16, 36.38, 96.54, 74.94, 85.62, 23.85, 71.69, 70.46, 97.56, 100.0, 100.0, 93.99, 82.44, 67.65, 54.08, 74.9, 92.39, 99.35, 61.29, 78.85, 100.0, 92.58, 96.39, 78.8, 61.3, 100.0, 99.22, 41.33, 83.71, 70.82, 91.18, 71.75, 44.01, 96.21, 62.18, 91.91, 89.66, 96.06, 99.19, 71.2, 86.05, 88.31, 100.0, 68.39, 83.12, 99.07, 87.06, 99.12, 100.0, 98.65, 60.74, 99.77, 4.78, 100.0, 55.42, 85.93, 85.9, 74.24, 78.58, 100.0, 78.69, 100.0, 82.67, 82.41, 100.0, 93.82, 74.71, 83.91, 100.0, 72.72, 93.1, 91.6, 99.94, 76.43, 79.62, 53.06, 31.01, 34.37, 82.15, 74.15, 92.56, 64.51, 57.17, 89.68, 79.45, 69.7, 89.85, 68.0","1, 1, 1, 1, 1, 1, 1, 1, 1, 1, 1, 1, 1, 1, 1, 1, 1, 1, 1, 1, 1, 1, 1, 1, 1, 1, 1, 1, 1, 1, 1, 1, 2, 1, 1, 1, 1, 1, 1, 1, 1, 1, 1, 1, 1, 1, 1, 1, 1, 1, 1, 1, 1, 1, 1, 1, 1, 1, 1, 1, 1, 1, 1, 1, 1, 1, 1, 1, 1, 1, 1, 1, 1, 1, 1, 1, 1, 1, 1, 2, 1, 1, 1, 1, 1, 1, 1, 1, 1, 1, 1, 1, 1, 1, 1, 1, 1, 1, 1, 1, 1, 1, 1, 1, 1, 1, 1, 1, 1, 1, 1, 1, 1, 1, 1, 1, 1, 1, 1, 1, 1, 1, 2, 1, 1, 1, 1, 1, 1, 1, 1, 1, 1, 1, 1, 1, 1, 1, 1, 1, 1, 1, 1, 1, 1, 1, 1, 1, 1, 1, 1, 1, 1, 1, 1, 1, 1, 1, 1, 1, 1, 1, 1, 1, 1, 1, 1, 1, 1, 1, 1, 1, 1, 1, 1, 1, 1, 1, 1, 1, 1, 1, 1, 1, 1, 1, 1, 1, 1, 1, 1, 1, 1, 1, 1, 1, 1, 1, 1, 1, 1, 1, 1, 1, 1, 1, 1, 1, 1, 1, 1, 1, 1, 1, 1, 1, 1, 1, 1, 1, 1, 1, 1, 1, 1, 1, 1, 2, 1, 1, 1, 1, 1, 1, 1, 1, 1, 1, 1, 1, 1, 1, 1, 1, 1, 2, 1, 1, 1, 1, 1, 1, 1, 1, 1, 1, 1, 1, 1, 1, 1, 1, 1, 1, 1, 1, 1, 1, 1, 1, 1, 1, 1, 1, 1, 1, 1, 1, 1","1657728396850, 1657729273814, 1657729649612, 1657729695743, 1657729720582, 1657731515754, 1657731549748, 1657732359660, 1657738796641, 1657738859473, 1657739227600, 1657739399562, 1657739830856, 1657812606950, 1657812798707, 1657812827549, 1657813052573, 1657813103909, 1657813221284, 1657820587427, 1657820605394, 1657820635301, 1657820942111, 1657821121211, 1657821143923, 1657822386044, 1657822529866, 1657825472681, 1657825491769, 1657825533769, 1657825579528, 1657826260192, 1657826265749, 1657826678987, 1657826818993, 1657826845865, 1657827146531, 1657827893748, 1657828025493, 1657828167187, 1657828332372, 1657828347289, 1657828348799, 1657898847382, 1657899569441, 1657899743026, 1657899862682, 1657899966853, 1657904361044, 1657904399729, 1657904512224, 1657904695058, 1657904759488, 1657905542606, 1657905557867, 1657905725551, 1657905793480, 1657905974673, 1657905984856, 1657906130409, 1657906356724, 1657906599836, 1657906691891, 1657906723971, 1657906795748, 1657906919745, 1657907098093, 1657907232470, 1657907656308, 1657909888447, 1657909986472, 1657911417537, 1658163916566, 1658163964140, 1658164069715, 1658164141247, 1658164251458, 1658164340734, 1658164666171, 1658252298332, 1658252638084, 1658252764793, 1658252841929, 1658252919061, 1658252973779, 1658253214312, 1658253426666, 1658253442693, 1658255630652, 1658255741500, 1658256020340, 1658256150769, 1658256207945, 1658256257963, 1658256366751, 1658259401258, 1658259508560, 1658259557753, 1658259704491, 1658259836275, 1658259882960, 1658263506653, 1658263530935, 1658263915833, 1658330333152, 1658330424803, 1658330651186, 1658330697662, 1658330984396, 1658331057154, 1658331179872, 1658331415929, 1658331492421, 1658331662978, 1658331800488, 1658331976941, 1658332051925, 1658332225632, 1658332355538, 1658332544263, 1658338953640, 1658418432414, 1658418483495, 1658418724810, 1658418839196, 1658419678500, 1658419926781, 1658419947115, 1658420156537, 1658420215614, 1658420854757, 1658421052465, 1658421195271, 1658421548873, 1658421667381, 1658422761670, 1658422825083, 1658422909739, 1658427384374, 1658427566280, 1658427597676, 1658427720569, 1658427961288, 1658428545531, 1658428878593, 1658502927961, 1658502936951, 1658503021362, 1658503032981, 1658503059321, 1658503222351, 1658503288770, 1658504366429, 1658504419100, 1658504633446, 1658509863162, 1658511243173, 1658512156764, 1658513804692, 1658513951266, 1658853123672, 1658854719207, 1658854960066, 1658855010428, 1658861203754, 1658863766156, 1658863853950, 1658863931899, 1658864282164, 1658864371542, 1658936465503, 1658936944843, 1658937005586, 1658949874198, 1658950166013, 1658950282513, 1658950387426, 1658950479891, 1658950675098, 1658950803929, 1658951119942, 1658951328770, 1658951467970, 1658951594658, 1658951870008, 1659107772883, 1659107959093, 1659114486218, 1659114709782, 1659369561270, 1659369585506, 1659369717680, 1659372018089, 1659372064396, 1659372070436, 1659372086610, 1659372242475, 1659372370910, 1659372512579, 1659372618376, 1659373441994, 1659373584641, 1659373593631, 1659373841861, 1659374073573, 1659374437690, 1659452778550, 1659452786280, 1659452882381, 1659453043458, 1659453084132, 1659453430468, 1659453463878, 1659453990243, 1659454139090, 1659454322977, 1659454395024, 1659454575620, 1659454923435, 1659456321455, 1659456679153, 1659456780456, 1659457000721, 1659457083601, 1659457357055, 1659457478387, 1659628479222, 1659628586652, 1659628877280, 1659631600167, 1659631732578, 1659632756991, 1659632805988, 1659632956392, 1659633101226, 1659633349317, 1659633581512, 1659634218030, 1659634363374, 1659646134439, 1659646301523, 1659646435624, 1659712421767, 1659714057589, 1660062035950, 1660062301874, 1660062333935, 1660062355162, 1660062440804, 1660062450435, 1660062472426, 1660062644119, 1660065326983, 1660065504101, 1660076385368, 1660076398037, 1660076577763, 1660076660869, 1660076672603, 1660076742285, 1660077774612, 1660077844651, 1660078009782, 1660230684925, 1660230931090, 1660230966307, 1660231066037, 1660231149043, 1660237493133, 1660238974559, 1660239035625, 1660239097400, 1660239427486, 1660239441031, 1660239652139, 1660241672451, 1660242036762, 1660242085791, 1660242203880"
c7709340909c91c5661bcbbb4d5e65d796acdde757ab871687a9aadd8b7f50ad,Non-Logged,7,"1e51af08-2ec5-4565-8cb0-35e790f26f53, d2f5313b-07f2-445d-8bb3-1fdcbf9e9ad3, 79839cb7-a7ee-4f4b-ab79-b354b906d2d2, 42def8e6-3789-4ceb-afcd-d2df0eed0755, 5465297e-8ea1-47f1-923f-8770455989c3, 58d6fbea-d5dd-4999-8962-9bc08cace8ad, 95fd12f2-df31-4e3a-ab5d-ac762ac3615a","1657034853782, 1658327314597, 1658327416908, 1659452811635, 1659452826757, 1659724724074, 1659724873553","1, 1, 1, 1, 0, 3, 1","59726, 29689, 49347, 10717, 31295, 74121, 10145","29.23, 68.09, 62.4, 24.74, 15.72, 48.78, 18.36","2, 1, 1, 1, 2, 2, 1","1657034853782, 1658327314597, 1658327416908, 1659452811635, 1659452826757, 1659724724074, 1659724873553"
4d74ed0a45c649891ca826f2202e467a74295da0f71bec30f0059d74e568fc34,Non-Logged,3,"a2a9c978-72ef-4020-9a45-72a631e9f08a, d9ebfe14-9659-4e4c-bb6a-ae2db5dd5bcd, 971b7a36-155b-4afe-ad3b-885cd6c86e38","1656802951640, 1658855065018, 1658939812979","18, 0, 7","40176, 14350, 40000","30.68, 14.69, 14.73","2, 1, 1","1656802951640, 1658855065018, 1658939812979"
6ec535176505a7e866f2bb21ae4e821a7965a9c9b860ee53714fb9225a3e0f8a,Non-Logged,203,"38e587ad-1ccd-41e7-9925-c863da80e7f4, 795f909b-93d7-4c10-a944-4aed823c7ae0, da14e57b-a71b-49ab-a318-f07b72ef4915, ea90e894-b99d-4131-8f9a-5a9ef2f1d7c2, 239430d1-9a03-4b7e-a928-2362102ab641, 5728a8d1-005e-49fc-b627-d6244c0c9f28, 352e341c-bbd1-4bd9-9732-fb917cb37803, a9ecf2bf-e542-4aa7-b494-20fca61f0615, 1c4faf15-dcb3-46c3-ae9f-b79380e1d1d4, f3b090e6-5e68-4a54-8b97-f10a8cd4181b, d5715e4f-d795-4520-80b8-cf8898bebea0, 242a3ced-bcbe-4083-8099-eae08787ebbd, 2008f497-c05f-49e0-88dd-86aa1e395f15, 1f32787b-de2b-49be-8c20-ddaeae34cc22, bbc1b096-fc04-424d-a8bb-000cdb45337c, a1c96be2-5708-4bb3-861a-659123ade1cc, 45b908b8-ec71-4c11-9f8d-59066d3f2464, 212cf9dc-02e0-4ee6-a8f1-53f6f565cc55, 92165aa2-a803-4d0f-8d2b-44977f224046, ff24f030-abbe-420a-b29e-de6794ec8fca, 096246d1-0ca5-4af9-afbf-e76c8d93c361, 2dd15d83-5cb6-4d69-a230-11480d86bb74, 50028008-aa11-4519-9d75-452c84dd27fb, ceec35b1-c1b1-4d40-bdd1-0f906361f08b, fa816a9e-7251-4c45-aa95-252a3f1cea63, 0d25e326-a9b1-4934-a926-95d93c740980, 15c50681-5d03-4b46-99ec-1fbe6be90b34, a3a2b2fd-9ae8-4fcf-bbd9-7db104411fcc, 4884082c-b54b-4857-8a14-c2e39095cd03, d8e96969-c9d9-4c28-a9a8-403abc1e784a, 759d4236-3a5b-4975-b860-1e8fdfd48d28, 9a4bb232-f1b6-4cd1-ba6c-c4696952153b, a377fa79-5b40-446e-96c6-c892b3e1e57e, 36cf4833-fea3-4f4e-ae20-19d9276b7d38, 415d1c09-5851-4b43-a64f-fc1ccd34d41f, 6907abfa-5f01-4ea2-a380-16e2cd5d6ca7, cee20002-7c68-466a-933e-f8969dc58afc, a36c98b5-f159-48f8-9f5a-1fc6ea9956c8, df5d45f4-5d75-4f49-90ea-c71e6e56ded8, d033a653-7b28-4698-8165-4c70c5e2d11f, 17d0a275-8223-472c-8c9c-cafdbd6b5739, 477e9ae7-225a-4416-987a-f2a04a8c2142, 52081b7f-02f6-462b-a613-5eeafb70850d, ea31d151-5e76-4f17-a5b3-db754646e092, 618eff25-1867-48c4-833e-f96dc1cc38eb, e484805e-d2d2-47ce-95b4-175b249abc40, e41d9ce2-4ed4-4c85-ad07-304a9159b6ed, c6142cff-2cc0-4cf0-86d7-ae74be6baace, 6452a218-de3c-4511-b482-d58f26b7ecda, 230d19cf-28f8-459a-ad3a-da60aa640639, 7c72c90c-17de-4dcb-b83b-2e724d1f830a, 2c8d0162-7a7c-420b-ac35-1f7f1e9f7ba4, 4473afa8-64d7-446a-b5a8-e99efdac7ec5, 7b38299d-07c4-4b5b-af10-0023d65dbf5d, b80450c6-2099-4c59-b311-9fe733104de9, 1b766afe-e05c-43a5-a414-27ac7fb7e7e4, e5b31e24-1bfe-49d5-a0b2-8af464411fda, 255a7f49-ea72-4caa-9e77-48aff4aae740, 4154f103-9e39-49f5-8982-cdf13c576928, 8ec15b52-50ab-484f-96c8-3082316260ba, 6fc7b610-67c6-40c7-82b0-4cc41f370c35, f38d9b98-70c5-44c2-9a6d-fcee0df331ab, a269b12e-1034-4db3-bb97-d393844f8cfb, 86164891-81b4-4474-998a-7eb5167738b5, f774e860-8103-49bf-b04e-63b316735e4b, 3e528216-7511-49b5-bbd9-fe9455968f46, d6d7696e-9bd3-4cb4-9cbd-9e58b9656bd4, afb60617-1813-4e1b-93cd-e4f7c7a564cb, 785e6e9f-69e6-416f-b6a2-2b7d13426a75, 8c246d2b-81bd-4c1f-b563-2c905675f984, c88cebc3-e150-4efc-993b-76cda07dc6ef, 0273bfa4-6548-4094-bb1e-4ee844745e0d, 2463b085-fab1-4d06-b557-614e28ba71fc, 7fcf82cf-6a19-4e1f-a054-d5356546bf31, 7a2a5de0-a0dd-48be-9a40-226ad54c55a2, 1fc81280-5e89-4833-9e22-0add3adae9a4, 95de0869-acdf-4c6c-926e-4bdc21b54b75, 6c0811d8-4c94-41a6-80bc-6ff25886fb44, 58f350e5-cf09-4958-9703-84c0e56468ea, 73b9f4e5-3047-4b2a-acce-3232b959c41a, 7fe849c0-4a55-429d-b480-11ee216909dd, dd3babeb-856a-43ad-8c2d-5aa6695b9173, 97568ef6-3bad-4c39-8fe5-eeb939c1d36c, c0f631f3-cccc-41eb-aa06-8dd8dfff10f2, 2f030cca-97b0-4b03-bf8d-c20a44e3121d, 46759693-79ea-4d1f-ace2-87efe9a754b4, 37337971-dd7b-4728-8384-f412ddbadc19, 54287a2d-0225-422c-8bb5-918d4f6450e0, 882e7c95-935a-4eab-9ece-f85f5f7d0f4e, 6a7642dc-09c2-4b86-9924-654082820da3, 2f4708f4-b054-4910-8169-4b6d20b2faa6, 139c9e4d-b7eb-43d0-b2fc-1cb230f0adc8, 7f4f8989-de58-49bf-a882-c3cc180a189c, 8c090bf7-f576-40c8-85a4-7bfd6686a292, 094f2b97-9934-4365-a559-413ad3b90dc6, d7425a10-312f-4de0-9c3e-b05409ce10b7, 1b4e0504-7c03-4041-a3dc-4860e9030cc9, b8d51b59-3bb7-458d-a305-50c20b817a28, 756f1fd7-703f-4ba3-ac49-a7c9bff1b1ec, 6a83890a-d9e9-4f6b-a6c6-90d031785bbf, 6190fef1-896a-4007-95f7-b95632537c8d, a6e7224d-da3e-468f-bc51-26331659e06a, 0ca6238e-51b3-4d82-b50a-c6756934370b, 2de967f7-b28c-45ef-a21f-76c9926ea116, 547c15fa-57d9-4b47-9dde-944c1533fa99, 696c06e7-a338-4cf5-b9c3-ea8b9e775a94, 9a995df9-084f-4a39-a623-4ef1b06a36ed, bd8813a1-e3e6-4a17-a43d-6be73e4b6762, 047cf8f8-9ced-49ad-b159-4879ae1573c9, c72509c4-8a2f-4dfd-b851-2e54a2d41af5, 3c941fc4-43eb-482e-9160-e186bd71f66f, 1a8c6c61-d5e5-42b3-ac54-9f03680bac37, 65758725-11f1-4439-904b-3d4e9890e3bb, 0d0a1e6d-f135-42d5-b138-5e53dad82ff8, f712cfd4-b1f3-49ec-82c7-5f3b366a5ac3, bfd7eaa8-9116-4382-b00e-afc35498dbf1, e77e093c-d944-4d4c-9143-e67c75c616c5, d4f4c049-6657-4d52-8da7-eb18982a02b2, 96aebf6e-817d-4a3d-9e21-f5357ecebab0, 22bb0455-6973-40f3-97eb-579f6661317c, 1dc0c4a8-0e13-454d-b3cc-16181bdf727d, 6621eeec-699e-481b-bdae-5584df4197d6, d57f0e9a-445b-465d-b757-be4f32e75fb9, dbdd9ec5-73fa-4e1e-b0dc-7e1930274260, 85bc4131-511a-4374-a1fa-da0711995387, 0733e6db-2678-485d-8079-e81e79d62964, 09092757-a6a5-49e6-b2b4-a59856c6ea81, e7a659a2-7bc0-4956-abd9-c2b27b7d7b8e, 45850faa-91a5-4b68-aa30-73767db3456d, bcf0a249-f985-4e6a-bde8-730726a42a16, ad42c4b0-dfb5-49fb-87bf-7b5d055b6e8e, 100ff71c-da18-4182-9672-369324a71bb5, 71b01665-e9fb-405b-9aaf-cf58f5b04942, 2b731882-e4c7-4367-9f48-71e0d72eb470, d3a55687-ce40-4413-b1f9-d5438a856361, 3105785a-2ffb-4173-9b42-501324cb673d, 174438a2-e028-48a5-9af1-ee41493fa62c, 945fe586-7082-4cb4-a915-c1023f56f7ae, 2ae5aab4-3e84-441f-8e24-d57f1d8c2830, 553fada2-1c79-48f2-9010-f5c751b63bb1, e1b45ea0-7cb8-40f4-b016-e24c2c2338d7, 7cd073cd-d73a-4864-9410-2e94ad9d85ae, e57cc467-d8c7-4981-b095-8b8a09cf1bf2, 15281e10-e6bc-48bc-9b1b-94402f83699b, d27fddcf-c3f4-48f7-8ea0-63dc4f07946c, 5640b3e5-cc95-4af9-a943-9d4083cbb557, 8458c0c6-5e5d-4e50-a5f9-6aea23ac3ff8, d3c4749b-318e-43db-b00c-c64ab1a9af98, c1bd4444-d757-4930-a45d-32fdbce0c382, 3010f1ae-4c19-4bc7-8932-6541c7f4fa5b, 03e43166-56a9-48c2-a005-c0b578b78395, 94c77949-55cc-434b-84bc-f84bf875da63, dccce65b-8982-46e1-afcb-01db956e2cd6, 1d9d181d-ab0e-45ba-86fe-0b5773d3a133, b0803304-62b4-4428-a333-e9bf623c8a98, 890d07b3-46a1-4fa2-9ebc-80e3d6346834, 49dded32-ae29-4ed6-ac68-8425656a6892, 4aab43dc-7095-4bc3-a28a-9cdcd537f554, 1ebabece-e4f2-4ba2-810a-7115d64f7676, ebd7ca0b-3529-42a9-b4f1-dd4a7daeffaf, f586755a-6282-4d68-bf1c-20a3bb6cd34f, a0c995dc-a683-41fe-bb65-9dde705f4b9c, 62a87ceb-643a-409f-8097-830c2f3e248b, 3211b1db-98b2-47f1-b641-8dedfc38f654, 5010aa89-36d7-4ee1-90c7-64025f2e26b6, b3984824-9eea-4ad9-ae37-b07782ecc313, 3b4c01eb-d916-4851-8895-0adeb682100d, 93361d4b-bb61-48ba-8e87-7234b7ebcec4, 3ddb4144-e34b-471d-a2d9-2e85a1e7a034, 95446444-dbd0-4db8-ab51-887423ed1d5e, f58003d3-0e1a-452d-9c9a-b7373ae1d163, 919f29bf-d153-400c-a04a-4237f5adf116, ef24a6ec-e384-4c12-99ac-d50b80730e9a, b70edf33-afab-4b3e-b6d1-128035d3fe42, e6c79838-cec7-4a14-ad17-2c065e8836e2, 0c5e9899-801f-4e36-b070-244591e40078, 8ce81c16-71ad-4eb4-88dc-d6a85c49dbff, bcbf252c-7d12-4756-bfb6-b507591117b5, cbc832d6-af68-41bf-91d4-8740d71c5952, 4b5232ba-7405-48f0-9703-5f891910222e, 564f0976-781b-44e7-96c8-7377097d0101, ac1e6c6a-9403-45b1-902e-60f4b6914854, 9587115f-4178-47cf-9f77-e969e02a727d, bf44b8ea-c737-4eec-a51b-01006202f303, 4c63d7cd-4902-4ffb-9b94-578b1b2151f0, 8b1d92b9-1249-4b1d-9f16-eaabf8e544ab, 671771d0-b633-49b8-b962-32cbb4f7df25, af78a1d5-f351-4ab4-8710-5c0015fd81d1, 9c8465e1-65d5-44d6-817e-a8657d38fd32, c3ab8c0a-c9a4-4211-a478-821766ef7fda, 999f8b86-8f29-44b5-942a-79d1174efb6b, 933fbf60-77a9-47ff-94e7-2484deb50922, 3a54bc78-a1f6-4a3c-a1f8-d541597eb6a0, 5c0d1919-4624-4fca-86b8-5fd52c5880f5, 6b93f25b-c493-4e72-8b1d-53a60a4acd12, 9a9d7eab-eb79-4268-a3e1-da0515ea4815, 11e99467-b34d-48e8-a24a-b12a1ff2aeef, de863f48-7416-4eb0-a70d-7b7d678c360d, 8af857b5-9817-47b6-b91f-62ff2b4a9148, 037155f4-4db8-4f07-8d0a-3e559605b8ad, d307672d-ac49-453c-810e-7915790392bc, a18391fd-7d12-41d4-bf2d-2eeed1f48c00, f66b22c0-9b76-4cb7-b53a-96fb613772f6","1656948808686, 1657022326935, 1657022342597, 1657022863612, 1657025853088, 1657046060414, 1657046085856, 1657046180647, 1657046224357, 1657046489637, 1657048269515, 1657112173248, 1657220333240, 1657220349826, 1657220570429, 1657220692496, 1657220717536, 1657224184410, 1657283349627, 1657283370955, 1657284543078, 1657580775501, 1657627204219, 1657627270203, 1657651833648, 1657652871561, 1657652904144, 1657665114447, 1657715120769, 1657716280507, 1657731265462, 1657731373548, 1657733303970, 1657733795783, 1657735568824, 1657751678503, 1657754494306, 1657802880273, 1657816728508, 1657816881242, 1657820062625, 1657820070926, 1657889052539, 1657889129790, 1657889212114, 1657889262962, 1657891478182, 1657916676334, 1657928038014, 1657984603664, 1658062659201, 1658092841648, 1658092854489, 1658093119053, 1658093170220, 1658093207310, 1658148396623, 1658162669734, 1658162775522, 1658162846065, 1658177509602, 1658177519699, 1658178054537, 1658178343773, 1658178540884, 1658178678205, 1658179653718, 1658180386401, 1658183344450, 1658244523934, 1658250583071, 1658250664170, 1658252215216, 1658252260953, 1658321488349, 1658321523063, 1658328884251, 1658342361695, 1658342921500, 1658355635264, 1658402409383, 1658405517667, 1658405658796, 1658424382232, 1658424384871, 1658424530215, 1658425665869, 1658425783825, 1658442736176, 1658502778224, 1658752011253, 1658752418522, 1658756036195, 1658772600181, 1658784737067, 1658785543225, 1658871513535, 1658924226407, 1658924782729, 1658924854492, 1658933491555, 1658933498440, 1658933596923, 1658934034770, 1658934177598, 1658941360960, 1658942756288, 1659013326186, 1659014093493, 1659025557860, 1659025606826, 1659026130761, 1659026367814, 1659028373676, 1659039382537, 1659131384348, 1659131427284, 1659196038339, 1659275075444, 1659276438282, 1659290539400, 1659297805783, 1659353457567, 1659353470968, 1659365963622, 1659366068674, 1659366954896, 1659367078175, 1659367090162, 1659369482921, 1659384212585, 1659385936345, 1659452870708, 1659452877730, 1659469524841, 1659470953995, 1659471012501, 1659471345509, 1659473800669, 1659482738838, 1659526529787, 1659529405437, 1659530949771, 1659530969863, 1659531002915, 1659532449768, 1659535364749, 1659538005276, 1659543995934, 1659571964225, 1659642597637, 1659652362666, 1659652470796, 1659652698552, 1659652722799, 1659652760449, 1659699434357, 1659722751088, 1659724343375, 1659797885369, 1659801824334, 1659823682721, 1659873517480, 1659875199746, 1659875342001, 1659891993853, 1659892009848, 1659892033990, 1659896987176, 1659897646289, 1659897772751, 1659897821494, 1660042544265, 1660042924898, 1660043346401, 1660043529762, 1660044040855, 1660044338315, 1660044435728, 1660044461492, 1660044477806, 1660046531391, 1660046882603, 1660048208630, 1660071782335, 1660071811277, 1660081310815, 1660087288603, 1660087510886, 1660135724288, 1660135726316, 1660136788859, 1660137645306, 1660144820657, 1660144882290, 1660145877614, 1660170274514, 1660215203791, 1660217205824, 1660217422926, 1660217455719, 1660244620834, 1660245056381","0, 11, 0, 8, 8, 5, 0, 0, 0, 13, 0, 0, 0, 0, 0, 0, 1, 0, 4, 0, 21, 1, 0, 0, 0, 0, 0, 2, 0, 0, 0, 0, 0, 0, 0, 1, 0, 1, 6, 0, 0, 0, 6, 0, 0, 0, 0, 0, 5, 3, 0, 1, 0, 1, 0, 4, 0, 1, 1, 0, 0, 0, 0, 0, 0, 1, 0, 0, 0, 1, 2, 2, 0, 0, 8, 0, 4, 4, 0, 1, 1, 0, 1, 0, 1, 0, 0, 0, 1, 0, 0, 0, 0, 0, 0, 0, 0, 1, 1, 0, 0, 0, 4, 0, 0, 0, 0, 0, 0, 1, 1, 0, 0, 0, 2, 3, 0, 0, 0, 0, 0, 0, 0, 1, 0, 0, 0, 2, 1, 3, 0, 0, 0, 0, 14, 12, 0, 0, 0, 0, 0, 1, 0, 0, 0, 1, 1, 1, 1, 0, 2, 3, 5, 0, 1, 0, 6, 0, 0, 1, 9, 15, 6, 4, 0, 9, 13, 2, 9, 1, 0, 1, 1, 7, 12, 15, 7, 1, 1, 4, 0, 1, 0, 0, 6, 0, 0, 0, 1, 1, 13, 0, 0, 70, 16, 0, 8, 0, 0, 13, 3, 0, 0","20000, 120000, 26924, 170000, 80000, 137857, 30000, 10048, 50000, 40000, 54944, 85061, 61190, 145874, 50000, 63983, 70000, 30000, 80000, 70000, 140000, 110000, 386999, 60000, 29458, 60000, 10000, 110000, 52744, 193436, 50000, 40000, 40000, 80000, 102338, 40000, 40000, 130000, 10000, 124749, 120000, 13076, 40000, 20000, 50000, 30000, 40000, 130000, 100000, 150000, 121368, 201131, 8113, 51934, 89615, 40000, 30000, 102562, 71726, 90000, 71670, 29490, 56319, 60000, 99968, 148100, 70000, 120000, 25001, 9081, 96054, 51594, 50000, 80000, 140000, 130000, 180000, 80000, 20000, 33341, 110000, 72438, 129056, 40000, 100000, 137776, 90000, 30000, 48523, 10000, 130000, 10000, 140000, 20000, 30539, 160000, 10349, 130000, 68879, 30000, 21879, 20000, 190000, 40000, 19519, 50000, 10000, 50000, 40000, 96841, 70000, 43223, 11260, 118183, 149434, 40015, 50000, 11522, 130000, 10000, 70000, 60000, 60000, 100618, 85146, 30000, 59198, 100000, 70000, 130000, 22450, 20000, 60000, 30000, 34668, 94895, 70000, 170000, 10000, 34187, 10000, 60000, 41394, 40379, 61982, 80000, 80000, 38956, 76683, 30000, 34364, 85385, 210000, 72548, 60000, 60000, 190000, 80000, 40000, 40000, 102439, 70000, 160000, 20000, 12573, 67908, 210000, 130000, 22670, 123796, 33316, 74861, 191235, 230000, 204729, 50000, 61164, 28410, 20977, 40000, 104719, 90000, 42670, 109821, 130000, 30000, 20000, 160000, 110000, 50000, 200000, 132333, 88876, 220000, 100000, 99943, 163632, 50000, 140000, 116510, 60000, 20000, 5639","8.61, 85.58, 61.49, 13.95, 80.13, 92.68, 74.85, 6.75, 63.59, 25.3, 63.59, 56.22, 89.76, 90.73, 52.42, 67.3, 34.27, 27.11, 90.43, 15.67, 74.9, 50.72, 88.07, 84.57, 41.73, 83.82, 19.21, 45.21, 37.8, 60.95, 18.49, 76.6, 19.74, 73.75, 56.44, 71.87, 41.92, 39.1, 17.28, 67.54, 67.94, 17.14, 26.49, 26.12, 76.58, 37.75, 47.0, 51.1, 56.22, 17.07, 85.4, 61.86, 7.43, 50.44, 46.16, 28.21, 15.49, 78.04, 87.29, 42.02, 52.84, 16.87, 34.9, 16.25, 65.2, 55.2, 58.19, 98.41, 61.66, 12.65, 87.33, 73.65, 68.83, 58.73, 76.92, 82.75, 90.8, 39.99, 39.0, 38.45, 17.69, 39.74, 86.31, 75.87, 82.44, 64.25, 43.82, 59.13, 77.21, 4.86, 16.02, 17.06, 13.94, 36.25, 39.47, 57.84, 16.33, 89.46, 79.51, 63.26, 49.89, 52.27, 54.42, 11.68, 40.62, 55.76, 30.94, 39.15, 47.8, 47.41, 38.99, 100.0, 35.12, 65.12, 45.09, 74.08, 57.24, 24.23, 89.14, 7.53, 54.35, 50.61, 15.72, 58.96, 41.1, 69.89, 91.6, 87.89, 88.75, 86.88, 70.83, 8.32, 42.81, 30.34, 49.1, 74.34, 77.26, 79.38, 6.71, 57.91, 5.02, 40.7, 29.17, 55.44, 26.94, 77.17, 83.23, 76.19, 78.08, 77.28, 36.72, 50.86, 97.43, 66.8, 76.24, 47.43, 72.08, 42.44, 33.82, 44.32, 94.93, 79.33, 70.22, 87.01, 55.36, 49.78, 75.92, 69.56, 40.25, 67.51, 57.02, 47.39, 52.27, 47.93, 55.98, 42.6, 72.62, 67.05, 8.18, 35.98, 69.54, 49.84, 39.91, 20.18, 82.22, 10.82, 8.6, 90.84, 73.99, 62.55, 92.92, 49.81, 80.34, 94.04, 53.64, 56.78, 85.96, 50.19, 79.49, 78.45, 44.21, 66.34, 8.66","1, 1, 1, 1, 1, 1, 1, 1, 1, 1, 1, 1, 1, 1, 1, 1, 1, 1, 1, 1, 1, 1, 1, 1, 1, 1, 1, 1, 1, 1, 1, 1, 2, 1, 1, 1, 1, 1, 1, 1, 1, 1, 1, 1, 1, 1, 1, 1, 1, 1, 1, 1, 1, 1, 2, 1, 1, 1, 1, 2, 1, 1, 1, 1, 1, 1, 1, 1, 1, 1, 1, 1, 1, 1, 1, 1, 1, 1, 1, 1, 1, 1, 1, 1, 1, 1, 1, 1, 1, 1, 1, 1, 1, 1, 1, 1, 1, 1, 1, 1, 1, 1, 1, 1, 1, 1, 1, 1, 1, 2, 1, 1, 1, 1, 1, 1, 1, 1, 1, 1, 1, 1, 1, 1, 1, 1, 1, 1, 1, 1, 1, 1, 1, 2, 1, 1, 1, 1, 1, 1, 1, 1, 1, 1, 1, 1, 1, 1, 2, 1, 1, 2, 1, 1, 1, 1, 1, 1, 1, 1, 1, 1, 1, 1, 1, 1, 1, 1, 1, 1, 1, 1, 1, 2, 1, 1, 1, 1, 1, 1, 1, 1, 1, 1, 1, 1, 1, 1, 1, 1, 1, 1, 1, 1, 1, 1, 1, 1, 1, 1, 1, 1, 1","1656948808686, 1657022326935, 1657022342597, 1657022863612, 1657025853088, 1657046060414, 1657046085856, 1657046180647, 1657046224357, 1657046489637, 1657048269515, 1657112173248, 1657220333240, 1657220349826, 1657220570429, 1657220692496, 1657220717536, 1657224184410, 1657283349627, 1657283370955, 1657284543078, 1657580775501, 1657627204219, 1657627270203, 1657651833648, 1657652871561, 1657652904144, 1657665114447, 1657715120769, 1657716280507, 1657731265462, 1657731373548, 1657733303970, 1657733795783, 1657735568824, 1657751678503, 1657754494306, 1657802880273, 1657816728508, 1657816881242, 1657820062625, 1657820070926, 1657889052539, 1657889129790, 1657889212114, 1657889262962, 1657891478182, 1657916676334, 1657928038014, 1657984603664, 1658062659201, 1658092841648, 1658092854489, 1658093119053, 1658093170220, 1658093207310, 1658148396623, 1658162669734, 1658162775522, 1658162846065, 1658177509602, 1658177519699, 1658178054537, 1658178343773, 1658178540884, 1658178678205, 1658179653718, 1658180386401, 1658183344450, 1658244523934, 1658250583071, 1658250664170, 1658252215216, 1658252260953, 1658321488349, 1658321523063, 1658328884251, 1658342361695, 1658342921500, 1658355635264, 1658402409383, 1658405517667, 1658405658796, 1658424382232, 1658424384871, 1658424530215, 1658425665869, 1658425783825, 1658442736176, 1658502778224, 1658752011253, 1658752418522, 1658756036195, 1658772600181, 1658784737067, 1658785543225, 1658871513535, 1658924226407, 1658924782729, 1658924854492, 1658933491555, 1658933498440, 1658933596923, 1658934034770, 1658934177598, 1658941360960, 1658942756288, 1659013326186, 1659014093493, 1659025557860, 1659025606826, 1659026130761, 1659026367814, 1659028373676, 1659039382537, 1659131384348, 1659131427284, 1659196038339, 1659275075444, 1659276438282, 1659290539400, 1659297805783, 1659353457567, 1659353470968, 1659365963622, 1659366068674, 1659366954896, 1659367078175, 1659367090162, 1659369482921, 1659384212585, 1659385936345, 1659452870708, 1659452877730, 1659469524841, 1659470953995, 1659471012501, 1659471345509, 1659473800669, 1659482738838, 1659526529787, 1659529405437, 1659530949771, 1659530969863, 1659531002915, 1659532449768, 1659535364749, 1659538005276, 1659543995934, 1659571964225, 1659642597637, 1659652362666, 1659652470796, 1659652698552, 1659652722799, 1659652760449, 1659699434357, 1659722751088, 1659724343375, 1659797885369, 1659801824334, 1659823682721, 1659873517480, 1659875199746, 1659875342001, 1659891993853, 1659892009848, 1659892033990, 1659896987176, 1659897646289, 1659897772751, 1659897821494, 1660042544265, 1660042924898, 1660043346401, 1660043529762, 1660044040855, 1660044338315, 1660044435728, 1660044461492, 1660044477806, 1660046531391, 1660046882603, 1660048208630, 1660071782335, 1660071811277, 1660081310815, 1660087288603, 1660087510886, 1660135724288, 1660135726316, 1660136788859, 1660137645306, 1660144820657, 1660144882290, 1660145877614, 1660170274514, 1660215203791, 1660217205824, 1660217422926, 1660217455719, 1660244620834, 1660245056381"
d27224d2337263f84c494a78ba10a399543289860cd5550124f4f0d540109020,Non-Logged,21,"b8a78aa2-ac2e-4269-bdd4-7f5e9cfc7a79, 3c787cdc-99f7-4001-94ac-4edb2e971b94, efef5cd6-fbf5-469c-bf43-8e0d30f64134, 561850c2-9ade-4985-bf36-402abf02153d, 6ec5702a-68b1-4095-9e52-c8d5c8c7eb67, 147ee077-cc5c-496f-8aec-2564a2cf7df3, 27bc7b05-2b2a-40f1-a66c-da3cb453f3f0, d0401d26-b796-43e9-b46f-5a3c5d0e4338, 2ad9e481-2801-418b-b092-50cf6282733d, d7f17a3c-3885-4b47-95a8-c4204a3698f5, ced7fe89-46e6-4bc2-b5c8-ecfcfd33c577, d7c20612-b2d8-4f7a-aac9-cc330b87e395, 064b539b-a4cd-4781-b97f-9e9859ce15f7, 87b7c93a-809a-4709-8e59-c56b02fec7c2, a30dfbe4-47d5-45b3-93e3-24618014e1ad, 7594da99-d606-4338-a373-710a7dec776a, b92a923f-9a8e-488c-85f9-58079ee721b2, ba008c92-ab01-441a-ba7a-c80742013db1, 30fa8088-bc67-440e-b66f-6f6b42c76e45, f8db2c3d-8afc-4a87-9fdb-00f84855ccce, c21a2041-10d9-4e8f-b6ba-d64759439301","1659346412217, 1659346641674, 1659485575179, 1659490714112, 1659566759156, 1659658356910, 1659823222385, 1659830549045, 1659914855886, 1659917809215, 1660203522590, 1660203601801, 1660203758090, 1660254145042, 1660254503127, 1660341289353, 1660344303438, 1660373073802, 1660376861763, 1660433855571, 1660509588147","10, 10, 6, 14, 15, 2, 14, 19, 5, 5, 1, 13, 15, 34, 2, 9, 30, 5, 46, 5, 3","76764, 20018, 66155, 100000, 91763, 10491, 118515, 65649, 34109, 85111, 10003, 116734, 90000, 120000, 20000, 80000, 140000, 81251, 329101, 20883, 11122","33.41, 49.59, 42.14, 21.56, 77.29, 19.82, 47.35, 36.78, 36.13, 37.71, 16.66, 48.15, 60.3, 56.76, 39.03, 86.27, 53.24, 40.4, 77.57, 59.55, 34.16","2, 1, 1, 1, 1, 1, 1, 1, 1, 1, 1, 1, 1, 1, 1, 1, 1, 1, 1, 1, 1","1659346412217, 1659346641674, 1659485575179, 1659490714112, 1659566759156, 1659658356910, 1659823222385, 1659830549045, 1659914855886, 1659917809215, 1660203522590, 1660203601801, 1660203758090, 1660254145042, 1660254503127, 1660341289353, 1660344303438, 1660373073802, 1660376861763, 1660433855571, 1660509588147"
3e8092381a8f949ccd437fe46096d2a0a45f686db604d09ee75c6348b8645627,Logged,47,"a36c98b5-f159-48f8-9f5a-1fc6ea9956c8, 0f3b5bb5-0c93-432f-855a-f848fddc5606, f8145eec-1eef-4009-ad1c-2668157ae9a1, af0941ee-a164-46e9-a3bc-218665b6a382, 17d0a275-8223-472c-8c9c-cafdbd6b5739, 6b6635bb-d15a-4698-97b2-f3f25be0d019, d5a4bd8e-bc31-4d47-bb10-2bf7eb7a6b12, bacab81b-4dd0-4047-8d51-a9cb03a8e18e, 5545640d-260a-40e8-8e91-e5e675ef9de2, 75b3af27-5398-4e8f-a464-14b404eafad1, 139c9e4d-b7eb-43d0-b2fc-1cb230f0adc8, 4097222f-b2e5-4b8f-9d3d-6f1fade25b04, 37c56d52-c47f-4584-8f24-3aae138c490f, 79058416-0be3-44d3-9200-6f2869306150, 5ecc4b24-ff5d-4f8c-8449-53de3b34d213, a2ef8430-00b6-49de-852d-2c72596c5917, 353a8ad7-b634-42da-a9a0-3113ea750f91, 1c27cf97-b20c-4e40-b1f1-288b721517b3, 5bd3addd-14b2-48be-8c03-8cd15f13ede6, 3db4c0cd-5a55-4be3-a268-bf08b0a0ec2b, 41ea29bd-18b3-4bcd-aa23-554fa490e4c9, c55b5b0f-9cd7-416c-a87c-e781c6e9bdaf, b954a1b6-d613-4012-8bb5-d60ffb9e94e6, c7c70809-d617-40a3-99a0-a95c87679acd, 5c0a47ca-6fab-48a6-ac63-e5c0b0872523, ad42c4b0-dfb5-49fb-87bf-7b5d055b6e8e, 100ff71c-da18-4182-9672-369324a71bb5, 06294fd4-5d1e-498f-9a46-b0631ebcb60e, 857a13e0-28f3-448b-b4c9-b78cc9cb751e, e1b45ea0-7cb8-40f4-b016-e24c2c2338d7, f8274d89-525f-49c4-9331-68b69b03c5a6, 3105785a-2ffb-4173-9b42-501324cb673d, 15281e10-e6bc-48bc-9b1b-94402f83699b, 7a01fdb1-c5c0-4833-a252-8593f91eed3d, 332a3523-64c5-43cb-93fd-a7df504448e8, 862becd0-8c2d-4898-864e-d01efbdef8ea, 59fa21cf-1ae3-49e7-9e45-ede7d17d56e8, 890d07b3-46a1-4fa2-9ebc-80e3d6346834, d3f1ee4d-fc50-4e1f-af67-99bbbd2e9555, cb324527-6a66-491d-b53c-6a6d7ece566f, 5af99ef3-adff-464d-9976-5c5d6391b014, 7c076eda-5b41-4b0f-815f-0f6400148b0c, d727b053-4d57-408f-acfe-f864d689ee97, 59f32378-4348-4ed6-a269-8004371b9705, 4c63d7cd-4902-4ffb-9b94-578b1b2151f0, 5a867ffb-7227-416d-a286-f73c9ee6a4af, 6a2124a4-2619-4682-aad3-44b4f80d7989","1657163790199, 1657163790849, 1657300122403, 1657487844717, 1657487930624, 1657488173862, 1657498820360, 1657661437455, 1657922635362, 1657922653712, 1657922677800, 1657980428050, 1657989443245, 1658156825586, 1658164620009, 1658164627219, 1658164644671, 1658164656798, 1658164677488, 1658262691604, 1658262754342, 1658262783986, 1658262887561, 1658263002864, 1658554565251, 1658554709763, 1658554770328, 1658554827712, 1658794015108, 1658794021663, 1658866195049, 1658866248795, 1659041811241, 1659041868072, 1659041920953, 1659041995785, 1659042018235, 1659139382144, 1659139461976, 1659139675336, 1659308237504, 1659308469217, 1659836474733, 1659836536639, 1659837088783, 1659876246160, 1659886934702","0, 0, 30, 40, 36, 9, 25, 18, 1, 1, 0, 0, 25, 0, 0, 0, 0, 0, 0, 57, 20, 6, 26, 15, 32, 9, 23, 29, 1, 0, 24, 92, 16, 22, 44, 15, 31, 17, 46, 15, 12, 10, 43, 41, 36, 41, 26","30000, 6630, 60000, 100000, 55765, 20000, 50798, 31460, 84666, 30000, 17101, 98960, 55769, 71741, 30000, 20000, 30000, 40000, 50000, 200000, 27293, 13558, 69406, 20946, 108572, 25658, 54651, 68334, 120000, 70000, 51202, 170000, 25667, 48762, 68799, 18894, 40112, 38202, 100000, 20059, 40000, 28164, 130000, 52127, 72409, 178948, 57498","34.04, 12.75, 31.41, 62.15, 79.78, 15.88, 72.38, 49.66, 31.84, 8.44, 49.19, 71.16, 56.16, 69.81, 48.06, 19.82, 35.35, 70.31, 49.46, 92.77, 57.63, 31.26, 57.82, 29.29, 61.4, 32.37, 43.99, 41.81, 68.97, 46.82, 65.11, 59.79, 42.62, 42.77, 76.46, 69.19, 62.65, 41.5, 62.75, 34.08, 15.36, 45.49, 29.72, 34.34, 70.38, 66.84, 47.77","1, 1, 2, 1, 1, 1, 1, 1, 2, 1, 1, 1, 1, 1, 1, 1, 1, 1, 1, 1, 1, 1, 1, 1, 1, 1, 1, 1, 1, 1, 1, 1, 1, 1, 1, 1, 1, 1, 1, 1, 1, 1, 1, 1, 1, 1, 1","1657163790199, 1657163790849, 1657300122403, 1657487844717, 1657487930624, 1657488173862, 1657498820360, 1657661437455, 1657922635362, 1657922653712, 1657922677800, 1657980428050, 1657989443245, 1658156825586, 1658164620009, 1658164627219, 1658164644671, 1658164656798, 1658164677488, 1658262691604, 1658262754342, 1658262783986, 1658262887561, 1658263002864, 1658554565251, 1658554709763, 1658554770328, 1658554827712, 1658794015108, 1658794021663, 1658866195049, 1658866248795, 1659041811241, 1659041868072, 1659041920953, 1659041995785, 1659042018235, 1659139382144, 1659139461976, 1659139675336, 1659308237504, 1659308469217, 1659836474733, 1659836536639, 1659837088783, 1659876246160, 1659886934702"
bf726150da4e86a6f90408e1171769cdf52ebd87cc8b8c668a9c564ea9fc86e2,Non-Logged,698,"e7fc1681-32bd-49c2-90d7-504e6747258a, a22fa1cd-f11e-426e-bd09-57781b82f6e7, d7ef402b-ffef-48d3-a6d3-76048a490a18, 2f560264-1c2e-4d99-8830-8ad6bda37d91, 5af85505-ad29-4d29-ad7d-011beca7e75d, 35e20551-659a-415f-95fe-7acbb89b69f6, 53661f87-d12b-4558-bdb6-ac188f66d7ab, 5bb1b22f-4ddf-4535-8b14-c5f35912df59, 9fa3c5fe-fdfe-49b6-b6eb-d0e832a2cfbf, 7bd823f6-6bef-46aa-9630-394aba0b345e, 6e658bcb-9782-4c0f-a15a-4814d93ae637, b9784b56-7658-43ce-ba51-5e4e09da24cf, 6617a8f7-712a-434f-a9bf-89148e7c78f5, e48c17c7-953d-438b-8d73-505e51618d91, 17bd3188-935b-4369-bde9-0782b1fb30dc, 34abca9a-8d2f-473c-b590-74de7b4d3d69, 720654f3-3334-4bdb-8510-a0256be359c0, df1a2e67-6ddd-4143-8c9e-3316e08ef6aa, c2421f70-89da-4a89-8068-0768887c13c1, c6c736f3-3bb7-46bb-be62-36ce5f5806e3, ee2f12da-00b2-4b94-beac-033f67bbc6bc, 9b16ee87-8143-4877-8bc6-e2d46d1b7f48, b61239e0-eaae-4c65-8ecc-4eee436f7744, 8634c420-35d5-4d2d-af72-542ade25b3d7, 5b130381-f7e8-4ba2-9f05-96b0ea271551, 935d11e9-baae-484e-9ba5-7dcb83676f44, 75f5e7e8-36a9-4c77-ab07-0ca65aa86cea, 04837c85-10fe-487a-99be-6417dbe4fed2, 24114f04-c10b-4a94-a611-f8c6c169656c, 41e46cc4-6d21-4c4e-921d-1453c771e5b7, 4949c561-4c95-4f6b-bf2e-ba8282d4aa32, 483b8af1-fba7-476a-ba97-0106ff90d667, 19d3664c-a1fd-4dff-bf2d-44a54a4239a9, 89269edf-dccb-448a-b4d7-60598d9e2094, 039f4a22-5834-47f3-8f4e-50bd39ed65a5, ced7fe89-46e6-4bc2-b5c8-ecfcfd33c577, 7fb766cf-6d79-4cad-a871-41737fffb721, 5728a8d1-005e-49fc-b627-d6244c0c9f28, 99c4a6d3-41f3-4bf0-bfba-a419e0e621f8, b4a49678-5253-4918-9738-d5462fe44175, a033f44e-1148-431a-8293-f801d8a43d85, a7fdb908-c349-431f-996e-a0c6a6f3c2e2, a595b234-92db-442d-a345-7c6d6c026baf, e678df25-c163-4344-9cd1-21e9ecccf6b8, 48b64555-bbe6-4019-a901-3074db6f410e, 270d9df8-9c03-4c3b-ba7b-0dda3c1b0406, 98bc88a5-f90e-4e2e-8e56-52aec953153c, 1b477558-657d-473f-b496-f25d3a5d7e46, f0d40b8d-1e22-4d8f-aab3-fd00e1e53aad, 0aa6d44c-0b8b-41a4-af17-0de95032cae3, 69229d3f-01bc-434b-847d-528c4cca47e1, 009dbd82-8d53-4783-b48f-ea871928197b, 08b6fa41-f39d-4ac4-8ea7-8fdf4533dca4, 331b31e2-8906-44a1-8bb9-39800e81f897, 0a5923de-45ed-4142-b3a7-17546131670c, 23243426-4270-4023-ba14-844d96119e70, 1f32787b-de2b-49be-8c20-ddaeae34cc22, 74c9b7cc-4777-45e2-9510-44ea9acc44a5, 52174216-f18f-41d5-bac9-b5a2ecf19945, 847332d3-9ad8-4e38-91f3-e510630505c5, b20ee678-6e04-45eb-b7b4-d42d77e76ab9, aa9348f9-ec47-42d3-929e-4601de795e53, cbe16a42-c3bc-44a1-bdbc-f4bb81954062, 3c12c1f9-f81e-496a-ad9a-73540fbc1e2e, 340e2bdc-37b9-4ebe-ba1e-d1d2ce6a009d, 00a396c3-bb4f-4fd7-9082-08e56925f2dc, 4c846b60-8f8d-4a32-afb8-5481d42620eb, c390869c-3572-4659-9765-9d9b78cca798, 6f40710c-dcca-4697-9e87-9868cee203a6, e59e23ae-31e6-4eba-b85a-ce46918829b9, 504f0a8b-e2f4-4610-88f0-e7aad0d9d6d2, 34ba2ba7-4618-4cc9-bbb2-8fbfcbb34543, eb7cf69c-3d60-4967-bd8e-0b0be870665b, 05dfdab1-4f1d-4247-a3ed-8ab5da85694d, 17c1c875-a2ed-4b98-ace2-96ba127e272d, 6121fa0d-997a-4133-975b-ec8cd9889768, 919c22de-dab9-4c59-b0fd-c3f3d18fc0de, 7c597d02-aab9-4326-8a8a-e92987dae011, e840ec98-4e81-422d-ac06-3089c75cc815, da2c0eb8-47e7-4e00-9871-b9e3db7c1ef5, a83f85e1-f275-4de8-9c5c-ac34758887c4, 7da5b624-b9d3-42cd-a8e5-a82e3c50c552, c24d4fa1-1b7c-4540-ae8b-8c88a05f8df7, 6946c337-c126-4b60-9fba-e58945661976, b45946c1-035c-4d85-b327-b8ee7f4fa3e7, 2e5a7cc4-0cf3-4b15-9ed1-1f1226be156a, 1bbb633b-343a-4a5e-bb0f-594a2fc28952, 5fdd88b7-9f93-4202-a70a-67075d3003a1, 1b5e0d8a-d074-4e04-bca8-5e747d4b6648, 371a2854-b9d0-4d0d-93d2-7133cd9523eb, fd33f608-18f6-445a-bc4b-4ba1d1556fa2, 39637899-fc4a-47f2-b5aa-266a97d54cb0, d33f59ba-2179-4881-b825-e6119397b5aa, f4f73b87-309e-4d99-a954-4797b72bcee1, f5080d7a-97dd-4d25-a8c4-4d8eb26f5c57, 9517c0a7-5729-4ba5-b7f5-21349f352489, 063779f4-3c7b-4084-8964-b36fe44f85da, 293d3f8d-2f41-4953-a415-1a2535f4b7a6, b48df288-b888-4fd4-9b8f-59c6d3eab290, 13e8eb93-9900-4295-9198-4da918a31d19, d634f7d5-5576-4bf4-89d9-6a86dd83a039, 6ec665b4-dbef-4574-b941-043953679a1b, 618ec523-ba88-409c-aa6c-46b601ca86ff, f6877755-52b3-4c54-8e78-2923437758c8, 36962fd8-9237-4dcf-bf76-98a8fc80f952, 20926639-2ada-4559-a1c4-ce2418877dad, 0906fe9c-99b4-4fbf-b879-47674953717b, 40a1e4f4-6daa-45f9-8c26-79fc9bf04bf3, 712e0f88-ba6b-44a9-9748-57ce20cb48ac, 2170e36b-f02b-48b0-9bfb-259fe8aec4fb, 31cc2f83-b532-4613-8708-87e599b09ed0, 2e30b498-e814-4861-b994-09a21ea7f313, 65bae30d-e0d8-450e-ae96-00817b8f393b, a764c141-34c8-433e-ae15-c6ba67661b2e, ce7202a8-32e5-44f5-a1d4-354cd6b7f4f8, 6fde38a6-c04c-4ff4-ba98-efa7247fde5d, 52748bec-4966-4982-a923-e8897fa0c4c7, 9d091841-493d-4bc2-b41d-46d9f1e3f483, 2c8d0162-7a7c-420b-ac35-1f7f1e9f7ba4, fe5edd8d-3b66-4694-95a5-663d7789b429, bf257382-74fb-4392-ad6a-143240e39f81, 251f3118-b8b0-4842-8412-08c11c0b61a2, e88e9adc-06f6-407b-96f0-7577709252a8, 81b254bd-5f4a-46cd-a813-9e8cbed40edc, 12d6493a-efe6-4410-9cdf-53aafbbea7b5, 693015c1-eb0c-41e6-b1f4-f6050e027615, 666e9eda-630c-47bf-876e-378024ef9ebc, 1353c360-1dd0-43df-b4b2-4b299ef3c208, 0f338ea1-7fa3-44e6-8f7f-a66bcbbe63f4, 41737da0-64b6-4be3-9bc7-8a261d0740d0, 5150459d-1b3a-409c-982e-54c8ed0900a3, ae10e5eb-cc5a-4c89-a93e-b3fa5aa72462, be27248d-bf76-4373-91a2-f62b612d9916, 67c7a319-dc69-467a-81c2-4c03e88850a7, f0a78e58-ec7e-494c-9462-fbd6446a9a89, 2d891155-fbac-4f54-8949-a1d8fb42839f, bcb7755a-5046-4bd7-81cd-8ead61a27ba7, fe933cfd-91db-4b34-a4a8-780436eb0f8d, 2fff6bb2-964e-4f10-aaa0-b63a8e0c7946, 05d3244b-0f3c-4f45-b1b0-fb0f4590efa0, 05a404b1-0fcd-432c-820a-2ab57a5c8e8d, 8658253d-41d8-4639-84ab-890c4ec6c3c0, 8b866d5a-828a-4edc-9bea-ff197c27c21f, 87282e33-f7f0-4f7d-abeb-b2525b8858d2, e2a81417-e811-46a4-b26e-f77c1c836046, 0770460b-a999-411d-b4cc-d1de50ae12ff, 0aa29670-38df-4cc7-ba6f-80fd4468e86f, 7c8efe61-3900-4a8d-8fa8-78430aff82aa, ca8beb6e-1d02-4f1a-98e4-3afe2ff01c40, 3e61f213-179e-4854-81b8-a5a45fb9dd9c, 98d3ca1d-9fe2-46da-80f1-11c160364169, a27d8757-f123-45f4-a0cf-7f7a63424d38, bc4e7252-79a9-4fe9-8904-9e716e38ba88, 4dab8559-6e4a-4cf4-8214-a6db1595a650, f8b1c84a-df88-4ee2-891c-5f7972c9f1e0, 7dab860c-1d4b-44c9-bd3b-c8897bf09b62, ff397bb3-e81b-4c4c-b090-e77d17adbf1a, f6551587-8e3e-418a-9476-e9b000721ee3, d2eab1a5-5ecc-4b9a-b31e-ecbaf3d1adcb, 1d22f204-4cea-4b1d-95da-f6fbe57cd622, e4dbb7c9-fd80-4da8-b4f4-6d144442a2af, a300677e-ee70-4758-886b-e6c75d8679b6, 4abb44b5-e4b2-462a-a295-6a154de122b0, c5a47987-c273-409a-ba13-134b906660a8, c95ae2e9-e5f6-4b81-939f-b883c21e52d4, 8572625f-c059-4338-8ae4-d4140b2513cf, f7e8c5bf-af5a-4f48-ad0e-7cbc3465fe85, 11ae3ff3-e3de-4cdd-8a18-f0988e3bb0b3, e5c33566-eac2-487a-a55a-827d97f77b9f, dfedf4fa-ee3a-4767-b37c-9edc42878cd3, a20a1740-a557-42da-b2ba-4c3c9670ac4d, aead7506-41f2-497e-8cc4-6616ee8d22a0, 35b46d88-8107-49e7-81dd-3ff431715e8e, 72f43c48-632d-48e9-b702-ebaaa8b18514, e544658a-7fbf-4c01-8b83-b63cf6e78987, d6d7696e-9bd3-4cb4-9cbd-9e58b9656bd4, 5367db89-5415-4209-8994-88d540beef2b, 45220dd5-e0bd-4993-80a3-79f9eb29a10b, 0415e08e-a56d-49f2-90ff-cd659b5f6727, 2d3ab11d-23c8-46d9-8361-b0c418fb0ae9, 4744a634-f97e-42e0-aff7-f4a71435e0ca, 8e73545e-dc1b-4f5c-8fd5-005e13d7e25f, 103d6a28-72fb-4569-9099-5cda1a3051e4, 4643fde3-e26d-4af9-a28a-d4dcc547fb03, 3215fe53-b99a-48a0-bafc-5d6fbb93e01c, e1c2fc45-c240-4e88-bd8a-fa82545806bc, 7fcf82cf-6a19-4e1f-a054-d5356546bf31, e3614fe2-d38d-4fda-88d8-0cdb6943f832, 9d90b111-9917-4fa3-8809-d5d0a940c0e2, 797ee9aa-41f1-40ec-91ad-af06245e4cb4, 747d0aca-85c9-4747-b87e-8eb409200c12, 3a11125f-ab10-49b0-a8d8-ee13c0876a4c, fc32b18e-e4da-497c-ba7a-fa07f075cf8a, d5309a19-f00c-4687-9938-86f2064a9c66, 303e199b-48d9-4cd0-8753-b69a7e1b53dd, 1372b1e5-0525-47da-92a3-fef0e302c6a8, 8397c413-0cb3-423e-b4c8-d5588d7c68ce, 5e5239b2-16cd-4ebb-988d-85d33389c47a, 87e3e65b-d057-48a7-9020-fb6a60e9090b, 6fe44297-96e8-4253-ba75-bc142f124831, 4ab52f21-b2cc-4fbd-a8a7-368faca22447, 01210d34-44d5-4fe0-b106-2970ba9309f3, 6ec65b29-e203-4d31-9bee-7bee29136860, c40c2035-77ad-439b-847f-ad984d28d056, 7fa14e33-c167-4a27-a6be-c73bf4c9b9b4, e340cb66-06c3-4297-9052-b55fc0e824b3, 9776ffdb-bb51-48c4-928f-ca165bf7a1be, 707e43b8-5c7b-4c63-ad1d-c79aad1ddb22, d201c1bc-366c-4de1-96de-a34f9b534ba9, 59a77ef5-7df4-4be6-936c-3307eaa43ecb, 7cff9bc6-bff7-4f2f-93fe-4fea320bfbda, abbf4729-e721-43c0-b2d9-ba4c8ed6c361, de7912e2-6871-4658-8249-6f053c3d5d3e, 4498a685-2b13-430e-b488-284d2c103734, 8293df2d-07f6-4229-be0a-2c5213df274e, d2f1b243-5e73-44e0-8148-0d3c543da316, e5cd0ddf-2279-42ed-af27-31f00ff2b722, bd3aa0e4-3366-45da-81ef-9cc18dabaa2a, 0ceb0236-4c1a-46ca-9bef-147122729c79, 8a411cf7-fcdd-4898-b64c-f527b5f1ac1d, 4a108326-b19d-42ce-94f6-807abf6e4679, 1b606d64-4072-45eb-83ce-805e4d96b7e9, ef257a04-4ad2-46ab-b30e-eb2a2db66284, f726d490-a1a9-4dbb-a48c-7d804aa15978, dc76e26c-388f-4746-80e4-e72bffd451a4, 39f3e01b-f50a-4e44-bc67-72caa024da2d, 39959832-be7e-4420-94ab-9244f409bfe9, 44487b1b-b6ca-4c21-b755-8f05470d702c, e75d31f6-004e-43da-8997-46bd89f6ea3b, c43ea54b-ae04-4d9d-accc-616ced0d54d4, de0beb67-5582-49e5-ab3b-8899610b7a6e, 347a01fa-6f39-49c7-9a61-72db9eca0d19, bb68ab16-4bdd-42e3-ab0c-55098a12e5f1, eeabfefa-ee90-43eb-bf20-e559f27ef293, 862ed05d-ba1c-4ae0-90d1-0ccaf769a799, 02ee13b7-4ed5-43f4-937f-ed41451b4151, 2ad4930b-bd99-4884-9c07-12cc46f53417, 7e2e3d31-a7cb-44c1-96d2-8a7558427873, 4b762622-7d6c-4ee3-ac57-0255df5d44a4, 97cd30bf-9ddf-42f9-b6dc-4e39b46f45de, 52ba5bc1-146f-4c07-af47-2e62536ce833, cf4a9937-26f2-4312-ace5-d93db28d58fe, f6351b89-0a5c-4850-88dd-70d3baba78b9, e60cecfb-4bfe-4491-8d99-b2ef7727541e, 5f7bf100-a164-41b1-85a7-0b4c2105836a, d1200498-4dfe-43c4-8db7-0769e2ba7006, 9675606a-f570-4003-8fcf-59d08cc99178, e7b89faa-c859-4317-b9ff-52a72f72cc10, 988ecdbe-cd86-4d4a-a59c-aacf737e179f, 19065b62-f604-4047-8d3f-aa17f2fb981c, e8c2b4c1-7a78-417d-b531-43a0ed130334, 756f1fd7-703f-4ba3-ac49-a7c9bff1b1ec, 72cdc94c-f894-4226-94c8-ec06d8f629b8, ec253e20-a40c-49a5-b09b-3e2102e1a764, 0882f8bb-17bb-47b0-a9b1-86e07aea977b, 290b95ce-df0a-48b8-9f7c-a37c17b2ee18, d5ac732e-af28-4149-808a-3bf37b095605, 3936f6c7-3f6c-4205-8cda-3178160b6cd4, 149b3d3b-4916-4763-8563-8a2539f3e993, 4e2281de-bab1-4f06-b3e9-8263d0ab2b0b, 36722a0c-8a67-4289-b47b-788e70b927e3, a3798213-023b-4637-8234-4808cda6aa71, 33284ce5-640b-40fe-adf4-a50166a73860, 7fec6a60-abfa-4032-ac41-906685e4adb4, e799ff81-721a-465b-aac9-1fac8f69adcb, 54bc9835-5a07-46c8-9d63-276aa300a0ca, b3e59dbb-125d-49a7-b166-c2d7e2fee9f0, b696aa48-4c27-4467-ad76-d52dd0f5fa33, 395b787d-6472-47c9-acbe-c6bedf5fe726, 82944f70-6760-48ce-af66-3472f6a6c649, 8e28cf73-b4ea-4f80-b776-1944dc74e8ac, 2cf0bbff-032a-4b71-ab10-ed39503c68e4, 74ed5bd2-2d0d-4dc8-b846-ad9a69f6a971, 07d86b0a-993d-4f78-8437-c1eadd2b3c46, db3b7356-e375-479b-8abf-dffa39267f3a, b55c1660-3d09-4214-883a-d6c38fd5dc78, 9e434fae-3183-4d3a-8e1d-00a461e5d7fc, fa673b0c-cc70-4206-8fd3-500f581cdab4, be81f38c-fc94-4d30-90cc-4136b01dc83d, 3f4c4568-d4ed-4aa7-a805-145f820d84d6, 20fd8684-1210-410a-ac5a-7b1e8488dc9f, 50658589-873f-4d9d-89c2-82167227dbd7, 400118fe-0d65-40bb-8c00-cbb029c0906b, 86548465-2ac0-450e-bfbc-fc3537d59cb0, aa984a4d-059f-43f9-bb35-adbb7e73238e, 02531800-86a7-4a6c-b3fd-f52950450524, ddc679dc-2995-458d-b832-fd70aa01143d, d2705701-d897-4048-992c-384542c33812, 75432862-84da-430f-bdb2-ece65dfb0679, 39dd701b-dbe8-4aab-8306-932c6e67cbad, a56e1fb8-b6cf-4311-8df9-9fd3e2026d3f, 37e8aaf1-f0da-4404-ad71-78763f07646d, 9d89e4a9-e7c8-4bf2-8b44-cf8364336592, 9c59986e-8c8f-4bcc-88b2-6b72caf1c7d5, 5eb50f18-454d-4457-bf07-24e419447e6d, 31cfde80-fb4c-46ac-91a3-2841a023f8e5, 0baa8cd7-1eef-4960-aeb4-4128e58efba3, a78420a7-eb67-4f1e-a0e7-7c5a94f5eb64, 23295d6b-90a5-4d0a-88fe-eed15428e4a8, 11a66bfd-1543-4b4a-9305-0035d280dc6a, 852edd35-ed50-4d19-9730-4d2a7db9c2c5, 637d8f94-871c-4610-93fe-c2971bf46f05, e63b0c4e-e30b-4bf5-a6c1-32517b4b897c, 83e2f8f4-e48c-428a-a778-ea6089b747a7, 07fc5daa-40d2-41a0-a99f-2fb0124669ac, 1adc013a-282a-4cf4-b402-673e469e6c50, af0ae324-1030-4a32-bf1e-8b4d6062549f, e3cdb277-ad80-4025-b5de-cd98cc67d23d, 009ee31f-34e7-4fd8-959e-891a86fa0d39, d6c604a5-391c-4dab-ae28-2ac37df9d147, da4b7079-9f4b-48d5-85b0-6e58dab71d0a, 967b1078-0a35-4300-a552-7f14e4a558ba, f8f36c22-7ba9-4960-a126-4a4d063f0099, 6b549f9e-85c2-4a5a-bd22-a9ddd1f2e518, 525efbcf-29ae-4887-bb18-72f5c8b0be74, c55b5b0f-9cd7-416c-a87c-e781c6e9bdaf, e5bb9c00-ea4b-40f5-a160-37b7ca979783, 63f5b857-6df9-4f65-862c-acd372870e6c, 965b0e0d-4996-41ce-b6ab-ecbec44705b9, ce6233a4-c21a-43ef-ba05-19aa43659ac7, cfffeeb9-277c-4df7-bfce-623f37f2d1fc, fb112a49-5e13-4046-ae7d-2a7d7dba74c7, 2033c2df-a38a-4d9b-8dc7-4124024d3874, 61c01623-05d1-4e91-bcfa-2e95ebd2a66f, 162ccdd2-ae54-4f82-8713-51a17fa16c64, 41be6f5e-2c7e-485a-becd-eeac112a01f4, 36830118-4f36-41c3-9024-9512d77f1500, b7d0d63d-5b59-4a69-ba7d-d7239cfe36d2, df4dbee0-6af3-42bc-9a11-0da44241476b, 25de053f-b22e-4e69-b697-11f722b20e0a, 005a743a-0a81-4dd4-ba1f-6dc63cc33a34, e8e9e941-3c32-4cce-ab41-e5d8c0904428, a5f8e927-1497-4929-964c-4c610b48de36, 9bf2e287-a706-478a-a59f-876a954e55a0, 12f09b14-8d20-4d65-9f20-7ef9d153dc97, 0ead1ad5-a4ce-4e2e-b25a-0bebdfd4c7fa, b6e2958b-324d-4462-b242-ff992461ba6e, af1836ee-54e6-4a4e-9cd6-2e5a524670bd, 78f42bd4-4281-49e2-abd2-2da58ed56dad, 9c91723a-10ea-4100-b63c-a9ff13e6d5ff, e67c8cdf-3c55-4399-a864-3c1591225296, 410fd02c-f423-4a05-b049-838d0fb4041a, 115f6177-e050-4e0b-95bd-7759d9af87ab, 4700f517-5c5d-483c-81b7-d77aca04991c, d7b28200-077e-46be-9055-14e40eed76bc, 3dcbac52-7e62-4bb8-b923-5a9b2eec367b, 9c443c2d-bf37-4668-b3f5-56de3515589d, 09a5a7c8-7687-4311-907c-d43fdb650b4c, f4b2bf7a-7064-47a6-b3d6-58bd2c2fd341, 2a4bfbc9-f9d5-4ef5-a290-0f57b3271202, c674d646-0b85-44ee-b48f-b91a1da96837, 1c3e8f4e-0f08-4bb0-8fd1-d0ca3c545335, 9fd46943-7e13-49e2-b30c-fdc611921175, 00ebc7bf-25e9-4175-b829-505aeecebaf0, a44d3923-a713-49db-b328-82e4e4881f8a, d196b901-94db-4cb1-acf0-8ada94f43874, 21f2f6c3-02ba-4c10-ba04-2536d505a56d, d1ca4660-38ad-493f-850c-548ecb1e6da0, 0881d4c6-f349-47d4-b809-a5da4c93f57f, 3e688c23-72e2-4767-a744-4accb85e24b4, 665b6471-0d73-4611-9320-f5937aa41338, b0617eb0-b658-4635-bf03-e689d783a0d4, dc9a4a83-4072-4467-95e5-d53801aa54b2, 7eccfa65-c62f-41fc-af0d-e167f998a5f6, 8d8ce0b2-fc69-4c09-9377-ea26b0250f7e, 4487047a-46a9-454b-94a3-1bd6f4b660e9, 721b655d-b4fd-4b76-b965-57f7d418c61f, 78bfd719-e63c-4318-8194-680f495710d1, eb130534-577c-4e4c-a8fe-84b30d8c4ec4, 1cb8f811-8cc5-4933-af59-b1cef958a34a, ef0e1056-fcca-44e6-b028-f5cbdc62bdbc, 85b6ba37-11d3-4157-ab0f-7eeb9e115f70, d303158c-8b2c-45de-ad18-2fdf67d06397, 32ce1636-a06b-452c-a62e-fdaaac8d83a7, aa6796db-03a0-4a36-b41b-ee8a2fb3a861, f6b5d170-48b9-4f8e-88d4-c84b6668f3bd, a5cfe208-a4e4-40a3-98b5-cd8ddfea8485, 9152f555-bc19-45a1-92d7-21ee3270924f, a38bc885-4765-47e9-b477-e80665f101ae, 7c9b8846-a95c-40ff-b7e7-732169cc1f0d, 1b85693f-c889-482c-835b-7b7ab251b89f, ac0ffe2c-5277-48e3-b898-a26ec2f9b423, c335d0a5-9b4f-4a73-855b-e6b15b43e11d, e8996ce4-d34d-4b62-ba8a-f278839c316f, 47c96d56-f853-49e8-b688-8707a3d17aff, 1c0e5e89-9735-4adc-a17e-6c847008092a, 5ef371d2-457b-4154-a55e-0e1d617d6528, 8518c2bf-f455-4fb9-8035-791f53bede85, be59f773-9abb-482b-97b7-f1d33032689f, 422fc633-637e-4113-9154-34053a3ed4eb, 7497e692-54d6-4e69-b303-4623bbf3b22f, 19a89df1-0446-45dd-a153-1be414143a4b, 10bd7d7d-a153-477d-974b-f76587d73749, 34bc09a6-905a-48d5-ba73-2e3f513edeb4, 25c8c258-a6ea-4bb6-9c41-05fe913faeeb, d96627ec-1de2-45f9-b521-5ed03807491e, 42e8eef7-2b64-43f4-b75b-8145e2581746, 23fa6ea6-e3cd-43d4-8e71-ec4e7e0ec34d, 632366a9-bffa-41e2-896d-00214906d7ee, e0397456-4bca-4f78-b6b5-3fe952dead00, ad2e03f6-711c-4395-b889-4d1aba88150e, 3a26aa69-0c8f-4ec3-b977-c4f47adeb354, 05606e8a-4053-4683-ab95-3903bb2d4efd, e03ff0eb-fad9-40e2-a02e-c4279fead1fe, a42b477e-4650-413c-83e0-d68b3a1a9a13, b2543715-4744-4983-991b-7692e2062de1, 5c17a914-4a8a-4a7f-b432-707efafc880b, dad1322a-af3f-449a-9b78-aacb5dcd611f, 8a09ec43-b128-482d-91ea-55e65d7bf8b7, 91b236f1-b3be-400b-8b16-c067b59e0182, 533b3efd-b7d4-418e-92a9-0a1d88440963, 68edb0e0-d8c3-4b18-8e76-ee6f1d68f88e, f281d39d-1bc3-4799-83eb-852f7345a569, c687f6ab-c4dc-436f-97b9-7bb9de625b70, a04afc43-1db4-4b77-9e29-72bbd3665523, aa37412e-7409-4627-8b4e-56f10c3e1fbf, e25fd6a5-76f8-4835-ab9b-c0359df1cc7d, 2fa7e3ac-c0bd-4865-a52c-4a66a6f65887, 2bcc8bcd-f608-4731-a94b-82bafa9af535, c3c29d12-b886-4084-bf34-58ed2ce4e1ed, bbdc4612-588e-4b22-ad2a-67211bc20a7f, cdcc5266-d485-4262-acfa-f69a9737892b, 7bc86df5-018f-4e72-9a7f-f1fc28bf9fa5, c2db13c5-e7b8-4264-9eac-99e79fa2a592, 788b88f5-d957-4152-8a8e-4c8656405b24, 53c53a46-d230-4bb5-a9da-5a42b935dfaa, 4a0288de-604b-48e6-8011-8cd0418b4616, b6730e84-fd8c-4718-82a6-6921d7213598, faf61ec9-8063-425d-995c-5b38995c32fd, 64a8e412-8f90-4e24-ada2-bac289c0ad27, 724d951b-25f1-45b5-b47b-e7737a257ea7, 465a2a0b-83f2-4cf0-bd9f-d469184a0093, c19e7c52-78de-4f41-88fe-dd8363f78c92, 215ea561-52de-41b8-a63c-37a99f42507b, 3b4fee18-204d-47f7-b860-bfc03f165e81, a904a872-49b7-401a-8f6e-8ce0549aa3fd, 2467968e-cd44-45ee-b546-9ab5998d9f4c, 53cb5cb4-d33b-4cf0-8b3b-9f6dda0ae3b4, e4868445-834a-40b9-a2e2-97b367e58cb0, a5ec071c-8ba4-444b-9d88-6978317744d9, c301f635-9989-4ca7-97a5-d2ec1d20ebdc, b57a5cbe-1a6a-4beb-9356-a57ee4bc6819, 76a5b58a-0f20-41f9-b4ce-9127f21c5dc3, 4467797a-262c-425a-829d-1ffb416e2b6e, eb562c2b-2953-45b7-a5e1-3aec13176c3b, 20298fd9-f94e-4607-a640-5b2c94197aa7, 8be03387-6c44-43cc-93ad-65824af9c22a, b506a89e-b492-43cd-b344-84875a797cc9, 890d07b3-46a1-4fa2-9ebc-80e3d6346834, 562e0e86-2168-460e-a335-bc1f83935f7e, 5f95c608-3c8a-4b41-83e7-bee96d07ccec, b229b5dc-11b9-4409-b570-8ddc6a86c470, 6ec8d56e-73af-44ac-a6e2-001bf6fc4a81, 59eaa5a7-165e-4260-b19e-5e52288f5e77, 824a74b7-0b6a-491c-ba71-e513f20c7eed, 9c989bd5-2987-451b-a4af-1143e774f2a0, eccc18ac-1a80-4bf3-a980-e4998ac9724b, 46f0bfd3-4626-415b-85ef-17c60cd9ecb2, 5f2f1833-d203-486a-ac56-665fc3767018, 55d287d4-a007-4c95-91ce-34a5d732d1f6, ed32aada-eead-4dec-8826-b7655707feda, 3ad0cd0b-f880-4e85-adb9-68541589c167, 81f611b9-a2c4-4611-8d99-ee73603a0f5e, 177ccb28-24e5-4013-83dc-79a143069d50, d56b5f58-905a-423b-bef5-3b95c9f0ef5e, 9fd77bb8-0856-4644-891d-2c19cf9fc0fb, 370cecfb-9e3c-436d-8bb0-704e2b152172, 7a6c3ef2-42a4-424a-acb0-fe1ab1b8541e, 4fac2b8a-e54b-4f35-a940-379d9179c882, a4f7cf4c-6cd2-425d-b283-ec8404668e82, e384ec29-136e-4241-9321-49b367b8cbd5, 34c9da29-421f-4983-bd32-19a7daaace13, 2b02dd1f-8c2a-47ea-b963-c0db5aeb4c1f, e8c2b07d-525d-4d3d-a166-25f81ee0bc18, 4bdb0cbf-9b64-47b4-8100-cacffe741814, 19446b17-33cc-4df2-aaf0-f59205e188ea, b47a152b-82c1-4a60-83e5-530c5de7d799, af9a0f34-6c0b-4cac-ad58-e4641bd2c797, 9af0a03c-b9d4-4c01-929f-9a01c8781d92, 906d29ec-4ee5-4402-9486-00187b64ac23, 6e9b9827-838e-44a5-8d81-b380f3f9abdb, 43c2509e-ce9f-4617-bf1d-359210535175, 0fdd3845-ec0a-4211-a267-664cfa672a35, bf6a29a8-a527-4bf3-b082-5e79baaf6bc8, 9fc931b9-57a7-4dfc-81f8-d7dbd261e006, cfe2c2af-30d1-492e-aeea-9c8de7b7eb47, b70372e0-c834-4eff-a643-059c68acc037, 329433af-381d-42c4-b737-a2442ba44207, 40023249-3958-4f6b-ab9b-618137dff9b2, 2201fe35-11b4-4923-b802-faa98087e238, 13981676-4740-4f72-98a5-8c1dd059cb63, 72ba5a49-5c07-4feb-917a-3df0942ce73f, 100e34b9-6831-457c-8b42-024f08153fe8, bd6d6aa5-d83a-4770-aca5-68b3ead5b8eb, 51bd0903-a5fe-42ac-a9f5-0e61e03cafd5, 54e05dc6-974f-4ccf-a88c-b34327a84104, 02461678-4c3a-4a50-a455-e4b56d39d4b7, bade7578-12ac-4604-8ac2-1cb36c96b72a, ad95d810-4a31-46d4-8999-a114f8926170, c2f59c9a-a6f0-45cd-9eb9-5d6d490d0241, 850bcfc9-5fd7-42f2-a328-b1c12b990bd7, 6b140b6b-e5f3-40a9-925a-d75ef447e174, bf14a7ef-ad2d-46b7-bf98-e5199f24ba53, d870ff46-5e65-498f-b3ff-ea526a81fa45, 0e3b3e18-75e4-4836-8027-df2d077c170c, c239ba5d-9fc2-426d-b90d-6ad82db14f14, 1c70a003-137b-4143-9259-18a389fcad95, 8eb3124a-3d00-4658-91e6-3cc90d2dd838, a4affd5e-29b1-47a0-95de-b07c2b57fe9b, c8076546-9d0c-4e15-9143-47bba45b22e9, 1a451ace-0403-41ab-9057-40bed9aacc69, f07efbc3-d8ec-4787-a864-6c245bae58a3, df29b835-b2ad-4a83-8ac2-65f8bdca70b0, 9a8fa9b5-4a4d-4558-ad5b-ee59a1603a72, 5c37a504-0ed8-49c1-a6a9-d237d90664e3, 77cd2774-4b79-443c-a5cb-1f205ccc5aa3, 8db04492-54ff-4cde-b002-f41c8ba53768, 52f1e9d9-9d83-4566-b4df-f224ff11d1e1, 774f903a-d9e3-4b50-9fe4-f8f244722986, ddde55da-305a-4790-ac49-56b538855488, b97e934a-cda6-4317-9b9a-aabf7f7ffc8d, bd4e7054-4043-4acf-9a49-7d883152189d, 6e15781f-5952-4931-930d-108366033ab1, f7b2a3bd-e9ed-48c9-a513-997af1eabc44, d2223070-61a6-43ba-a41e-e54521fece4a, cacdf2ca-33df-4992-b593-486c17e487c7, 845ec6ef-8481-4ae3-962f-e98cf040df60, a4bb0cd3-b125-4b2a-94dd-1267755fa8e5, 25252b0f-9b1a-4d11-b74f-d51f5261be1c, d5d9f9ce-b78d-4366-a049-0e8ca7da9461, 7456c88d-6473-46ed-83a6-dfc406994162, f2b9c151-f12d-4b35-ac3f-40e1da06075a, 3f325fbc-7391-4b33-8f3d-87ccbe98a5d5, bce68fca-fe4c-47b2-b7e8-b4a09e381959, 6c617d83-1fd2-422c-9fac-94be9f3ae453, 0e7d06be-39c0-4e49-b5e5-1efb7ba5bb51, 815a3da7-54a4-43e8-aec4-33db65416704, ad2c3b7e-8b9f-4636-beab-a3e31d878844, 7e78170e-7fe6-4d8c-9482-55781e0a3cdd, bd02229a-c123-4e55-9623-9094f04101c5, 7a00b557-a5cd-4ffd-8ea6-874b176c0450, 3affab97-744b-4b62-9cbc-8d38a20ba11c, 1349cb7d-a7d6-47de-b24e-444122361912, 2b30f65d-f1f6-4e09-9c34-5e7dfe7cf9f4, eaa03047-1465-4019-86c1-0e9f3907ac8d, 1a9e44ac-b87f-4ed3-89ee-1298472afbb4, 319a948d-17fd-4d1e-bce2-46edfc59b358, 9359650b-c2b0-44c5-a015-8ec7eff32364, 4941e747-acdc-4e51-aa8b-ba3f3ff00f70, 5af99ef3-adff-464d-9976-5c5d6391b014, 3b42f1ec-f42b-4c93-aef1-d76040b1816d, 7a60e488-4793-4765-ad1e-46d927055397, 3746b23d-1508-4aee-8a72-6022ece8ba21, 39ce8496-d917-4d1a-8e25-e36079c957bc, c1f54e06-8007-4e41-9018-355a34147138, dec897ab-ba10-4083-903d-de674ea6cfbe, e27d180b-e977-46d5-9ba2-751250708721, b4d4484d-ed70-4785-a3d1-69ca4328d54d, 399c1321-5d2b-494e-9025-2ba2b8b56117, ffaf12b6-29ed-4d59-9292-03f619cbffe8, 6f62fd98-3932-44e1-8348-028c09853fbd, e397fbc9-4424-4406-b179-065b1a730814, bc0fcf5f-59dc-42ef-827c-1b38a64548a5, d14483e8-35e5-45a4-839c-91e883a0f288, c9e3190e-c63f-46e9-b5d6-13e8e9d5fff7, a5ee586c-de0c-4684-beac-f9caa24466ff, 005063cf-ad1c-4a4d-bc96-fb6b4298ec3e, 02953bf6-d721-47d9-a2de-f01114449756, fe6e85a7-2b14-4b17-a40f-4d2878304ff8, 38d13f6a-2511-4a37-b113-1466951f420d, 6599040d-ef4d-4a3c-ab31-bf4e39f9b62f, 86b95755-fb25-4901-a426-206391c9b549, 9345d219-412d-46d0-bf9c-6d178b7750ed, ac18643d-457d-45cd-ab76-f9f1ac0c5110, a754c8a4-43aa-4ba4-a9a1-5f60fc61720e, bc0180dd-9355-4a0d-923f-59d175aee1d7, 41e4cc9d-7a07-495c-b7ab-ea6b691ffd59, 288162f5-6e16-4f13-a971-2bc963ffaa9c, c2ae69a6-07a4-42e0-9c00-e642cb97b2ff, 3db974c0-2ae0-41c5-9c12-59c0938d08fc, b79a9385-ab79-4949-a953-2320bfb28bc0, 4cc755cb-960f-4bab-bc78-6ef3972c1ec8, edef47a9-e0db-426c-ac6c-62167a6321dd, a3361408-a006-466f-9656-2e60e4e06b84, fef3e640-6ec8-4cb8-a41b-ed3d7e358a7b, 61e07f64-cddf-46f2-b50c-ea0a39c22050, c6eb24a7-f881-4c33-bd70-2ecb49cee579, 986b13a5-d400-49c4-9912-ff6e1b167fb1, c48c4f8d-b3c7-4d3f-82c4-84091bd4e401, 89dd61be-7e0d-4e38-9a85-a727ac62671e, 4d72a65a-3474-467e-9d5b-7dfa7c3306f6, 1a9f566a-6873-43a1-98a1-491929f15ad6, c8395c37-c5d0-4e6b-8aa4-00d2ca099e46, c734aa8a-ec1b-4cc9-a3fb-ee223805767d, 3e2013df-65ec-4e07-afcc-33c9d9877f90, 5acaac71-a0c9-4d6f-897d-308409a37f01, 5f7e6499-8fd4-4d6d-85e2-3bcc9cb4c3a2, 8d5893e5-a8f4-4616-9bed-7fab92bf4504, 580b0af7-d9eb-498c-9d26-cd57802c670c, e3e15d46-32df-45fc-985a-a81f18f49058, 44c1c60f-ae33-4350-a362-21fa3b26fb2c, 42a4e279-29aa-42f6-9309-82f1184c745e, 0e979d8e-9f26-4c4c-91af-d1fd136f42a6, 8668a87e-6ec5-4069-8649-a08824bb3e14, c83114c6-e42a-42b2-a73b-a14045b553a5, 8bb76533-c245-4577-84a3-135d6975ee08, 59d16bef-2faa-4b71-b0e8-033f3f6f8625, 35fd529a-de00-4809-a752-4894ee7ba4b6, f88860fd-8943-46a0-890b-5d21ae241c38, d90d7932-86d6-47b8-a791-a436e2368ec6, 09566800-3dec-4c6c-9a31-967d6df6cba2, 6ff1d301-c3cb-44fa-baa2-a445b5395c74, 0dcf151b-7529-4fc9-a543-9a9fdd6a4138, 38eff817-a233-4541-b656-072f49d0e6c1, f5a88aaf-b1b0-424b-ad8e-6616d5910ebf, 924803d2-eeaf-45ba-b79a-fc95de4489c3, 6760953a-6c40-461c-87ef-45639ea4909a, ca55e810-b3b7-4ed2-9d89-c4bafa01c7b5, c43874aa-d971-496c-8b40-fb8912b76772, 0ec4b288-27c5-4dad-96c7-02e7a600e256, a3bff5f4-b811-4593-8e23-dd1133ede519, 96798969-115f-403f-857f-08470b049a5a, 1098d9f0-cf82-4e9a-87cc-64a241821d00, ac8e3ae3-6021-4cc3-a8ad-8974838e836d, 81b3018c-37ff-4046-b6c3-e309054270fa, b05be96f-d680-4f0d-b5b9-35b7dbb18501, 1ff888dd-56a9-49d6-8397-183fe9f48a52, 9f5b2341-2a52-49cc-8fd3-c20bc63082f4, 674758fa-34a7-42b2-97a9-c642a0adb274, e0f3d541-6098-4e89-a948-efe461be919d, cf9ea711-c4f2-422c-b7fe-b3b2414efd61, e7da0998-a182-4b63-a464-dbed18eaf2ce, f5a95f1e-f02f-40e9-901f-8104e3201ddc, 9a4ab11d-7c6e-4cb7-9bf2-23a589001416, 02292f46-cfb7-45b1-b355-0a65ea388ee2, 3648e9cc-1d73-4ca2-b416-9c2852eb386a, 9cca3d9e-9db7-4804-bd36-37d73c6d428e, 5ef8124d-495e-4de3-af19-48c14b92dbd4, d77c6a3d-2055-4d43-93a7-7d60fd8dd046, b96bc464-f7e4-499d-80aa-1b190d5be523, 3ed0f0e3-b99d-4e21-a3cb-28fafd8a3b49, 2aca7a7b-fd6b-4ab7-956c-85e5400d044f, 5f008125-79e6-4cc1-8f5a-818f3a979d15, 7722f42a-4147-4dc4-90e6-58ffbcc74b42, 0c253a11-0b29-4a1f-909b-7aa52d8d4803, 107aa6b9-7daa-42da-ba87-924960136dcd, 443ca594-c6f6-4f20-ba38-57a608ef5173, bd51678d-352b-4d17-91c3-3c96b4e29f3e, bae1dc90-8f57-4a22-a5e9-153dd6753d25, f53bef52-9747-48f0-a5df-044da6db72ac, ff51fb03-344b-415f-b79d-f22d91637b45, 16b01d4e-abc9-4ab8-8e5b-93d2678457a3, bd8afed4-972f-4ce4-b554-85e43b5ad2fc, faec3cec-b28c-49ab-ba5e-dc202dca9af4, 77cfb0ba-b13c-4dca-b5a7-17ddb2382d28, 497b4b40-3451-408e-8695-3045730f58d9, 6a8d04c1-0913-4ce8-982e-8c1a441a0c6b, dcd79fa7-bc90-4df0-b8f8-5cd22df3ca07, 215bb7a9-8777-4327-89ee-005464d731ee, 8a4258de-7cf7-4973-9bbd-b20cecfa481a, 73a7935c-98fd-439a-ac9d-30ae06e1c0a7, d8fa06af-ea93-47bc-b754-5c4314fbf888, ab3b4f81-46cc-446e-a10a-2f234d5937ca, a5b72d2c-dcba-4784-83c5-b37d001ab375, 240d3a80-2c1d-4741-8f21-1471ff593092, fade3fca-a743-496c-8841-e0d98e8675df, 6c554c97-9262-4f96-8e24-2fceee5ae12d, 9c0e8c6d-43ae-477d-bf0a-552035b14dd7, 3a5dd91a-a42b-4cfd-b29f-16da2c52e230, ca6faf33-aec3-4ae4-b60f-fd4088bf8dd7, 305a35f5-ecba-4b76-abfa-4249864ec43b, 0c12fe3e-13b8-4dab-909c-6e18f4cac707, 54699ce6-8b13-4b4a-a579-2701c0fa583a, 6388ce0b-5e75-4a9e-86ad-efb85668fd95, f203f833-8dcf-4a05-9f0f-4b58eb440bbe, 202785d3-2a24-434e-b434-d92762d65ea4, a18391fd-7d12-41d4-bf2d-2eeed1f48c00, df65dfef-200c-44bb-b691-9b08c6aed9ca, 8d3cc521-c599-4344-9d4d-1ead3810e08a, ac176a25-aac8-4897-aec4-d7f9334000bd, e5e3a277-17aa-460f-a6de-5627bf1ce3e6, 4899337d-3f6b-4565-a45f-efb4ba473b80, 833f04b9-22b9-4497-9150-d9a67174fe22, 7c382a00-cc44-4131-a3fd-958058f8c107, 1eb9b8a5-7ddc-450f-8858-b50ba5b91a5a, 996a666a-943b-4683-ac3c-de0c75cfaf9d, ffc68ca1-6d6b-4dc5-b7f4-5cb446d4c4b0, e261d51b-52d4-4d1b-a3a1-256c847f2afb, 8c4839cd-3f83-4e0c-b61d-d2a904831e58, 5ae221b5-eeca-434a-95f8-8c2705cf69bb, d60a1d42-9547-48bf-9f2a-dcc44cf71ad4, 53f03962-0b54-4d44-be90-eaf296c8f75b, 0dd0fcca-4c13-4eab-bacf-a1c984b2d514, 2e4b4ee3-0a3d-4842-b4e5-3a62cbcc1191, fb428b8c-cf7d-46ea-8b98-2c1835917bf3, 954e7245-80ce-49a4-999e-ec41a5717e9d, 3e1f2a60-de2e-4d2a-9cc2-cc95f845cec6, 4d7b4125-57fd-4ee1-98d1-69f8f4dbef99","1656668473765, 1656668537911, 1656668556296, 1656668623128, 1656668675256, 1656668736629, 1656668781177, 1656668842345, 1656669101022, 1656669223638, 1656669288023, 1656672597714, 1656672687245, 1656675839345, 1656677806749, 1656678029468, 1656678082285, 1656754960411, 1656755107922, 1656755166915, 1656755306663, 1656760178348, 1656760438991, 1656761187208, 1656761247675, 1656762485586, 1656762871615, 1656928070576, 1656928099421, 1656928150773, 1656928196782, 1656928275443, 1656928352818, 1656928398144, 1656928486287, 1656928568888, 1656930990202, 1656931108710, 1656932499021, 1656932700743, 1656932918151, 1656936373056, 1656936423114, 1656938017661, 1657014809078, 1657014866465, 1657014906576, 1657014963813, 1657015037271, 1657015204983, 1657017179303, 1657019203752, 1657019257866, 1657019343518, 1657019465444, 1657020892000, 1657021619428, 1657022713356, 1657023185281, 1657023933926, 1657100755321, 1657100812579, 1657100885834, 1657100928609, 1657101043872, 1657101119377, 1657101190623, 1657101255895, 1657101312069, 1657101440260, 1657102955749, 1657103476328, 1657105018564, 1657105097663, 1657105537449, 1657105591430, 1657105910544, 1657105981593, 1657108041289, 1657110780859, 1657112552630, 1657112890190, 1657186976313, 1657187028822, 1657187179685, 1657187270567, 1657187316940, 1657187382878, 1657187695922, 1657187740954, 1657187856474, 1657187900557, 1657189513846, 1657189538264, 1657191799284, 1657192029194, 1657192188408, 1657192266572, 1657192358833, 1657192701450, 1657192754274, 1657193411741, 1657194081280, 1657194219114, 1657194337385, 1657273826952, 1657273925009, 1657273978149, 1657274015453, 1657274174249, 1657275671314, 1657275871841, 1657276108506, 1657276227432, 1657276332738, 1657278094733, 1657278903744, 1657281238274, 1657282337013, 1657282435749, 1657359550104, 1657359595004, 1657359693788, 1657359770148, 1657359828803, 1657359881528, 1657359921669, 1657359963292, 1657360064603, 1657362658906, 1657362710153, 1657363726015, 1657363754616, 1657364783966, 1657366432305, 1657532871337, 1657533003611, 1657533043818, 1657533124832, 1657533284105, 1657535632672, 1657536380988, 1657536490048, 1657537464610, 1657537514419, 1657537642745, 1657537721977, 1657537803056, 1657539336993, 1657540174781, 1657542090163, 1657542694995, 1657616909678, 1657617020011, 1657617077079, 1657617114890, 1657617261365, 1657617874859, 1657618006925, 1657619508220, 1657619578754, 1657621204187, 1657623001568, 1657623068733, 1657624761804, 1657626169901, 1657626822512, 1657627777189, 1657627877449, 1657628725912, 1657704043256, 1657704129133, 1657704189755, 1657704270148, 1657704344947, 1657704401129, 1657704917575, 1657705000705, 1657705358071, 1657705451914, 1657707212521, 1657707996500, 1657708497934, 1657710595963, 1657710765623, 1657710847385, 1657710918243, 1657711047910, 1657711506762, 1657711828789, 1657711948190, 1657714420254, 1657790290636, 1657790330563, 1657790366453, 1657790436070, 1657790499600, 1657790725904, 1657790771855, 1657790820693, 1657790969417, 1657791353127, 1657791398520, 1657791459053, 1657791504335, 1657793329304, 1657793667726, 1657795018525, 1657799426429, 1657799498697, 1657811077513, 1657812094292, 1657812213534, 1657813116391, 1657876955868, 1657877040884, 1657877110330, 1657877187782, 1657877262341, 1657877303803, 1657877358702, 1657877471855, 1657877587663, 1657877648879, 1657877699045, 1657877754651, 1657877815150, 1657877962114, 1657883450700, 1657888300520, 1657964551472, 1657964599637, 1657964682668, 1657964718759, 1657964779485, 1657964856261, 1657964910042, 1657965025832, 1657965253147, 1657965446856, 1657968810188, 1657968968099, 1657969001782, 1657969075247, 1657969501254, 1657969586389, 1657969626463, 1657969997786, 1657970267211, 1657970381950, 1657972819851, 1658137002369, 1658137084285, 1658137136122, 1658137184428, 1658137262538, 1658137333006, 1658137377950, 1658137436203, 1658137483815, 1658137643354, 1658137779629, 1658139577476, 1658139769260, 1658140018622, 1658140174664, 1658140803954, 1658141155766, 1658141627857, 1658141692684, 1658142233374, 1658142456497, 1658143179967, 1658143504167, 1658143543331, 1658144995138, 1658146474732, 1658223172229, 1658223259244, 1658223304188, 1658223352451, 1658223366153, 1658223402406, 1658223489463, 1658223683596, 1658223747388, 1658223811654, 1658223938239, 1658223998079, 1658224052157, 1658224182992, 1658224223217, 1658226644582, 1658226771131, 1658226835802, 1658227063429, 1658227174666, 1658227909619, 1658228490481, 1658228528766, 1658229162104, 1658231824325, 1658309340212, 1658309433254, 1658309523425, 1658309741820, 1658309804364, 1658309909257, 1658309964482, 1658310005780, 1658310051537, 1658310139618, 1658310219514, 1658310320198, 1658310501790, 1658310617518, 1658312690885, 1658312854002, 1658313814835, 1658315248166, 1658315373803, 1658315731361, 1658316261532, 1658317777137, 1658318909325, 1658319815936, 1658320403917, 1658395966304, 1658396079208, 1658396157713, 1658396218398, 1658396270152, 1658396350065, 1658396448184, 1658396511163, 1658396588469, 1658396641430, 1658400145575, 1658401630203, 1658401791212, 1658406290519, 1658481853403, 1658481911061, 1658481984091, 1658482098231, 1658482153106, 1658482214173, 1658482335188, 1658482426018, 1658482539742, 1658482608663, 1658482764411, 1658482875682, 1658482949304, 1658483110579, 1658486571050, 1658486724639, 1658487177320, 1658487962684, 1658488031700, 1658489228988, 1658490617851, 1658490672165, 1658490864629, 1658491761649, 1658491867966, 1658491998095, 1658492623041, 1658569537387, 1658569590053, 1658569656793, 1658569706969, 1658569809470, 1658569864535, 1658570108146, 1658572806044, 1658572877131, 1658572959781, 1658573098072, 1658573410815, 1658574346446, 1658575464726, 1658577485882, 1658742454249, 1658742513375, 1658742564095, 1658742618294, 1658742666898, 1658742718654, 1658742769068, 1658742803039, 1658742863440, 1658743299333, 1658743392418, 1658744890362, 1658745100316, 1658745404696, 1658747025294, 1658748141521, 1658749649792, 1658749827701, 1658750102320, 1658829104675, 1658829154617, 1658829192495, 1658829236001, 1658829316145, 1658829346394, 1658829424314, 1658829560173, 1658830856574, 1658830902265, 1658831299833, 1658831520827, 1658831615248, 1658832047411, 1658833687607, 1658834048017, 1658834238932, 1658834374152, 1658835312866, 1658835891153, 1658836451750, 1658837279873, 1658837672953, 1658837735632, 1658838058657, 1658915421638, 1658915471502, 1658915526083, 1658915553148, 1658915611220, 1658915641411, 1658915685938, 1658915758647, 1658915800457, 1658915850012, 1658915964825, 1658917408218, 1658917918179, 1658918267922, 1658918361437, 1658919092963, 1658919949549, 1658920027344, 1658920430758, 1658922061371, 1658922278540, 1658922348825, 1658923627922, 1658924426127, 1658924915958, 1659001634978, 1659001701506, 1659001764628, 1659001886179, 1659001946310, 1659002080716, 1659002132224, 1659002318341, 1659002343394, 1659002378949, 1659004012546, 1659004120462, 1659004170548, 1659004237785, 1659004966986, 1659006949832, 1659007084935, 1659007151625, 1659008176500, 1659009191403, 1659088215869, 1659088304635, 1659088393288, 1659088450511, 1659088643702, 1659088731960, 1659089704504, 1659090377948, 1659090420770, 1659090715648, 1659090893179, 1659091289108, 1659092899560, 1659093138530, 1659093189110, 1659094140020, 1659097136728, 1659174623071, 1659174659421, 1659174725815, 1659174804020, 1659174912116, 1659175031458, 1659175049976, 1659177179273, 1659178113181, 1659178189078, 1659180294291, 1659180434841, 1659180626204, 1659181521793, 1659181917426, 1659182147088, 1659347113671, 1659347136364, 1659347190342, 1659347265878, 1659347306176, 1659347363161, 1659347379335, 1659347436425, 1659347485270, 1659347565337, 1659347761036, 1659350916111, 1659350988258, 1659353063479, 1659354877408, 1659357319661, 1659430775384, 1659431496920, 1659431723352, 1659433121806, 1659433178760, 1659433286642, 1659433336944, 1659433377805, 1659433743144, 1659433786513, 1659433857607, 1659433917091, 1659434003944, 1659434091697, 1659435209704, 1659436846328, 1659438617608, 1659441273405, 1659520165649, 1659520247018, 1659520349131, 1659520390902, 1659520405697, 1659520455353, 1659520538897, 1659520593062, 1659520707435, 1659520764741, 1659523480314, 1659523585185, 1659523660517, 1659525882085, 1659525926877, 1659526228105, 1659529154047, 1659606407350, 1659606520888, 1659606607191, 1659606634493, 1659606670935, 1659606746217, 1659606815593, 1659606838669, 1659606858860, 1659608666395, 1659609107413, 1659611002225, 1659611126144, 1659611226354, 1659611302681, 1659614362523, 1659693088014, 1659693151846, 1659693213285, 1659693278010, 1659693329475, 1659693402301, 1659693498190, 1659693534443, 1659693575826, 1659696484633, 1659698380196, 1659779238931, 1659779287199, 1659779329791, 1659779447829, 1659779495204, 1659779692493, 1659779755514, 1659781979864, 1659782089043, 1659782559769, 1659784575252, 1659786112093, 1659787718293, 1659788693937, 1659952187568, 1659952324055, 1659952370548, 1659952430391, 1659952485088, 1659952528999, 1659952610407, 1659952650967, 1659952689999, 1659952739005, 1659952773421, 1659952949350, 1659955371659, 1659957288843, 1659957454130, 1659957562560, 1659958810605, 1659961566693, 1660038484939, 1660038537698, 1660038613127, 1660038709832, 1660038775695, 1660038837711, 1660038950775, 1660039302536, 1660041465800, 1660041999099, 1660042312147, 1660045048909, 1660045087078, 1660046790957, 1660047135209, 1660047406453, 1660048181751, 1660048339900, 1660124712639, 1660124816165, 1660124897780, 1660124963840, 1660125166186, 1660125275091, 1660125336993, 1660125451045, 1660127161728, 1660127201382, 1660127299710, 1660127524052, 1660127639050, 1660128026256, 1660128148290, 1660129071186, 1660131044915, 1660132506208, 1660133812879, 1660134454004, 1660211310622, 1660211411538, 1660211505576, 1660211622145, 1660211675886, 1660211698068, 1660214015068, 1660214059969, 1660214139821, 1660214329833, 1660214484277, 1660215179525, 1660215202624, 1660217347365, 1660297911841, 1660297954339, 1660298012617, 1660298052825, 1660298098218, 1660298156892, 1660298219057, 1660298252981, 1660298359982, 1660299140856, 1660299224609, 1660300285677, 1660302567046, 1660302625540, 1660302690499, 1660303342632, 1660306281055, 1660306693966, 1660307150828, 1660383846904, 1660383877169, 1660383931125, 1660384007819, 1660384291682, 1660384348119, 1660386606574, 1660386678723, 1660386744192, 1660388624485, 1660388747761, 1660390846993","1, 0, 1, 1, 1, 2, 1, 0, 0, 1, 1, 1, 1, 0, 0, 3, 1, 0, 1, 2, 1, 2, 1, 1, 2, 1, 4, 0, 1, 1, 2, 1, 1, 1, 1, 2, 1, 1, 1, 1, 1, 1, 0, 1, 1, 13, 1, 1, 1, 0, 1, 1, 1, 1, 2, 1, 2, 3, 0, 1, 0, 1, 3, 1, 1, 1, 1, 1, 0, 1, 0, 0, 1, 1, 0, 1, 1, 1, 1, 1, 1, 0, 1, 4, 1, 2, 1, 1, 1, 1, 1, 2, 0, 1, 1, 1, 1, 1, 1, 0, 1, 1, 2, 1, 1, 1, 1, 1, 1, 1, 1, 1, 0, 1, 1, 1, 1, 1, 1, 2, 0, 1, 1, 0, 1, 1, 1, 2, 1, 1, 1, 1, 1, 1, 1, 1, 1, 1, 2, 1, 0, 1, 1, 1, 1, 1, 2, 1, 1, 1, 1, 1, 1, 1, 1, 1, 1, 1, 1, 1, 1, 0, 1, 1, 1, 1, 1, 1, 1, 0, 1, 1, 1, 1, 0, 1, 1, 1, 1, 0, 1, 1, 1, 1, 1, 1, 1, 1, 1, 1, 1, 0, 0, 1, 1, 2, 1, 1, 1, 1, 1, 1, 1, 2, 0, 0, 1, 1, 1, 1, 0, 1, 4, 0, 2, 1, 1, 1, 1, 1, 1, 1, 1, 1, 1, 1, 1, 1, 2, 1, 0, 1, 1, 1, 1, 1, 1, 1, 1, 1, 1, 1, 1, 1, 1, 1, 0, 1, 1, 1, 2, 1, 1, 1, 1, 0, 1, 1, 1, 0, 1, 2, 1, 1, 1, 1, 0, 4, 1, 1, 0, 0, 1, 1, 1, 1, 2, 2, 1, 1, 0, 1, 1, 1, 1, 1, 1, 1, 3, 1, 1, 2, 1, 1, 1, 1, 1, 1, 0, 7, 0, 1, 1, 1, 1, 1, 1, 1, 1, 1, 2, 1, 0, 1, 1, 2, 1, 1, 0, 1, 1, 1, 1, 1, 1, 2, 1, 0, 1, 1, 1, 1, 0, 1, 1, 1, 2, 1, 1, 1, 1, 1, 1, 1, 1, 1, 1, 0, 1, 1, 1, 2, 1, 1, 1, 1, 1, 0, 1, 0, 1, 1, 1, 0, 1, 1, 1, 2, 0, 1, 1, 1, 0, 1, 1, 1, 1, 1, 1, 1, 2, 1, 1, 1, 1, 1, 1, 1, 1, 1, 1, 1, 0, 1, 2, 1, 2, 0, 1, 0, 1, 1, 0, 1, 1, 1, 1, 2, 0, 0, 1, 1, 1, 1, 1, 1, 0, 1, 2, 2, 0, 0, 1, 1, 1, 1, 1, 1, 3, 1, 1, 1, 1, 1, 1, 0, 1, 2, 1, 0, 1, 1, 1, 1, 1, 1, 2, 2, 1, 1, 0, 2, 1, 1, 1, 1, 3, 1, 1, 1, 0, 0, 1, 1, 1, 1, 1, 1, 1, 2, 1, 1, 1, 1, 1, 1, 1, 3, 1, 1, 3, 1, 1, 1, 2, 1, 1, 1, 1, 0, 1, 2, 1, 0, 0, 2, 1, 2, 1, 1, 1, 1, 1, 1, 1, 0, 2, 1, 1, 1, 0, 1, 1, 1, 1, 1, 1, 1, 1, 3, 2, 2, 11, 0, 1, 1, 1, 1, 1, 1, 1, 1, 1, 1, 2, 1, 2, 1, 0, 1, 1, 1, 0, 1, 1, 1, 2, 1, 1, 1, 1, 1, 1, 1, 1, 0, 1, 1, 0, 1, 1, 1, 1, 1, 2, 1, 1, 1, 1, 1, 1, 1, 1, 1, 1, 1, 1, 1, 2, 1, 1, 1, 0, 0, 1, 1, 1, 1, 1, 3, 1, 1, 1, 2, 1, 1, 1, 1, 1, 1, 4, 1, 1, 1, 1, 0, 1, 1, 0, 2, 1, 1, 2, 1, 1, 0, 1, 1, 1, 1, 1, 2, 1, 1, 1, 1, 1, 0, 1, 1, 1, 0, 0, 0, 1, 1, 2, 1, 1, 1, 0, 1, 1, 2, 1, 1, 1, 1, 1, 0, 1, 0, 1, 2, 1, 2, 2, 1, 1, 1, 1, 1, 1, 1, 0, 1, 1, 1, 1, 1, 1, 1, 0, 1, 1, 0, 1, 1, 1, 1, 1, 1, 2, 2, 2, 1, 2, 1, 1, 1, 1, 2, 1, 1, 1, 1, 1, 1","9503, 10000, 10000, 16874, 26299, 10000, 10000, 30000, 10000, 10000, 30000, 15869, 12522, 10542, 10000, 33682, 20000, 10000, 23011, 10000, 28650, 19864, 10000, 10000, 70000, 19256, 35134, 10000, 22383, 23048, 40913, 11806, 5676, 20826, 13652, 30000, 24131, 22821, 20000, 20000, 26833, 27107, 20000, 10000, 12672, 100000, 27843, 23325, 26754, 10000, 10000, 14376, 18879, 35927, 13108, 27323, 24736, 20633, 10000, 34571, 10000, 27884, 27233, 14945, 10000, 21730, 20000, 18756, 48375, 10000, 10000, 10000, 13139, 20000, 10000, 21069, 10000, 20000, 26499, 10000, 84927, 34612, 14198, 63128, 20000, 21543, 25126, 14250, 22323, 10000, 10000, 40000, 10000, 10000, 15982, 21646, 14610, 30000, 10000, 10000, 8419, 10000, 40000, 23742, 28218, 12577, 22735, 10000, 27468, 9882, 34214, 20000, 20000, 36706, 10000, 22477, 25609, 10000, 16364, 23410, 10000, 17284, 10000, 10000, 10000, 10000, 20360, 30763, 14619, 10606, 26941, 7932, 10000, 20000, 10000, 10000, 10000, 27293, 43245, 14405, 10000, 19733, 16592, 24722, 10000, 19283, 35192, 22161, 10000, 20000, 40000, 10000, 33080, 13514, 10000, 26743, 16958, 19249, 21260, 38683, 40450, 14170, 15274, 28587, 37703, 15848, 10000, 6683, 10000, 14564, 32938, 32538, 37970, 38359, 7936, 30000, 32776, 23584, 20713, 45029, 58520, 21549, 13191, 14465, 13675, 23339, 20000, 20000, 21807, 28426, 19957, 11046, 5407, 8347, 14807, 113988, 20000, 10000, 10988, 35854, 30000, 11194, 26790, 10000, 37864, 20000, 33274, 10000, 27169, 27741, 180000, 15958, 20000, 35148, 66487, 12956, 20903, 10000, 14262, 13852, 14045, 16392, 22558, 10000, 27380, 15829, 20487, 29515, 20000, 20000, 6925, 28081, 14734, 14243, 29610, 10000, 18945, 18703, 27587, 24782, 24809, 10000, 15564, 10000, 20000, 6739, 20000, 10000, 23275, 17083, 55726, 10000, 10000, 10000, 10000, 5275, 10000, 10000, 13175, 98182, 14268, 60000, 40236, 12723, 48980, 20279, 74592, 40000, 21498, 24844, 17609, 10000, 10000, 6175, 10000, 10000, 35580, 32197, 16769, 12737, 10000, 21920, 10000, 29787, 17386, 13418, 21885, 25549, 19344, 31931, 14016, 63247, 23073, 22036, 10000, 26525, 40000, 20000, 9305, 114131, 10332, 19541, 22771, 22820, 21633, 14157, 29887, 9946, 14044, 10000, 20000, 10000, 36524, 22453, 28147, 13602, 15394, 12614, 7683, 27898, 22406, 21944, 20000, 10000, 29129, 48530, 40958, 20000, 25788, 10000, 15768, 19647, 5490, 10000, 20630, 9096, 50000, 18663, 12574, 21815, 10000, 23323, 28527, 23681, 10000, 28083, 16677, 10000, 10000, 25804, 23421, 52346, 20000, 32067, 10000, 20000, 20000, 30000, 10000, 10000, 14440, 13566, 13331, 13058, 10000, 15215, 22247, 69254, 10000, 11444, 21034, 28485, 10000, 19765, 36459, 13780, 25360, 10000, 10000, 14059, 20000, 24764, 20000, 10000, 22374, 31311, 10000, 19318, 14092, 10000, 10000, 23403, 10000, 34992, 20000, 25440, 23347, 6304, 21728, 18934, 11208, 26938, 7530, 5357, 10000, 22689, 5985, 29501, 9657, 10000, 15032, 16737, 13219, 20000, 12552, 23032, 5361, 25598, 44149, 20000, 5327, 37628, 10000, 21966, 22981, 10000, 31561, 13703, 96770, 14996, 21688, 11301, 10000, 10000, 14341, 6944, 7230, 18798, 30000, 10000, 19326, 14697, 9700, 10000, 13744, 14801, 50000, 56994, 14906, 19642, 90323, 20000, 10000, 22439, 50000, 29244, 49355, 12429, 38201, 10000, 10000, 30000, 21069, 10000, 10000, 19268, 20000, 12736, 17560, 10000, 20000, 14240, 10000, 30000, 31187, 14991, 22205, 33193, 24589, 10000, 97905, 21637, 31365, 29455, 20000, 18705, 10000, 10777, 20000, 6095, 20000, 29031, 14603, 10000, 10000, 20000, 8234, 50000, 10000, 19296, 29697, 23110, 10000, 10487, 40000, 10000, 44938, 20000, 10393, 29602, 5078, 10000, 10000, 10000, 10000, 20000, 10000, 10000, 10000, 35520, 42002, 70000, 120000, 46610, 20000, 30000, 21588, 13420, 30000, 22099, 10000, 21115, 21511, 24688, 19613, 22282, 29463, 24782, 70935, 6548, 30000, 10000, 10000, 10000, 27220, 10000, 18465, 30000, 7104, 10000, 18183, 20000, 17350, 10000, 10000, 9693, 31025, 20000, 10000, 21755, 20000, 35007, 10000, 10300, 100000, 20000, 18917, 10000, 10000, 13150, 16246, 11040, 23285, 23087, 25526, 15876, 10000, 20000, 21248, 20000, 40000, 30000, 11075, 10000, 10000, 31787, 10000, 19285, 6338, 50000, 13576, 17718, 15640, 17656, 30000, 20000, 10000, 10000, 10000, 29499, 58962, 20000, 22581, 12842, 5814, 5107, 9336, 13915, 80000, 32792, 27054, 20000, 30481, 23599, 27449, 5461, 15358, 20841, 29208, 13574, 20245, 25975, 13136, 29110, 30036, 10000, 11963, 5004, 14657, 20856, 30000, 7046, 40752, 9783, 33772, 10499, 31956, 30000, 10000, 41990, 10000, 9598, 13293, 52668, 16252, 20000, 59354, 29628, 40000, 5101, 30000, 10000, 20000, 10000, 21382, 40000, 10000, 12563, 10000, 10000, 10000, 48174, 33457, 20000, 10000, 20521, 10000, 7126, 28151, 10000, 15968, 25464, 10000, 13572, 12027, 10000, 20000, 25244, 36713, 13605, 14430, 28334, 20000, 17630, 20000, 10000, 18428, 5921, 22455, 11968, 23794, 30000, 10000, 10000, 26597, 10000, 14720, 27973","55.55, 7.09, 38.08, 57.89, 32.22, 28.77, 48.4, 33.64, 59.54, 35.79, 62.07, 59.12, 47.54, 34.57, 27.1, 45.42, 54.44, 23.74, 25.07, 28.28, 51.03, 31.21, 23.9, 34.37, 24.94, 43.28, 59.91, 11.65, 41.31, 28.06, 41.33, 19.85, 25.34, 44.14, 43.28, 55.53, 55.98, 12.15, 54.74, 33.45, 56.47, 53.75, 32.56, 16.81, 21.51, 53.61, 49.14, 56.63, 56.13, 55.26, 43.26, 29.06, 50.02, 36.12, 35.56, 58.44, 14.02, 35.21, 15.24, 62.41, 55.33, 43.68, 28.59, 41.05, 52.57, 44.11, 35.73, 67.55, 41.61, 57.89, 11.17, 36.52, 67.56, 42.03, 10.8, 72.04, 20.53, 7.59, 53.74, 48.3, 42.73, 39.67, 51.63, 53.03, 9.63, 19.05, 54.18, 24.86, 56.87, 69.08, 35.6, 18.18, 16.92, 46.77, 38.34, 53.72, 42.07, 65.18, 50.06, 20.45, 22.3, 47.51, 50.7, 46.45, 51.69, 47.6, 28.23, 14.8, 20.93, 52.07, 56.3, 25.21, 79.28, 42.72, 28.37, 47.15, 61.15, 25.1, 59.36, 50.1, 52.5, 47.78, 9.61, 65.52, 35.02, 38.83, 29.6, 48.88, 63.61, 13.33, 50.97, 40.57, 24.8, 36.55, 21.63, 38.02, 41.05, 60.2, 35.16, 56.15, 32.97, 18.73, 44.6, 50.15, 31.84, 58.6, 45.96, 21.98, 51.66, 46.49, 76.42, 24.85, 51.71, 34.51, 20.34, 60.54, 56.71, 64.75, 18.69, 61.79, 74.11, 29.57, 48.11, 45.82, 72.82, 47.61, 31.96, 26.35, 26.06, 27.87, 61.65, 40.14, 57.72, 40.58, 49.91, 32.55, 70.86, 56.45, 68.88, 64.18, 82.91, 45.7, 53.35, 25.03, 19.18, 31.02, 43.73, 31.17, 44.0, 66.45, 42.74, 10.3, 20.47, 36.0, 28.31, 39.98, 48.25, 36.91, 45.93, 59.71, 59.76, 21.35, 42.22, 23.11, 56.34, 31.9, 77.74, 28.08, 62.77, 64.77, 56.18, 11.74, 44.26, 48.52, 29.36, 47.94, 49.05, 24.09, 37.86, 49.44, 34.9, 50.1, 57.91, 30.51, 72.04, 71.02, 54.29, 17.94, 29.52, 40.24, 43.55, 58.56, 11.11, 33.51, 26.16, 73.64, 44.67, 71.19, 72.4, 81.2, 53.08, 10.18, 57.42, 30.39, 65.05, 38.62, 7.49, 46.05, 23.36, 52.13, 54.69, 55.2, 15.59, 13.21, 28.42, 36.62, 42.83, 23.64, 44.66, 57.83, 60.18, 70.19, 51.35, 15.09, 59.05, 43.76, 60.93, 12.26, 25.95, 75.77, 22.67, 20.58, 45.07, 32.56, 23.18, 22.89, 42.17, 54.75, 35.35, 37.83, 15.3, 35.96, 13.45, 62.79, 69.84, 19.22, 49.69, 65.13, 46.93, 59.23, 51.35, 63.27, 40.09, 34.47, 23.88, 54.21, 29.3, 41.24, 20.47, 50.13, 36.64, 13.68, 69.87, 68.32, 55.48, 29.58, 69.59, 47.3, 32.33, 51.37, 37.3, 44.72, 30.63, 53.59, 63.51, 54.52, 50.82, 22.26, 50.58, 57.86, 52.19, 39.72, 26.25, 37.69, 46.44, 46.25, 61.42, 17.01, 62.37, 30.53, 57.89, 44.7, 38.02, 42.23, 36.09, 34.88, 32.47, 58.3, 48.79, 57.58, 48.42, 38.86, 47.4, 37.46, 19.71, 46.14, 57.87, 39.8, 72.12, 36.07, 51.21, 65.29, 45.79, 52.14, 36.13, 47.87, 66.71, 30.48, 52.75, 30.82, 14.39, 63.98, 59.5, 22.83, 38.4, 28.64, 39.18, 57.72, 48.3, 46.25, 49.88, 32.28, 28.71, 22.7, 48.77, 53.19, 56.89, 56.76, 22.52, 52.33, 52.08, 60.45, 56.2, 33.5, 38.02, 48.3, 32.7, 61.39, 29.51, 11.47, 48.35, 78.09, 38.23, 69.66, 43.61, 43.6, 64.81, 29.26, 37.5, 46.36, 28.95, 39.25, 19.76, 45.48, 40.85, 52.51, 26.44, 50.5, 62.16, 65.84, 46.42, 16.7, 42.29, 20.62, 13.62, 66.85, 42.31, 46.52, 56.51, 60.95, 27.11, 47.66, 38.59, 62.06, 52.32, 44.1, 35.29, 45.41, 54.24, 27.97, 52.72, 37.22, 31.96, 34.53, 52.35, 28.36, 10.15, 29.0, 67.51, 48.08, 53.84, 46.84, 40.37, 25.79, 54.72, 50.3, 51.09, 53.7, 18.74, 59.55, 51.28, 35.03, 12.46, 56.16, 51.86, 40.54, 57.72, 39.15, 59.59, 13.24, 8.23, 15.27, 45.21, 25.62, 18.81, 50.8, 69.99, 40.63, 53.11, 29.36, 57.0, 53.97, 33.83, 56.5, 58.82, 45.2, 58.21, 34.03, 65.17, 54.02, 50.68, 58.07, 62.94, 50.35, 20.76, 40.99, 21.92, 54.63, 27.32, 32.9, 54.29, 33.01, 44.6, 67.0, 8.79, 41.93, 42.11, 61.81, 33.76, 57.43, 60.75, 59.8, 13.79, 48.11, 50.74, 26.82, 51.13, 49.58, 47.52, 30.25, 12.69, 45.05, 45.51, 30.39, 64.94, 37.54, 22.51, 38.68, 39.93, 24.07, 60.56, 53.9, 65.0, 19.96, 33.37, 63.09, 46.7, 31.14, 66.76, 50.22, 30.71, 63.04, 41.32, 59.61, 26.3, 60.44, 60.02, 67.81, 53.68, 51.4, 59.6, 39.61, 6.15, 44.8, 58.24, 40.49, 47.28, 31.89, 14.47, 54.99, 61.21, 26.78, 56.5, 46.94, 46.12, 19.37, 71.15, 31.59, 28.14, 33.53, 33.45, 44.05, 15.69, 7.66, 41.58, 42.61, 49.44, 35.25, 32.31, 28.7, 40.51, 35.23, 28.11, 46.2, 50.42, 58.84, 49.27, 69.51, 16.51, 18.68, 11.84, 46.54, 21.62, 42.81, 49.57, 27.45, 49.59, 39.21, 5.88, 18.8, 53.63, 30.91, 23.06, 33.26, 30.73, 64.46, 47.57, 34.87, 46.77, 45.21, 40.44, 46.2, 40.22, 28.81, 25.36, 18.32, 10.36, 33.64, 9.8, 53.11, 52.54, 56.17, 15.37, 56.36, 29.57, 13.23, 38.86, 64.88, 59.98, 43.47, 56.35, 70.92, 10.26, 72.02, 48.98, 42.72, 18.94, 34.29, 37.06, 60.56, 56.7, 15.29, 49.8, 51.99, 57.98, 32.49, 36.65, 43.98, 39.24, 50.56, 14.21, 50.34, 32.34, 33.18, 64.32, 77.85, 33.0, 41.69, 58.27, 64.53, 37.2, 35.27, 66.11, 51.44, 59.19, 38.39, 44.66, 37.27, 57.54, 10.72, 36.1, 71.55, 61.55, 21.57, 28.32, 37.47, 24.22, 11.67, 36.14, 12.77, 49.08, 23.68, 42.94, 7.5, 13.15, 9.75, 61.99, 35.67, 39.53, 58.3, 27.97, 61.26, 77.18, 11.05, 44.27, 37.35, 19.68, 32.99, 33.35, 9.91, 53.35, 47.5, 14.23, 27.02, 33.05, 37.38, 64.65, 57.57","1, 1, 1, 1, 1, 1, 1, 1, 1, 1, 1, 1, 1, 1, 1, 1, 1, 1, 1, 1, 1, 2, 1, 1, 1, 1, 2, 1, 1, 1, 1, 1, 1, 1, 1, 1, 1, 1, 1, 1, 1, 1, 1, 1, 1, 3, 1, 1, 1, 1, 1, 2, 1, 1, 1, 1, 1, 1, 1, 1, 1, 1, 1, 1, 1, 1, 1, 1, 1, 1, 1, 1, 1, 1, 1, 1, 1, 1, 1, 1, 3, 1, 1, 1, 1, 2, 1, 1, 1, 1, 1, 1, 1, 1, 1, 1, 1, 1, 1, 1, 1, 1, 2, 1, 1, 1, 1, 1, 1, 1, 2, 1, 1, 1, 1, 1, 1, 1, 1, 1, 1, 1, 1, 1, 1, 1, 1, 2, 1, 1, 1, 1, 1, 1, 1, 1, 1, 1, 2, 1, 1, 1, 1, 1, 1, 1, 1, 1, 1, 1, 1, 1, 1, 1, 1, 1, 1, 1, 1, 1, 1, 1, 1, 1, 1, 1, 1, 1, 1, 1, 1, 1, 1, 1, 1, 2, 1, 1, 1, 1, 1, 1, 1, 1, 1, 1, 1, 1, 1, 1, 1, 1, 1, 1, 1, 2, 1, 1, 1, 1, 1, 1, 1, 1, 1, 2, 1, 1, 1, 1, 1, 1, 1, 1, 2, 1, 1, 1, 1, 1, 1, 1, 1, 1, 1, 1, 1, 2, 1, 1, 1, 1, 1, 1, 1, 1, 1, 1, 1, 1, 1, 1, 1, 1, 1, 1, 1, 1, 1, 1, 2, 1, 1, 1, 1, 1, 1, 1, 1, 2, 1, 1, 1, 1, 1, 1, 1, 1, 1, 1, 1, 1, 1, 1, 1, 1, 2, 2, 1, 1, 1, 1, 1, 1, 1, 1, 1, 1, 1, 1, 1, 1, 2, 1, 1, 1, 1, 1, 1, 1, 1, 1, 1, 1, 1, 1, 1, 1, 1, 1, 1, 1, 1, 1, 1, 1, 1, 1, 1, 1, 1, 1, 1, 1, 1, 2, 1, 1, 1, 1, 1, 1, 1, 1, 1, 1, 1, 1, 1, 1, 1, 1, 1, 1, 1, 1, 1, 1, 1, 1, 1, 1, 1, 1, 1, 1, 1, 1, 1, 1, 1, 1, 1, 1, 1, 1, 2, 1, 1, 1, 1, 1, 1, 1, 1, 1, 1, 1, 1, 1, 1, 1, 1, 1, 1, 1, 1, 1, 1, 1, 1, 1, 1, 1, 2, 1, 1, 1, 1, 1, 1, 1, 1, 1, 1, 1, 1, 1, 1, 1, 1, 1, 1, 1, 1, 1, 1, 1, 2, 1, 1, 1, 1, 1, 1, 1, 1, 1, 2, 1, 1, 1, 1, 1, 1, 1, 1, 1, 1, 1, 1, 1, 1, 1, 1, 1, 1, 1, 1, 1, 1, 1, 1, 1, 1, 1, 1, 1, 1, 1, 1, 1, 1, 1, 1, 1, 1, 1, 1, 1, 1, 1, 1, 1, 1, 1, 1, 2, 1, 1, 1, 1, 1, 1, 2, 1, 1, 1, 1, 1, 1, 1, 1, 1, 1, 1, 1, 2, 1, 1, 1, 1, 1, 1, 1, 1, 2, 1, 1, 1, 1, 1, 1, 1, 1, 1, 1, 1, 1, 1, 2, 1, 1, 2, 1, 1, 1, 1, 1, 1, 1, 1, 1, 1, 2, 1, 2, 1, 1, 1, 1, 1, 1, 1, 1, 1, 1, 2, 1, 1, 1, 1, 1, 1, 1, 1, 1, 1, 1, 1, 1, 2, 1, 1, 1, 1, 1, 1, 1, 1, 1, 1, 1, 1, 1, 1, 1, 1, 2, 2, 1, 1, 1, 1, 1, 1, 1, 1, 1, 2, 1, 1, 1, 2, 1, 1, 1, 1, 1, 1, 3, 1, 1, 1, 1, 1, 1, 1, 1, 2, 1, 1, 2, 1, 1, 1, 1, 1, 1, 1, 1, 2, 1, 1, 1, 1, 1, 1, 1, 1, 1, 1, 1, 1, 1, 1, 2, 1, 1, 1, 1, 1, 1, 2, 1, 1, 1, 1, 1, 1, 1, 1, 1, 1, 1, 1, 1, 1, 1, 1, 1, 1, 1, 1, 1, 1, 1, 1, 1, 1, 1, 1, 1, 1, 1, 1, 1, 1, 1, 1, 1, 1, 1, 1, 1, 1, 2, 1, 1, 1, 1, 1, 1, 1, 1, 1, 1, 1","1656668473765, 1656668537911, 1656668556296, 1656668623128, 1656668675256, 1656668736629, 1656668781177, 1656668842345, 1656669101022, 1656669223638, 1656669288023, 1656672597714, 1656672687245, 1656675839345, 1656677806749, 1656678029468, 1656678082285, 1656754960411, 1656755107922, 1656755166915, 1656755306663, 1656760178348, 1656760438991, 1656761187208, 1656761247675, 1656762485586, 1656762871615, 1656928070576, 1656928099421, 1656928150773, 1656928196782, 1656928275443, 1656928352818, 1656928398144, 1656928486287, 1656928568888, 1656930990202, 1656931108710, 1656932499021, 1656932700743, 1656932918151, 1656936373056, 1656936423114, 1656938017661, 1657014809078, 1657014866465, 1657014906576, 1657014963813, 1657015037271, 1657015204983, 1657017179303, 1657019203752, 1657019257866, 1657019343518, 1657019465444, 1657020892000, 1657021619428, 1657022713356, 1657023185281, 1657023933926, 1657100755321, 1657100812579, 1657100885834, 1657100928609, 1657101043872, 1657101119377, 1657101190623, 1657101255895, 1657101312069, 1657101440260, 1657102955749, 1657103476328, 1657105018564, 1657105097663, 1657105537449, 1657105591430, 1657105910544, 1657105981593, 1657108041289, 1657110780859, 1657112552630, 1657112890190, 1657186976313, 1657187028822, 1657187179685, 1657187270567, 1657187316940, 1657187382878, 1657187695922, 1657187740954, 1657187856474, 1657187900557, 1657189513846, 1657189538264, 1657191799284, 1657192029194, 1657192188408, 1657192266572, 1657192358833, 1657192701450, 1657192754274, 1657193411741, 1657194081280, 1657194219114, 1657194337385, 1657273826952, 1657273925009, 1657273978149, 1657274015453, 1657274174249, 1657275671314, 1657275871841, 1657276108506, 1657276227432, 1657276332738, 1657278094733, 1657278903744, 1657281238274, 1657282337013, 1657282435749, 1657359550104, 1657359595004, 1657359693788, 1657359770148, 1657359828803, 1657359881528, 1657359921669, 1657359963292, 1657360064603, 1657362658906, 1657362710153, 1657363726015, 1657363754616, 1657364783966, 1657366432305, 1657532871337, 1657533003611, 1657533043818, 1657533124832, 1657533284105, 1657535632672, 1657536380988, 1657536490048, 1657537464610, 1657537514419, 1657537642745, 1657537721977, 1657537803056, 1657539336993, 1657540174781, 1657542090163, 1657542694995, 1657616909678, 1657617020011, 1657617077079, 1657617114890, 1657617261365, 1657617874859, 1657618006925, 1657619508220, 1657619578754, 1657621204187, 1657623001568, 1657623068733, 1657624761804, 1657626169901, 1657626822512, 1657627777189, 1657627877449, 1657628725912, 1657704043256, 1657704129133, 1657704189755, 1657704270148, 1657704344947, 1657704401129, 1657704917575, 1657705000705, 1657705358071, 1657705451914, 1657707212521, 1657707996500, 1657708497934, 1657710595963, 1657710765623, 1657710847385, 1657710918243, 1657711047910, 1657711506762, 1657711828789, 1657711948190, 1657714420254, 1657790290636, 1657790330563, 1657790366453, 1657790436070, 1657790499600, 1657790725904, 1657790771855, 1657790820693, 1657790969417, 1657791353127, 1657791398520, 1657791459053, 1657791504335, 1657793329304, 1657793667726, 1657795018525, 1657799426429, 1657799498697, 1657811077513, 1657812094292, 1657812213534, 1657813116391, 1657876955868, 1657877040884, 1657877110330, 1657877187782, 1657877262341, 1657877303803, 1657877358702, 1657877471855, 1657877587663, 1657877648879, 1657877699045, 1657877754651, 1657877815150, 1657877962114, 1657883450700, 1657888300520, 1657964551472, 1657964599637, 1657964682668, 1657964718759, 1657964779485, 1657964856261, 1657964910042, 1657965025832, 1657965253147, 1657965446856, 1657968810188, 1657968968099, 1657969001782, 1657969075247, 1657969501254, 1657969586389, 1657969626463, 1657969997786, 1657970267211, 1657970381950, 1657972819851, 1658137002369, 1658137084285, 1658137136122, 1658137184428, 1658137262538, 1658137333006, 1658137377950, 1658137436203, 1658137483815, 1658137643354, 1658137779629, 1658139577476, 1658139769260, 1658140018622, 1658140174664, 1658140803954, 1658141155766, 1658141627857, 1658141692684, 1658142233374, 1658142456497, 1658143179967, 1658143504167, 1658143543331, 1658144995138, 1658146474732, 1658223172229, 1658223259244, 1658223304188, 1658223352451, 1658223366153, 1658223402406, 1658223489463, 1658223683596, 1658223747388, 1658223811654, 1658223938239, 1658223998079, 1658224052157, 1658224182992, 1658224223217, 1658226644582, 1658226771131, 1658226835802, 1658227063429, 1658227174666, 1658227909619, 1658228490481, 1658228528766, 1658229162104, 1658231824325, 1658309340212, 1658309433254, 1658309523425, 1658309741820, 1658309804364, 1658309909257, 1658309964482, 1658310005780, 1658310051537, 1658310139618, 1658310219514, 1658310320198, 1658310501790, 1658310617518, 1658312690885, 1658312854002, 1658313814835, 1658315248166, 1658315373803, 1658315731361, 1658316261532, 1658317777137, 1658318909325, 1658319815936, 1658320403917, 1658395966304, 1658396079208, 1658396157713, 1658396218398, 1658396270152, 1658396350065, 1658396448184, 1658396511163, 1658396588469, 1658396641430, 1658400145575, 1658401630203, 1658401791212, 1658406290519, 1658481853403, 1658481911061, 1658481984091, 1658482098231, 1658482153106, 1658482214173, 1658482335188, 1658482426018, 1658482539742, 1658482608663, 1658482764411, 1658482875682, 1658482949304, 1658483110579, 1658486571050, 1658486724639, 1658487177320, 1658487962684, 1658488031700, 1658489228988, 1658490617851, 1658490672165, 1658490864629, 1658491761649, 1658491867966, 1658491998095, 1658492623041, 1658569537387, 1658569590053, 1658569656793, 1658569706969, 1658569809470, 1658569864535, 1658570108146, 1658572806044, 1658572877131, 1658572959781, 1658573098072, 1658573410815, 1658574346446, 1658575464726, 1658577485882, 1658742454249, 1658742513375, 1658742564095, 1658742618294, 1658742666898, 1658742718654, 1658742769068, 1658742803039, 1658742863440, 1658743299333, 1658743392418, 1658744890362, 1658745100316, 1658745404696, 1658747025294, 1658748141521, 1658749649792, 1658749827701, 1658750102320, 1658829104675, 1658829154617, 1658829192495, 1658829236001, 1658829316145, 1658829346394, 1658829424314, 1658829560173, 1658830856574, 1658830902265, 1658831299833, 1658831520827, 1658831615248, 1658832047411, 1658833687607, 1658834048017, 1658834238932, 1658834374152, 1658835312866, 1658835891153, 1658836451750, 1658837279873, 1658837672953, 1658837735632, 1658838058657, 1658915421638, 1658915471502, 1658915526083, 1658915553148, 1658915611220, 1658915641411, 1658915685938, 1658915758647, 1658915800457, 1658915850012, 1658915964825, 1658917408218, 1658917918179, 1658918267922, 1658918361437, 1658919092963, 1658919949549, 1658920027344, 1658920430758, 1658922061371, 1658922278540, 1658922348825, 1658923627922, 1658924426127, 1658924915958, 1659001634978, 1659001701506, 1659001764628, 1659001886179, 1659001946310, 1659002080716, 1659002132224, 1659002318341, 1659002343394, 1659002378949, 1659004012546, 1659004120462, 1659004170548, 1659004237785, 1659004966986, 1659006949832, 1659007084935, 1659007151625, 1659008176500, 1659009191403, 1659088215869, 1659088304635, 1659088393288, 1659088450511, 1659088643702, 1659088731960, 1659089704504, 1659090377948, 1659090420770, 1659090715648, 1659090893179, 1659091289108, 1659092899560, 1659093138530, 1659093189110, 1659094140020, 1659097136728, 1659174623071, 1659174659421, 1659174725815, 1659174804020, 1659174912116, 1659175031458, 1659175049976, 1659177179273, 1659178113181, 1659178189078, 1659180294291, 1659180434841, 1659180626204, 1659181521793, 1659181917426, 1659182147088, 1659347113671, 1659347136364, 1659347190342, 1659347265878, 1659347306176, 1659347363161, 1659347379335, 1659347436425, 1659347485270, 1659347565337, 1659347761036, 1659350916111, 1659350988258, 1659353063479, 1659354877408, 1659357319661, 1659430775384, 1659431496920, 1659431723352, 1659433121806, 1659433178760, 1659433286642, 1659433336944, 1659433377805, 1659433743144, 1659433786513, 1659433857607, 1659433917091, 1659434003944, 1659434091697, 1659435209704, 1659436846328, 1659438617608, 1659441273405, 1659520165649, 1659520247018, 1659520349131, 1659520390902, 1659520405697, 1659520455353, 1659520538897, 1659520593062, 1659520707435, 1659520764741, 1659523480314, 1659523585185, 1659523660517, 1659525882085, 1659525926877, 1659526228105, 1659529154047, 1659606407350, 1659606520888, 1659606607191, 1659606634493, 1659606670935, 1659606746217, 1659606815593, 1659606838669, 1659606858860, 1659608666395, 1659609107413, 1659611002225, 1659611126144, 1659611226354, 1659611302681, 1659614362523, 1659693088014, 1659693151846, 1659693213285, 1659693278010, 1659693329475, 1659693402301, 1659693498190, 1659693534443, 1659693575826, 1659696484633, 1659698380196, 1659779238931, 1659779287199, 1659779329791, 1659779447829, 1659779495204, 1659779692493, 1659779755514, 1659781979864, 1659782089043, 1659782559769, 1659784575252, 1659786112093, 1659787718293, 1659788693937, 1659952187568, 1659952324055, 1659952370548, 1659952430391, 1659952485088, 1659952528999, 1659952610407, 1659952650967, 1659952689999, 1659952739005, 1659952773421, 1659952949350, 1659955371659, 1659957288843, 1659957454130, 1659957562560, 1659958810605, 1659961566693, 1660038484939, 1660038537698, 1660038613127, 1660038709832, 1660038775695, 1660038837711, 1660038950775, 1660039302536, 1660041465800, 1660041999099, 1660042312147, 1660045048909, 1660045087078, 1660046790957, 1660047135209, 1660047406453, 1660048181751, 1660048339900, 1660124712639, 1660124816165, 1660124897780, 1660124963840, 1660125166186, 1660125275091, 1660125336993, 1660125451045, 1660127161728, 1660127201382, 1660127299710, 1660127524052, 1660127639050, 1660128026256, 1660128148290, 1660129071186, 1660131044915, 1660132506208, 1660133812879, 1660134454004, 1660211310622, 1660211411538, 1660211505576, 1660211622145, 1660211675886, 1660211698068, 1660214015068, 1660214059969, 1660214139821, 1660214329833, 1660214484277, 1660215179525, 1660215202624, 1660217347365, 1660297911841, 1660297954339, 1660298012617, 1660298052825, 1660298098218, 1660298156892, 1660298219057, 1660298252981, 1660298359982, 1660299140856, 1660299224609, 1660300285677, 1660302567046, 1660302625540, 1660302690499, 1660303342632, 1660306281055, 1660306693966, 1660307150828, 1660383846904, 1660383877169, 1660383931125, 1660384007819, 1660384291682, 1660384348119, 1660386606574, 1660386678723, 1660386744192, 1660388624485, 1660388747761, 1660390846993"
18761f1e08ddcb7823206f4d6905343d21de8170837706616c9e6b46796f19b8,Non-Logged,12,"e69d567c-41c3-4076-846e-23324fe91104, f4ac3eb5-e145-4685-b9e9-b61f3551aa58, de436ecf-4097-4938-8d70-3a77025151e8, c370b626-8d8e-4c0e-9d06-0cf16473bd29, d1510261-9c65-4625-a73b-0f7c51fc7940, 1c27cf97-b20c-4e40-b1f1-288b721517b3, 37613ff0-fb5d-46f6-9c2c-ed822582710b, 16b5535e-e87f-4f29-a00e-fa55cc9b6340, 5c37a504-0ed8-49c1-a6a9-d237d90664e3, e67a8a04-2e7d-45a3-8374-73380b09a47b, d01c8c89-c8ae-4a3e-82c7-cd15f53a955c, 1e47afb4-a09f-4956-af36-095d3100bb66","1656759708244, 1656937671994, 1657679869429, 1657730595865, 1658149855079, 1658359979604, 1658769110085, 1658949707544, 1659496522275, 1659504892114, 1659716101597, 1660367305773","0, 4, 1, 0, 3, 1, 0, 1, 2, 0, 0, 0","55563, 50000, 55602, 74566, 10000, 34578, 53219, 10000, 138966, 10000, 70000, 43921","53.47, 33.86, 59.78, 65.01, 39.13, 41.03, 42.85, 14.69, 71.61, 9.53, 62.8, 56.94","1, 2, 1, 1, 1, 1, 1, 1, 1, 1, 2, 1","1656759708244, 1656937671994, 1657679869429, 1657730595865, 1658149855079, 1658359979604, 1658769110085, 1658949707544, 1659496522275, 1659504892114, 1659716101597, 1660367305773"
216b05b1f2110c1df2adedb333ad1a5385defe77450eaf13858d259d9304450a,Non-Logged,19,"ea90e894-b99d-4131-8f9a-5a9ef2f1d7c2, 793e9be9-06c7-4151-ad79-08eb58dc2491, c34bc409-bdbc-4d58-875c-16d9ab4cd209, 5728a8d1-005e-49fc-b627-d6244c0c9f28, b7f30490-0b67-4ccc-b032-1eeeb179b464, c4789e51-c882-44e9-b133-2d435af16d54, 89e2b7dd-3d86-4172-a31e-474a47228565, 2947a493-d7a4-442a-acc1-a59d2dab3863, 4b715f78-cfb2-4cef-bce4-7f50c8c9ecd4, 5dff8fb2-73e6-4c22-a34f-c367aa2677df, b2a21491-7576-4be0-a520-97ce9470efeb, be3675e3-407f-4425-ac08-5251fa9720a6, badda220-8a53-4dce-936c-1aabdddb271d, 1becaed3-fcbe-4bff-9077-5571c52a5fbb, 7bcce1b7-4b72-404b-bc0a-dbb60ce8d538, e22473a3-7a8a-46cb-8c86-1bda7a5c70de, 9e49825f-6567-4ede-90d5-46a1af9a127f, 36aa0386-fa5f-4a14-9e0c-507f43c51750, f5a967e2-d5b3-4fbf-bcc9-3b4207b786dc","1657166808373, 1657506768947, 1657747861744, 1657747994859, 1657748152073, 1657748188796, 1657748228801, 1659753503004, 1659753588401, 1659753757098, 1659753847762, 1659754043620, 1660097527654, 1660097626984, 1660098235695, 1660232106418, 1660232362498, 1660232467397, 1660232659095","8, 12, 11, 9, 3, 2, 5, 10, 29, 14, 5, 4, 13, 62, 9, 20, 15, 2, 7","20000, 56920, 127672, 60000, 30952, 10488, 54606, 74333, 159095, 80005, 31004, 21557, 87827, 270000, 71167, 80000, 83755, 10100, 43441","30.08, 54.0, 52.53, 52.74, 47.84, 22.89, 44.5, 53.87, 63.02, 49.32, 64.78, 29.86, 51.3, 73.27, 53.49, 55.77, 56.02, 37.53, 78.11","1, 1, 1, 1, 1, 1, 1, 1, 1, 1, 1, 1, 1, 1, 1, 1, 1, 1, 1","1657166808373, 1657506768947, 1657747861744, 1657747994859, 1657748152073, 1657748188796, 1657748228801, 1659753503004, 1659753588401, 1659753757098, 1659753847762, 1659754043620, 1660097527654, 1660097626984, 1660098235695, 1660232106418, 1660232362498, 1660232467397, 1660232659095"
0457f1f08de34b78dba9a06283d90ecd7e34700fed5200fae1a2b38f662c775f,Non-Logged,2,"52a10004-e926-4e03-840e-0484bdff78a4, 257906c6-6201-408c-9c95-d83ce5d0353e","1658346891558, 1658425495376","2, 20","37264, 159197","37.46, 54.74","1, 2","1658346891558, 1658425495376"
9697c40fd6fdbb425a02079a18333c2c22916cce88c46a1f5afad1c40006accc,Logged,50,"99f4a710-c0c3-463e-909f-2a1665c7f6c7, 41742d22-1763-4602-9298-4d87b1a39ea1, dda7ac72-2500-43de-b630-56c6e8e5a913, 6ec5702a-68b1-4095-9e52-c8d5c8c7eb67, 5f0ffb57-c88b-41bb-b427-ff9fe126dc7d, cb97062b-a3d9-4e1f-b60e-dec6c008aa76, e59e23ae-31e6-4eba-b85a-ce46918829b9, d0b15500-c57e-4c4b-bcdf-c8d643d883b6, 7737756d-9c31-4e57-8709-917ec7d60904, da06dc6b-5f61-45c7-af19-51f03b4abd92, 17d0a275-8223-472c-8c9c-cafdbd6b5739, 0906fe9c-99b4-4fbf-b879-47674953717b, 0981aa5a-7687-4aec-bcf7-6868ea563935, 5db25cd8-32e2-4502-9208-b62d0e13b015, 8f3d661a-9a9d-4080-baf0-422014067d7e, 2ca81d92-fa1e-42c5-9baf-de8b7c9b8e5c, 7b38299d-07c4-4b5b-af10-0023d65dbf5d, 3c121d67-13b7-444c-b2a4-f3ca494360db, f8145eec-1eef-4009-ad1c-2668157ae9a1, fa9fc50c-e42e-4cc7-a62f-43217df0f948, 7fd2462e-3370-45d5-a535-92ddb98f2825, c853689b-4f53-4632-967f-7dd2a7c35f11, e4dbb7c9-fd80-4da8-b4f4-6d144442a2af, 2463b085-fab1-4d06-b557-614e28ba71fc, 45220dd5-e0bd-4993-80a3-79f9eb29a10b, 41086d19-f1c3-4775-812e-8c0634aad590, ae0537ad-652d-4875-9ecd-05e14b919668, e8922989-311f-407b-954d-67767cd97d83, 4e2281de-bab1-4f06-b3e9-8263d0ab2b0b, 69907600-692e-476c-9798-af05a4c0a76a, c72509c4-8a2f-4dfd-b851-2e54a2d41af5, 4a983c7c-cd3d-4ef8-9584-eb83fd7fa90e, 43881011-2473-4d3c-a836-534dddc420da, 4e73dd4e-0e2b-4a11-8f5b-658619b08027, 7bcfce14-98e7-4144-8aad-6aea0f17b636, fc8f3fa3-c097-4a9a-9895-8ef9f3ab0cce, 919f29bf-d153-400c-a04a-4237f5adf116, 8db04492-54ff-4cde-b002-f41c8ba53768, ae6ab95e-0c43-4be4-8748-3eef5711fd10, 0819b74d-b28a-4702-90a2-9d205dd9fc5e, 7c076eda-5b41-4b0f-815f-0f6400148b0c, e5bcf07e-caf8-45c3-991f-9f1b0276410e, 29f38a91-5f3f-4cdb-bc7c-db95cfb52710, c21004f0-4d4b-4882-8718-e1d6d276b175, 3b0b8c9f-f110-4150-8dad-1010dd6d832b, a44e9fc2-e1be-4d68-b6bb-8f2910e4ec40, b6db84a9-a843-4ae3-b0b5-a22f6a45e6f2, 238aacef-b2a7-4717-9735-740eb85cb117, 1045a19a-a686-47b8-aa54-33c1063613d6, d1b41903-d049-40f5-898e-80c2e82638bb","1656973575897, 1657042613166, 1657062675880, 1657062940103, 1657136529055, 1657137051591, 1657152753522, 1657315832029, 1657386768342, 1657478291828, 1657640251789, 1657645010956, 1657672548763, 1657730708691, 1657761254375, 1657761662663, 1657809604657, 1658265294667, 1658592361909, 1658776753432, 1658777138644, 1658892589623, 1658933419286, 1659076164090, 1659356455810, 1659366513109, 1659381767827, 1659455846168, 1659503216827, 1659505863953, 1659542697627, 1659542765876, 1659556409546, 1659580001937, 1659580112611, 1659633129499, 1659718669144, 1659726937003, 1659805813411, 1659840525002, 1659898019642, 1659962207211, 1660002904100, 1660048714801, 1660181129134, 1660313425522, 1660363715075, 1660367912271, 1660413229624, 1660414064738","2, 11, 1, 0, 2, 0, 0, 0, 21, 18, 11, 0, 4, 0, 2, 0, 1, 2, 17, 5, 4, 0, 14, 12, 6, 1, 0, 4, 1, 4, 2, 0, 1, 1, 1, 7, 3, 41, 2, 1, 10, 40, 0, 0, 0, 1, 14, 12, 9, 8","10000, 10015, 25511, 20000, 79999, 50000, 56960, 14510, 127676, 80000, 303910, 134380, 25923, 14598, 150000, 114988, 81138, 87220, 117505, 32957, 39672, 62843, 57946, 61770, 22112, 5703, 7756, 130000, 10062, 37757, 66036, 10000, 80000, 70000, 13515, 30000, 23879, 170000, 30000, 71117, 68502, 174551, 8791, 25120, 70000, 27389, 90000, 100000, 54228, 50000","27.21, 42.74, 6.66, 6.97, 18.89, 7.85, 35.49, 26.27, 53.99, 45.78, 89.11, 51.82, 26.08, 17.34, 59.42, 36.74, 26.9, 66.65, 59.57, 37.44, 54.49, 43.52, 40.86, 48.76, 24.02, 5.49, 8.62, 45.45, 12.57, 28.12, 17.8, 6.84, 34.19, 27.97, 32.55, 33.12, 19.03, 56.88, 50.08, 38.94, 34.1, 38.08, 23.86, 36.64, 32.3, 32.02, 39.78, 27.1, 53.73, 30.21","1, 1, 1, 1, 1, 1, 1, 1, 2, 1, 1, 1, 1, 1, 1, 1, 1, 1, 1, 1, 2, 1, 1, 2, 1, 1, 1, 1, 1, 1, 1, 1, 1, 1, 1, 1, 1, 1, 2, 1, 1, 1, 1, 1, 1, 1, 1, 2, 1, 1","1656973575897, 1657042613166, 1657062675880, 1657062940103, 1657136529055, 1657137051591, 1657152753522, 1657315832029, 1657386768342, 1657478291828, 1657640251789, 1657645010956, 1657672548763, 1657730708691, 1657761254375, 1657761662663, 1657809604657, 1658265294667, 1658592361909, 1658776753432, 1658777138644, 1658892589623, 1658933419286, 1659076164090, 1659356455810, 1659366513109, 1659381767827, 1659455846168, 1659503216827, 1659505863953, 1659542697627, 1659542765876, 1659556409546, 1659580001937, 1659580112611, 1659633129499, 1659718669144, 1659726937003, 1659805813411, 1659840525002, 1659898019642, 1659962207211, 1660002904100, 1660048714801, 1660181129134, 1660313425522, 1660363715075, 1660367912271, 1660413229624, 1660414064738"
37107b37b36133f35ad775c7c932a5a374260bd153377059e9e9b26eb8cb8cbc,Logged,32,"1eb569a4-879f-466f-8c39-0b76bc6c3f21, a22fa1cd-f11e-426e-bd09-57781b82f6e7, 426e9777-7ad8-4b0f-98f4-48e8ee96ace5, 68bcd037-cf0e-4a5f-899b-79d97ce2827a, 9fedc28f-b68e-4bd7-b97e-778e1e8f6274, 57a0c7a5-6cf9-482c-b85c-dcd71092b15f, dbe09f7e-cd48-434b-b526-5c79628b64c3, f3bf3fb2-1dac-44ba-94d6-3e80926f462d, 145deafe-6e68-4f7f-b2ab-8c3e1fb94d7b, 50189458-c24e-44f3-a184-7deeeb453e68, bacab81b-4dd0-4047-8d51-a9cb03a8e18e, 0ab3092f-590b-4caa-a4ad-17bfeef0fd0d, 51b38ce7-11f0-4dc0-8e21-6522b0587ec7, 39959832-be7e-4420-94ab-9244f409bfe9, 4345cee8-4a46-46d6-90ca-fddd92c26a9d, d57f0e9a-445b-465d-b757-be4f32e75fb9, 0a449219-862a-4184-91c1-9af3bb6755c1, 06294fd4-5d1e-498f-9a46-b0631ebcb60e, 64dd5b2a-0963-401c-bf69-ade920ce7e28, 5bd87b4b-967a-4f44-8d7d-8dd415925c60, d2593c3d-2347-40d9-948c-b6065e8459a9, 0819b74d-b28a-4702-90a2-9d205dd9fc5e, 66d6c3ba-75b2-4728-a883-a24bfff04fc3, ff3e8c61-d72a-42bf-a84a-ecf5409468dd, 999f8b86-8f29-44b5-942a-79d1174efb6b, cac2333d-56cb-4d55-9a26-c3aec02f3130, 5acaac71-a0c9-4d6f-897d-308409a37f01, ede8f363-4c27-4f5e-a70e-33f8aa31d94b, a47114d6-cac9-45fa-a4b7-987383f4ec29, fa65c031-aa6b-4447-80d6-943d2138885b, c041f6d7-df78-40ee-8832-6772a0db14bb, 7bcfce14-98e7-4144-8aad-6aea0f17b636","1656696025172, 1656758578239, 1656805572671, 1656884576920, 1656928909806, 1657205654607, 1657220764561, 1657220902491, 1657390290154, 1657443526589, 1657622884182, 1657622916964, 1657879744073, 1658140670062, 1658242138886, 1658400724832, 1658402126293, 1658426370609, 1658943233905, 1659167395071, 1659177987148, 1659178316297, 1659477914812, 1659540561116, 1659540663848, 1659700172972, 1659777046778, 1660297148861, 1660330800943, 1660330856193, 1660331086314, 1660331108249","6, 18, 8, 22, 11, 29, 51, 25, 3, 9, 5, 47, 38, 26, 5, 75, 8, 17, 37, 0, 46, 21, 0, 35, 16, 25, 8, 4, 16, 30, 9, 14","26880, 70000, 20000, 50000, 50000, 80472, 101403, 40000, 10000, 16438, 40328, 130000, 93850, 70000, 10000, 128431, 25339, 50784, 90000, 10000, 90000, 59120, 33210, 79360, 56180, 43262, 20000, 22835, 37581, 107051, 18621, 40000","26.22, 15.69, 29.03, 32.5, 14.63, 48.73, 55.26, 47.01, 32.63, 35.69, 25.32, 49.5, 50.82, 15.4, 43.54, 62.55, 12.64, 36.78, 45.05, 9.45, 50.84, 39.13, 58.98, 41.35, 20.98, 56.09, 9.41, 14.99, 35.74, 64.54, 25.33, 39.25","1, 1, 1, 1, 1, 1, 1, 2, 1, 1, 2, 1, 1, 1, 1, 1, 3, 1, 1, 1, 1, 1, 1, 1, 2, 1, 2, 1, 1, 1, 1, 1","1656696025172, 1656758578239, 1656805572671, 1656884576920, 1656928909806, 1657205654607, 1657220764561, 1657220902491, 1657390290154, 1657443526589, 1657622884182, 1657622916964, 1657879744073, 1658140670062, 1658242138886, 1658400724832, 1658402126293, 1658426370609, 1658943233905, 1659167395071, 1659177987148, 1659178316297, 1659477914812, 1659540561116, 1659540663848, 1659700172972, 1659777046778, 1660297148861, 1660330800943, 1660330856193, 1660331086314, 1660331108249"
b609b94cd475f01d90ab2fa742b938d09d77fd4596cb97495095e33aaa12470b,Non-Logged,104,"858bed2e-dd77-40b7-bd28-d810c404ce78, bda0e581-7504-4b76-80a8-e51ff1cd4fb4, ca7ba013-321d-4836-90a5-d37e9bfbfd39, 6c4ca064-4c3b-4f3b-aaf3-68af9f320731, 8008d2f7-a6db-4b4d-9ad7-8f19ef2b2e7b, 0f2d1553-31db-466d-ae56-074c50130ea1, 27b3c8f9-0542-44a2-9b92-cdbb4c038d37, 88ba8e04-7254-4afc-bf89-51d0dd3c3d18, cf748268-21fc-4240-8602-38dd24cdcb4a, 2c58179a-44dc-4f34-976c-11911ecb60c3, 2614cd03-f79f-410b-ae95-3abaa091d402, 32c2ecdc-889e-42fe-a349-078dbee9b6f2, df58ee98-3592-4381-9b23-069d0a3c31e7, 0ec67289-7959-43e3-b0a3-344c98e502e4, 808ba5ec-be59-4119-b7b2-d6121c67a0e1, 1f6fd1ac-f2f3-49ca-ad85-2b43ce3d5e17, 8e277646-4efb-4959-8390-ab5e71e68cc5, e5601174-2e16-4633-980b-26e7765b41a9, f230771a-2aaa-4802-a828-d9d480caeb1d, 0a462a98-3f50-4b58-91ec-71f4f448bc99, f3ab8c40-59fe-46c4-b909-123bf7037047, e46b4be0-4ed7-41ba-bae3-68e8a10b0119, 59841d71-0906-47fa-8517-dae7ad2e7eda, 7c0dcf92-7596-4241-8a34-2c780d146e27, a495e862-1fd6-4c76-b98f-52d9db10e392, 75eed58e-9eb4-4e7b-8274-78bcfe204890, a44ef025-b7d3-4cdb-8a3c-bcee9178b9b6, 387a88f9-3746-4f2a-80bc-a4a22cd950fc, ceec35b1-c1b1-4d40-bdd1-0f906361f08b, b5f038eb-5c86-4286-aebe-e779020fe699, 82206221-05a0-4f89-aa10-e8c8dc0cc418, 939a4847-0392-4e27-97ce-fc9770789282, 1a190adf-76f9-420d-bb40-fde98db65f6a, 8cbe63aa-f352-4a12-b295-9fe67c747d01, ac66c5d5-c0e3-41e8-a2df-79ee55410da7, c370b626-8d8e-4c0e-9d06-0cf16473bd29, 08be5f71-6619-4e4c-9c48-f6070462c006, 79516348-e753-49b5-aec0-182582dc3b18, ec11df25-ebd7-4ea3-83f1-532983f3de85, aebf5214-92a2-454f-8145-a20d166485c5, 65ab20e0-83c0-4c3e-bcc9-6ad8c3249476, c72509c4-8a2f-4dfd-b851-2e54a2d41af5, 57615619-0c1d-41fb-8640-ccec5b3add58, 5c210759-cc27-4bf3-9bee-3d8abc85a2c1, b91e36ec-5270-4266-a3d8-441dc4641b70, ea1fb0dc-a3b6-48b9-b80b-cce4370575f1, a8c1aa19-5cd2-4ae8-a0a7-8ae37c2b9a09, bcb983fc-fedb-4903-b5d8-8dc0189a5cd8, d2785963-16a6-4fe8-920f-61b605dc8b04, 047cf8f8-9ced-49ad-b159-4879ae1573c9, acb62213-5ad4-4504-90ea-018d33c0b33e, ff269dab-38f4-490f-a442-d71f388bbe68, 6dc69f65-2906-4ff5-bbfa-6d3f16196fa1, 0ff5d701-c733-4e53-856f-330835c1b2ab, 9a559ed4-ca4a-4686-b2a7-42b2191b15f1, 66f92d3f-4d33-409a-b6a9-c8b2745a38a7, 59d0ab83-ae0d-4a9f-aa26-029c4345e280, dad1322a-af3f-449a-9b78-aacb5dcd611f, 5e4ddc70-ff89-446b-85fe-0c1fcf34ff4e, 376007cb-0376-4692-b1e6-cab8de77c9f3, bae1dc90-8f57-4a22-a5e9-153dd6753d25, 7c2c0c12-6dee-4f32-ac9b-15bc975ebbbc, 941917cb-8d23-4709-b896-b9d568e3ea50, bbff1c13-263c-49a0-b71d-13a6645b6208, 05f7d4cb-a1b3-49cb-b3fb-548cbc6a15b0, 2a97976f-47a7-4ed9-9838-bb2d356d1f31, dd01c7c1-27c8-422d-bbe8-759c8c9888d7, a5ec071c-8ba4-444b-9d88-6978317744d9, 4afc6ebf-d724-4721-bf24-0d75c6763885, 7bc86df5-018f-4e72-9a7f-f1fc28bf9fa5, 095486b3-0a5a-462a-b58a-6106e3e74485, 5a78b58e-b77c-406b-acc8-ee2b62d43216, 745d024d-a47e-425f-bbc0-4d694af952d9, 3f325fbc-7391-4b33-8f3d-87ccbe98a5d5, c2ffe3c2-9e3d-4875-a278-a8e3c8854bbf, 0e9d8d25-8b98-4514-a7e7-1022b21b682f, d650ba09-232a-41f8-bec8-3ad7c7be2542, 891ce41c-3846-4603-a350-21ee059e1b01, aa685d90-d2b0-4a3d-b750-66590e1967f5, 7ae347f4-089a-41bc-ab7e-2fbc02ae271a, 61bb8385-07af-487b-8f64-8fde31273d87, 249e72ec-8113-4784-bc7b-4f9496cc5382, 9587115f-4178-47cf-9f77-e969e02a727d, 0a68431c-3b76-4a68-833a-ea56eaa718b5, 669e3039-17d5-40fc-a31f-d0369b6daad0, b648d292-a132-433e-aaae-8c00a1cd2765, 8055f70b-8abd-4b62-af5c-f5bcc388ddf1, 5535fa18-606d-4cec-8fe0-cebccf238051, 74b728a9-85fa-4040-9c75-aadfc2be807b, 901dbe12-75e4-4772-a439-2ea2e0e8b7eb, ff059ae3-754b-4170-a90c-f1f90203ed06, b120d33b-fedc-4aec-8b1c-31f25c926dc8, ff206a3e-400e-4530-8cec-9d3b7de2620b, 68e86f70-0304-4835-b0cd-74d1b5ca714e, 695e846b-7d5a-46c1-9285-064d216a726d, 23b0ef13-9b90-4560-89c3-40cd967ae1d6, 52c9aba1-35b5-44ae-9cc6-1196fac56d5a, 1d88ed3d-8349-4369-bdd9-8552161c36af, 4dfa6f95-4263-438e-adc3-0817d7d0a1fc, 66a987b3-e327-4974-975c-96d33b26fb27, dd3756c4-09e9-4953-889b-2cca5c946ea0, 92edaf6c-e692-45c7-b9dd-7b0e1b70116a, 60dc16d0-6104-42e3-8cd2-8afa61d82ed5, 75f2b5c3-f3d6-4942-b749-9852457cce67","1656701222733, 1656711138507, 1656761507975, 1656761510791, 1656962599762, 1656963047290, 1656966382606, 1656974710533, 1657043876458, 1657046486052, 1657046698252, 1657046755415, 1657049845439, 1657053168727, 1657100464797, 1657103212481, 1657106693741, 1657106752319, 1657108039720, 1657122198454, 1657566558600, 1657568275757, 1657569796374, 1657572270474, 1657645852445, 1657645861661, 1657648716475, 1657654356011, 1657657624790, 1657707186296, 1657710986176, 1657723039568, 1657988124405, 1658165777843, 1658169682865, 1658169706576, 1658180893381, 1658185248546, 1658185850483, 1658186146812, 1658251368046, 1658260089032, 1658260944297, 1658263354275, 1658310660937, 1658313801894, 1658315603722, 1658321358886, 1658323129854, 1658330267936, 1658428510605, 1658428995423, 1658431163277, 1658431361436, 1658774923269, 1658775610922, 1658775730378, 1658777047859, 1658778731904, 1658779409213, 1658781517391, 1658782600711, 1658783763738, 1659374889209, 1659380770153, 1659383048846, 1659385450456, 1659460319148, 1659464105133, 1659464353894, 1659523063161, 1659537290652, 1659537341601, 1659988195369, 1659988988963, 1659992777796, 1660001126369, 1660073263658, 1660073729815, 1660082171347, 1660082206765, 1660085370459, 1660085480868, 1660139630851, 1660141084640, 1660149139554, 1660155873488, 1660238823390, 1660250284546, 1660257265678, 1660259291163, 1660259372375, 1660259976907, 1660260115238, 1660334529290, 1660336388963, 1660385594851, 1660385701524, 1660390376164, 1660391196465, 1660399916658, 1660414238620, 1660417835289, 1660417835860","14, 2, 2, 6, 1, 0, 0, 13, 0, 0, 0, 4, 6, 0, 7, 0, 0, 3, 0, 4, 3, 11, 3, 6, 0, 0, 2, 4, 26, 2, 0, 0, 22, 8, 0, 0, 0, 0, 31, 0, 1, 7, 1, 2, 0, 8, 6, 6, 1, 4, 12, 1, 6, 1, 0, 0, 0, 26, 3, 0, 57, 27, 6, 0, 12, 2, 1, 0, 2, 10, 8, 0, 0, 5, 0, 2, 0, 19, 1, 0, 6, 2, 1, 0, 0, 18, 8, 0, 5, 0, 4, 4, 4, 0, 2, 6, 2, 1, 1, 0, 1, 2, 0, 1","40000, 10015, 10000, 65357, 28263, 10000, 11954, 40000, 10000, 20000, 8146, 37255, 186782, 20000, 20000, 10000, 5926, 19813, 10000, 20208, 80000, 80000, 40000, 10000, 10000, 30000, 70000, 30000, 70000, 20000, 10210, 20000, 110000, 80302, 8175, 10000, 10000, 11213, 333642, 21127, 15618, 163614, 6365, 30000, 80000, 23386, 95785, 48968, 20000, 10000, 89785, 10000, 57364, 29184, 50000, 10000, 10000, 80240, 131632, 10000, 210000, 100000, 26276, 10000, 49566, 19455, 40057, 37645, 21674, 54087, 80000, 10000, 20000, 26219, 18227, 21850, 6804, 60000, 10000, 8096, 20000, 29833, 10000, 20000, 15132, 146904, 10000, 44341, 96663, 10000, 20000, 10000, 20000, 10000, 90000, 43906, 35385, 12104, 10000, 10000, 39318, 20000, 10553, 20000","21.24, 22.33, 47.41, 20.65, 46.0, 7.09, 42.69, 50.89, 10.09, 25.48, 35.56, 14.76, 54.16, 18.49, 32.75, 4.8, 10.44, 35.78, 23.82, 33.54, 13.45, 37.76, 24.66, 7.65, 11.58, 20.76, 18.44, 18.09, 21.77, 18.24, 20.73, 9.91, 40.53, 35.94, 12.61, 14.73, 19.6, 11.69, 21.59, 27.2, 27.75, 45.14, 6.36, 18.14, 37.07, 23.57, 21.55, 21.44, 14.28, 20.84, 11.96, 8.33, 51.57, 17.64, 10.98, 23.4, 8.79, 30.15, 13.65, 13.56, 42.22, 46.45, 46.8, 10.65, 30.3, 28.99, 22.49, 8.75, 15.86, 29.25, 39.74, 7.79, 18.79, 17.47, 53.21, 17.03, 23.78, 26.16, 13.71, 6.63, 42.32, 30.48, 25.38, 6.91, 29.18, 12.55, 71.44, 63.39, 18.45, 4.87, 27.66, 23.9, 38.44, 5.63, 30.88, 25.24, 25.41, 24.66, 5.68, 11.62, 20.43, 9.91, 22.03, 24.67","1, 1, 1, 4, 1, 1, 1, 2, 1, 1, 1, 1, 2, 1, 1, 1, 1, 1, 1, 1, 2, 2, 2, 1, 1, 2, 1, 1, 3, 1, 1, 1, 1, 4, 1, 1, 1, 1, 10, 2, 1, 3, 1, 2, 1, 1, 4, 4, 2, 1, 2, 1, 1, 2, 2, 1, 1, 1, 1, 1, 1, 1, 1, 1, 1, 2, 2, 1, 1, 3, 1, 1, 1, 2, 1, 1, 1, 2, 1, 1, 2, 1, 1, 1, 1, 5, 1, 1, 3, 1, 1, 1, 1, 1, 1, 1, 2, 1, 1, 1, 2, 2, 1, 1","1656701222733, 1656711138507, 1656761507975, 1656761510791, 1656962599762, 1656963047290, 1656966382606, 1656974710533, 1657043876458, 1657046486052, 1657046698252, 1657046755415, 1657049845439, 1657053168727, 1657100464797, 1657103212481, 1657106693741, 1657106752319, 1657108039720, 1657122198454, 1657566558600, 1657568275757, 1657569796374, 1657572270474, 1657645852445, 1657645861661, 1657648716475, 1657654356011, 1657657624790, 1657707186296, 1657710986176, 1657723039568, 1657988124405, 1658165777843, 1658169682865, 1658169706576, 1658180893381, 1658185248546, 1658185850483, 1658186146812, 1658251368046, 1658260089032, 1658260944297, 1658263354275, 1658310660937, 1658313801894, 1658315603722, 1658321358886, 1658323129854, 1658330267936, 1658428510605, 1658428995423, 1658431163277, 1658431361436, 1658774923269, 1658775610922, 1658775730378, 1658777047859, 1658778731904, 1658779409213, 1658781517391, 1658782600711, 1658783763738, 1659374889209, 1659380770153, 1659383048846, 1659385450456, 1659460319148, 1659464105133, 1659464353894, 1659523063161, 1659537290652, 1659537341601, 1659988195369, 1659988988963, 1659992777796, 1660001126369, 1660073263658, 1660073729815, 1660082171347, 1660082206765, 1660085370459, 1660085480868, 1660139630851, 1660141084640, 1660149139554, 1660155873488, 1660238823390, 1660250284546, 1660257265678, 1660259291163, 1660259372375, 1660259976907, 1660260115238, 1660334529290, 1660336388963, 1660385594851, 1660385701524, 1660390376164, 1660391196465, 1660399916658, 1660414238620, 1660417835289, 1660417835860"
0a557d8643653c4fe051734529a595160a1c32785186a56247ba0ecb8f63fdd5,Non-Logged,7,"8d96c9d8-5d89-43b4-94d4-bbb0553e6ad7, f1aad1c9-b1bc-4841-8db7-4237be7a30ea, 4f1643af-fa57-491d-8de1-bdcc46336290, 94c83d8e-052f-46cd-96c3-dc0b96760d28, a1525f52-5bc2-4571-8c87-de4377946002, efcad6bb-0ec4-406b-ab72-1c310779d5bf, c93389b8-407b-414c-a2e9-c6641ce9634f","1657534091663, 1657534283542, 1657861015533, 1658922821245, 1660006327952, 1660006656774, 1660325102110","44, 11, 7, 15, 12, 4, 13","90000, 26500, 20000, 70000, 60000, 10000, 110000","15.16, 17.82, 15.93, 14.3, 14.39, 16.15, 15.42","1, 1, 1, 1, 2, 1, 3","1657534091663, 1657534283542, 1657861015533, 1658922821245, 1660006327952, 1660006656774, 1660325102110"
4722c26f9a88e7575bedb2d5f26e53f9c005a59a66b7afe6e2d123305eed18ae,Non-Logged,1,c57eb5e2-ce7a-4676-82ec-cbbdc26a6d12,1658501933900,31,127456,35.44,3,1658501933900
9bbf51e43f05fc8c681d569511ea47b9f35f4058d041b1582d7eab78c7a66381,Non-Logged,13,"3f08d07a-c789-43a3-b180-4fd27409a0d4, b3d13796-dd34-4ce9-9fde-41e3828c79a1, e0d083c3-c1c1-46e1-bc7d-fdbea8d9ab7c, e7acb036-be4a-43f3-b1ba-442c6cdaf615, 7fb45eb8-1341-4d08-8e31-24888114fe22, dc206a93-e241-4674-8435-5e5c3f88e490, 7fb73d4d-a052-4c0c-b932-5bdfe9c246fb, c4d86b91-c6ca-4ad3-8f2a-e92baffbbdbb, 610f1e89-c4a2-4c95-93d7-5781d95ed5de, c34f1c82-b564-4139-bf0b-eacd31be6aa9, bff94d65-9a3d-4a9e-b50c-8d6be7148246, fbefe093-a87f-4dda-ae3b-170eeff71360, b67921a0-e93a-4bc5-87bb-03be9050eb48","1656954142007, 1656954911690, 1656955548160, 1656955749672, 1656955766347, 1656955808407, 1656955838779, 1656956126389, 1656960126926, 1656960164186, 1656960577213, 1656961914839, 1659092640709","0, 10, 0, 0, 0, 0, 0, 0, 0, 0, 0, 0, 0","21200, 366348, 27737, 8153, 19158, 25000, 67772, 24999, 31719, 16721, 20000, 32613, 10000","36.08, 48.98, 25.48, 23.47, 10.66, 25.23, 44.89, 25.25, 17.31, 23.11, 24.12, 44.01, 7.25","1, 5, 1, 1, 1, 1, 1, 1, 1, 1, 1, 1, 1","1656954142007, 1656954911690, 1656955548160, 1656955749672, 1656955766347, 1656955808407, 1656955838779, 1656956126389, 1656960126926, 1656960164186, 1656960577213, 1656961914839, 1659092640709"
359fd040b95d86e59f4d6bb88fd7a0e90d563b0b2537a0f0068c85b3b1479bd4,Non-Logged,10,"c9ee10de-a1b3-44ff-a6dc-a1572325aad4, 8d92d9e9-18b7-4125-be24-31c00215dcc4, dbe09f7e-cd48-434b-b526-5c79628b64c3, ca1dd21b-a488-4682-833e-63425c49cb34, de050eac-232c-4d15-8de3-f70cf0271bad, 696c06e7-a338-4cf5-b9c3-ea8b9e775a94, 807d5f5b-e102-4cfc-acf3-a3e74537f7f2, 91dd61bf-7c49-4276-bba6-1db2804921a9, 750020b7-cec3-40a6-91b4-5d944febbfc2, 25ab33e3-b6e3-4ce6-8511-15525a4531bc","1658155115489, 1658495105655, 1658519981268, 1658520061719, 1658837054835, 1658839392481, 1659636188064, 1659701917778, 1659702177958, 1659702271650","0, 0, 0, 0, 0, 0, 8, 0, 0, 0","265957, 269724, 51511, 55822, 386033, 20153, 240560, 77378, 104020, 279475","92.11, 81.31, 33.06, 61.4, 100.0, 15.97, 66.75, 77.85, 67.19, 73.63","1, 1, 1, 1, 1, 1, 2, 1, 1, 1","1658155115489, 1658495105655, 1658519981268, 1658520061719, 1658837054835, 1658839392481, 1659636188064, 1659701917778, 1659702177958, 1659702271650"
34b6a1625ba260b7e0efe6333dad04b903068442fbfd1b492c6288d6de55b111,Logged,57,"166ad2cb-2f59-454d-9278-be7bb30301ac, 470ccd72-1478-4a82-9e75-ecb6f732772a, 9771b0d9-b14a-4908-8932-440b6fe33aeb, 2688afc6-bf46-4be3-889d-fc1f1bd09814, 2463b085-fab1-4d06-b557-614e28ba71fc, e63ef205-d49a-4cd6-ac85-059535e3d68c, b57fa2d2-0a34-4117-b22d-29ad42c8e063, db037f57-5594-47e8-a523-076c8c83914c, 62c033c2-103d-4c76-8dbf-19c1cc869ddf, a28f4f25-42bb-4828-864f-a7d1e36dd4f4, 4f1cc08f-cb75-491c-b941-8ab24d4eb79d, 82300f19-f8fe-49b2-b5b4-f1ac144a369e, ca5c986d-56f8-4737-9251-60a6ec9f50c6, 1313a262-b0bc-4e6a-9c77-125d6ba416eb, 57615619-0c1d-41fb-8640-ccec5b3add58, 73151e02-dd2a-4509-968e-b9c16ec1c5db, 122903f0-86c9-4109-bf4c-94959eb35343, 167c7437-0115-4cab-98c4-e2f6066b9933, 6c04dc83-e523-4a23-9329-5499a899392c, 378990e7-c1aa-4ad3-8aae-d37e194f58ff, fa0d3820-ba38-4823-b931-664e85867a6e, 0a513662-19e9-4255-8bf0-621b026739a7, e77e093c-d944-4d4c-9143-e67c75c616c5, 9eb42e23-6f0c-489d-849a-694eda70ee23, 199523ba-6df4-4ae9-8a7e-de346a8de5e9, 64323b0f-d998-4f8d-a9ff-0e8c4f8859a0, 4700f517-5c5d-483c-81b7-d77aca04991c, 557c0d37-0427-407d-a235-c78028d91220, 25bbcbb8-ba64-4523-8ec6-033c4913c80d, 788b88f5-d957-4152-8a8e-4c8656405b24, 32be4219-c156-41b6-acbe-6c29ce3b1ab5, 1d245152-8803-4599-8480-45e852a7a0a7, fa319820-539c-46f1-82be-9bfb4ef8ddd3, ddec0692-b382-4d06-b975-6e31467e7f9a, 7a01fdb1-c5c0-4833-a252-8593f91eed3d, 3b94c985-903b-45db-89a2-24d3d4459509, 5a37d872-f605-4536-ad61-bec85e99ff45, c407cdec-cf95-480c-a0f6-9a34ae66cf54, 09131b7e-f907-423c-93e0-5ef8913d8c7f, 9e49825f-6567-4ede-90d5-46a1af9a127f, a2809ff2-a9e1-43ea-8977-283eaa14a1d7, 7c3fbe06-7d31-49b6-986f-3be196b84687, 5c37a504-0ed8-49c1-a6a9-d237d90664e3, e22473a3-7a8a-46cb-8c86-1bda7a5c70de, 732f941e-3bba-45d7-96c4-6535735ce2f4, f399b893-e696-4f8a-9dbe-e49fdecddfa0, 30fbe075-a9fe-4f8c-a58b-3459982b7018, 399318fb-a6ca-4ef2-9297-c1c3b0ce955d, c8ec4884-1c89-46c3-a2c9-9ef270db1450, f2093560-51d6-44b8-8fd4-1ff3cf9a639d, e4d359cb-64b3-4e54-835b-f463b1042e88, ea2e91bb-c841-43f2-a69b-3ea83dbf944b, 5ef8124d-495e-4de3-af19-48c14b92dbd4, 38578b5c-4509-49df-ad79-c62cc914e4a5, 07b5ae90-4161-4463-945e-41a48fdced21, 0dd9af9f-bcb0-43d8-9d88-b5d4cbc1514f, f2f27215-62f3-4931-8e54-9af6276fad21","1656805957438, 1656806153954, 1656808035600, 1656808848591, 1657102975048, 1657110237345, 1657110638924, 1657112099341, 1657112204408, 1657360623685, 1657360719551, 1657427788281, 1657743223638, 1657743430552, 1657743556147, 1657743861702, 1657744544407, 1657744881661, 1657745948468, 1657746158071, 1657833987966, 1658139137316, 1658140941241, 1658155401305, 1658155511448, 1658156242538, 1658157000609, 1658157506707, 1658375304122, 1658376149474, 1658446726800, 1658447169947, 1658518966818, 1658519516136, 1658520435847, 1658532587301, 1658533416565, 1658533812800, 1658620543095, 1658621317372, 1658625909228, 1658805331865, 1658806362149, 1658808855304, 1658962010337, 1658976416896, 1658976756154, 1658977469191, 1659100842020, 1659313261838, 1659314043141, 1659396799026, 1659397389039, 1659397522853, 1659478887212, 1659479119743, 1659479340056","1, 1, 3, 0, 1, 0, 1, 1, 1, 1, 3, 1, 3, 1, 1, 2, 1, 0, 1, 4, 0, 3, 1, 3, 2, 3, 2, 6, 2, 1, 1, 0, 8, 3, 0, 1, 2, 0, 5, 0, 1, 1, 1, 1, 1, 2, 3, 0, 3, 0, 1, 1, 2, 2, 1, 2, 0","120000, 30000, 210000, 40000, 113710, 40000, 171610, 102068, 100000, 82162, 150307, 25275, 160262, 70000, 180000, 267703, 110000, 240000, 80000, 290000, 20000, 390000, 120000, 128262, 290713, 270000, 190000, 160000, 93218, 70000, 140000, 100000, 357790, 450188, 54784, 49629, 100000, 19616, 250000, 50000, 153371, 230000, 60000, 87180, 120000, 180000, 265057, 110000, 113668, 37621, 93237, 250000, 70000, 143071, 131429, 120000, 40000","80.72, 44.79, 76.38, 42.12, 48.1, 79.45, 55.47, 87.99, 27.43, 41.74, 48.81, 17.39, 79.92, 34.59, 78.23, 77.85, 77.33, 66.84, 30.71, 70.32, 7.94, 76.06, 68.25, 71.05, 16.6, 80.67, 59.57, 80.99, 30.43, 54.7, 46.41, 9.9, 57.76, 81.74, 20.45, 41.29, 17.88, 26.51, 88.45, 28.8, 54.92, 84.42, 38.57, 46.43, 54.35, 82.69, 51.7, 62.61, 27.76, 56.92, 21.13, 84.88, 29.13, 53.37, 13.06, 35.19, 46.57","1, 1, 1, 1, 1, 1, 2, 1, 1, 1, 1, 2, 2, 2, 2, 2, 2, 2, 1, 1, 1, 1, 1, 2, 2, 1, 1, 1, 1, 1, 1, 1, 2, 2, 1, 1, 1, 1, 1, 1, 3, 1, 1, 1, 1, 1, 1, 1, 1, 1, 2, 1, 1, 1, 1, 1, 1","1656805957438, 1656806153954, 1656808035600, 1656808848591, 1657102975048, 1657110237345, 1657110638924, 1657112099341, 1657112204408, 1657360623685, 1657360719551, 1657427788281, 1657743223638, 1657743430552, 1657743556147, 1657743861702, 1657744544407, 1657744881661, 1657745948468, 1657746158071, 1657833987966, 1658139137316, 1658140941241, 1658155401305, 1658155511448, 1658156242538, 1658157000609, 1658157506707, 1658375304122, 1658376149474, 1658446726800, 1658447169947, 1658518966818, 1658519516136, 1658520435847, 1658532587301, 1658533416565, 1658533812800, 1658620543095, 1658621317372, 1658625909228, 1658805331865, 1658806362149, 1658808855304, 1658962010337, 1658976416896, 1658976756154, 1658977469191, 1659100842020, 1659313261838, 1659314043141, 1659396799026, 1659397389039, 1659397522853, 1659478887212, 1659479119743, 1659479340056"
892056d8c15616d2b597b6b8399f9d9fb5e05d8cc19fd82e448c00a697e0985b,Logged,125,"c9f74013-0afa-42f2-80c8-7188ec514cce, 5f0ffb57-c88b-41bb-b427-ff9fe126dc7d, 8db3c393-6fe0-46c4-9c8b-0fd3eca8b046, c44af7c6-88e9-4ce2-81d6-7b8adc4e085b, 68bc8994-ebef-4e48-8478-e7fe1619ae58, 29b6b142-4173-4ec4-832f-7d0a32255c10, 5b1cb0ce-8056-4dec-a64d-623068958061, e1c14cdf-8a07-468d-bb5d-ea62a2897f3f, 0e4e09a8-7a88-4758-a3f2-d0dce43df4c1, d0b15500-c57e-4c4b-bcdf-c8d643d883b6, 50028008-aa11-4519-9d75-452c84dd27fb, 82206221-05a0-4f89-aa10-e8c8dc0cc418, 5f161820-11e2-400b-a0e5-58d259c39c10, 7d30a21e-0781-4179-a768-0de9171f10dc, e3d821f2-fa77-4121-925f-9200f8c9d780, c5103dc1-bb43-426c-98f0-7e7812a5fa5a, bf257382-74fb-4392-ad6a-143240e39f81, 358a38f8-fe69-4b27-9329-96ea52f24d94, 57a0c7a5-6cf9-482c-b85c-dcd71092b15f, 5dff8fb2-73e6-4c22-a34f-c367aa2677df, 9a481658-e0d8-4c3e-a6fc-ef21a3ea9ffd, 5bf8b3a3-3916-40ca-8672-a9f3df311825, 5add4d01-a7d7-4819-a657-e677b24ece4d, f38d9b98-70c5-44c2-9a6d-fcee0df331ab, e770e08d-7d5d-4ecf-8077-5a090f085232, 608dd663-6710-4c63-a805-0034989599c5, c88cebc3-e150-4efc-993b-76cda07dc6ef, ab93d775-dc30-45a2-b885-9dfcc26fd154, b53f9669-86cc-49bb-b693-d3e9c534ad0a, 7b056bf6-c232-46bd-8903-59145ff7ce46, 8eae4d30-4b67-491e-b7a2-5a3ee7a352d3, cfd2a7e6-c4a9-40b8-af6a-5cc8f6555724, ef032ae9-d86c-4a49-8773-dc41ddb5ad14, 37337971-dd7b-4728-8384-f412ddbadc19, dcbcfc8d-6010-41df-a39d-008b0c7bc85d, f300a320-8888-4377-bdb3-792200a402d7, 139c9e4d-b7eb-43d0-b2fc-1cb230f0adc8, ebc00bed-3e2e-45d3-8a9b-0ce430f30d0f, ec7dbae8-2ef3-4fa0-8b70-22b425f09f5f, 9e434fae-3183-4d3a-8e1d-00a461e5d7fc, 17ddfbb9-0f74-4d7b-b5da-9e279c593a52, 73151e02-dd2a-4509-968e-b9c16ec1c5db, 11624bfe-968d-48ac-8b98-38a04a6cd2ef, 12c16275-a716-48b9-b563-38401ac5d08f, e0b8e742-f94f-4361-b662-9e9d24c99803, 90c1930d-6795-4daf-8efb-635b7ac3dfae, 3e54b313-2fde-4180-9948-74e889dd9430, 0ac4bb92-c7a4-4208-8b88-89d297139ecb, 4ef1d1e4-01aa-4aea-8a31-51598feef18a, 9cabe333-d57d-4a42-83e6-12195451aa58, 11649ce1-ed5a-46e0-92da-eb105f4555ff, 45a4ed6e-4f6e-4fd4-8997-864b3a68c85c, cfaaf988-800f-4a3c-bd52-54160834cb93, 03d7e455-6e17-4bb6-97f1-9ac6efc450af, 955553d5-ebb6-4647-8c90-04ca93af4f50, dcc4e8a7-f99b-46c2-a820-b35873bc8e5e, 4700f517-5c5d-483c-81b7-d77aca04991c, 3dcef2ca-b597-4f59-91e0-25810722544a, b18235fe-b19d-499c-896b-3bf2266c2ed6, 7ae44bd6-aae4-4adb-9cea-404cf97ae67f, c963b3af-46f5-40f7-a918-aebdfe46a653, bd890390-e822-4b72-b4dc-424cb9e86b0d, edc77480-035c-48b4-8291-db959d9e2b4e, e23f191e-51db-43d1-854c-8c9c3cbd347b, e57cc467-d8c7-4981-b095-8b8a09cf1bf2, 45a2068f-7dd0-4244-89c1-9119d1937bd4, 41a5ceb6-c603-44d2-af37-bc159ed58fa6, d209d257-067e-4559-8d79-090b51ca032e, 533b3efd-b7d4-418e-92a9-0a1d88440963, 890b3738-5e60-42cf-b688-4305471a8aca, 8e9d1be1-01d2-4ee8-8e06-8ea7b8bd0f67, f13e6b23-8d2c-4c9d-a8ee-75fc66f53e6f, 73ae816e-499d-491f-8e11-957dfba32532, c96555a2-3623-476f-b60c-ab9d2e7f638c, 32be4219-c156-41b6-acbe-6c29ce3b1ab5, d95c79bd-06de-498d-b837-7eb9d81c8520, 669c0100-aab6-4ba2-a35b-0ad457fa4a4b, dccce65b-8982-46e1-afcb-01db956e2cd6, cb9ae34f-f1d3-426e-baf0-5ec913a25046, 4436a584-86c7-415b-8143-3beeb7e18439, 534dff37-8965-4567-9569-725e1beff6e4, 529a23e0-baa8-4824-9554-416ceba464ae, 9c989bd5-2987-451b-a4af-1143e774f2a0, b0803304-62b4-4428-a333-e9bf623c8a98, 843d4bda-ac7d-4795-afdd-3d96fc3c9f76, 19d2e500-2ff1-4ddd-a954-0e40a8ec5414, 1b45d8c7-2e99-4c17-ae6a-19193d16603d, 562e2cff-cc6f-41e0-9bd9-b4349d555964, 34c9da29-421f-4983-bd32-19a7daaace13, 0ccc0c7d-0040-4383-a73d-d97e1c3bacc2, a0c995dc-a683-41fe-bb65-9dde705f4b9c, a9466ce5-0cc8-4cad-96f3-fa3de8becf7e, 229628a2-f8e0-43ca-bac9-f14a161f9124, b3984824-9eea-4ad9-ae37-b07782ecc313, c3b62928-ea18-4b81-b1d3-83f7ea2a7447, 63d44eda-7aa9-492b-b9f2-c53117f36ad7, 5b82930f-fdd7-4e5e-b720-8b1b8eb709d8, 4e7ab530-ce82-4d43-8f8f-b5842981b52a, 6d6bb0f0-0586-40ee-8db7-f7054e370707, 331e9697-e660-475c-9635-0225715d5ecd, 0819b74d-b28a-4702-90a2-9d205dd9fc5e, 4c586bb4-f71d-4b39-9df8-e38ac3f632a0, e3509b98-d07d-4af2-b131-b5b0e467d1ca, ef8d4f8e-59a2-4de8-a9ce-3a4299a9e41a, 6f344c45-e731-41b4-8c65-9967ebc03096, d2593c3d-2347-40d9-948c-b6065e8459a9, 310b1025-6924-4dd2-b26c-b4069fe8b547, 7c076eda-5b41-4b0f-815f-0f6400148b0c, 1ca0b64a-8bb4-4a2b-b3d0-af935960bf15, 29880b16-0a8f-4e44-8720-9648db5471e5, fa571e66-a5b4-448f-905f-59e398a673b5, c48c4f8d-b3c7-4d3f-82c4-84091bd4e401, 49214975-7aa7-4118-9619-028f61522e23, 6dfc2f2f-fc3c-4594-9f67-ea22bc7d6310, 63c64775-0a43-49a6-8eb1-8cdc56e75777, b983ec13-6581-4a89-a800-ab2bffc1fcbe, e5d9ff8d-75fd-4663-a860-34c77c026e29, 5ad189e3-77e6-4c5e-9eed-8979ba58e283, a7c6cc70-c198-47e1-816f-9b9ebbc2856f, 1a3641be-fa6a-4d72-a5eb-9069686a88ee, 039eca3d-3894-4309-845c-ae42cfa599f1, a7e26e3f-59fc-4c02-806a-89ed6a1bd475, 794a21f8-f679-4de0-bbc5-1060e15bda67, eb4641a5-ffa6-4dd2-9afc-abcdf704f77f, e93fb5f7-e64e-4866-be46-838c3c71e471","1656681035551, 1656681197098, 1656764556894, 1656776144326, 1656930488536, 1656930679936, 1656956823643, 1656956974501, 1656973547505, 1656979385907, 1656983605831, 1656984042411, 1657014677525, 1657236174710, 1657275726014, 1657453736461, 1657483216620, 1657483323141, 1657533118926, 1657533236962, 1657537492386, 1657573919854, 1657579557519, 1657589051389, 1657623542339, 1657623850071, 1657658509214, 1657658644483, 1657665429510, 1657709134010, 1657742550846, 1657803908363, 1657804405222, 1657829653479, 1657837716534, 1657880033173, 1657880396703, 1657910806715, 1657928723276, 1657928763884, 1657928955128, 1657967558347, 1657967976950, 1657968140895, 1658004748964, 1658004889185, 1658055273512, 1658062371537, 1658062516121, 1658062650224, 1658063850820, 1658081678112, 1658096145569, 1658100126010, 1658100268060, 1658177355115, 1658177486274, 1658184267399, 1658251791213, 1658251843890, 1658266526823, 1658269901967, 1658271752484, 1658271867477, 1658336867356, 1658349620060, 1658357973597, 1658427872924, 1658436454450, 1658441680023, 1658513073785, 1658513394755, 1658513547558, 1658529954653, 1658531577535, 1658572078314, 1658604357187, 1658604638282, 1658707152981, 1658763300960, 1658763527197, 1658763695811, 1658772162410, 1658772292375, 1658776401575, 1658787344462, 1658878030961, 1658953951581, 1659016503805, 1659036195808, 1659048351707, 1659108095569, 1659109291322, 1659140986475, 1659276730570, 1659300598447, 1659398152665, 1659454592685, 1659454871583, 1659455010811, 1659568999641, 1659661134903, 1659712737414, 1659713750219, 1659713924379, 1659714376513, 1659738284356, 1659738449568, 1659741185021, 1659741393210, 1659814104464, 1659824608225, 1659883713765, 1659990623127, 1659990783348, 1660002224479, 1660002292057, 1660088630599, 1660088898083, 1660173059793, 1660231628217, 1660256662036, 1660256891147, 1660318631110, 1660386082102","0, 0, 1, 1, 1, 0, 0, 1, 1, 1, 1, 2, 1, 0, 1, 0, 0, 4, 1, 1, 0, 0, 0, 1, 0, 0, 1, 1, 1, 1, 0, 4, 2, 2, 0, 1, 0, 0, 0, 0, 5, 1, 1, 1, 0, 0, 0, 0, 1, 0, 0, 1, 0, 2, 1, 0, 1, 0, 0, 0, 2, 0, 0, 3, 1, 0, 3, 1, 1, 1, 0, 1, 1, 1, 0, 1, 1, 1, 0, 1, 0, 0, 1, 0, 0, 1, 0, 1, 0, 1, 1, 1, 1, 0, 0, 0, 0, 22, 1, 1, 0, 1, 1, 0, 2, 1, 1, 2, 0, 0, 0, 0, 2, 1, 0, 1, 0, 2, 3, 1, 1, 1, 0, 1, 1","112355, 216154, 381006, 80000, 183727, 83220, 61597, 85193, 59462, 40563, 139413, 310000, 190000, 32118, 94011, 180000, 331408, 519253, 68000, 86732, 112166, 98796, 282402, 160000, 277692, 227411, 93999, 20000, 81913, 205389, 19885, 313076, 126163, 211380, 367656, 173288, 132293, 84833, 10000, 24725, 176998, 180000, 164773, 380000, 91930, 192455, 31364, 33346, 127119, 10000, 100511, 85821, 111526, 128944, 38442, 81657, 237177, 150000, 22046, 64953, 189981, 100624, 42034, 280000, 70156, 200000, 442816, 114132, 90297, 134553, 80103, 123072, 209373, 40000, 223225, 70000, 225938, 80000, 164038, 197589, 101052, 210000, 106876, 77895, 80000, 200000, 105344, 121661, 60000, 6302, 329411, 40000, 80469, 250235, 314639, 301163, 262137, 270542, 130618, 74260, 115554, 91555, 270000, 96866, 438207, 92482, 143854, 332090, 105874, 162726, 10018, 134259, 46547, 151253, 390000, 59897, 221963, 168299, 238581, 211344, 130000, 81706, 20000, 106594, 204588","45.8, 59.13, 37.2, 50.56, 79.3, 64.89, 70.48, 29.72, 32.46, 30.62, 83.38, 72.75, 60.0, 54.74, 75.16, 87.81, 49.94, 25.64, 43.28, 41.27, 59.05, 53.17, 90.46, 79.46, 81.26, 78.97, 81.02, 17.56, 26.9, 63.53, 18.99, 66.72, 40.6, 58.53, 84.06, 56.66, 48.05, 54.46, 13.98, 39.08, 55.22, 85.86, 73.6, 82.15, 53.12, 88.87, 76.1, 43.38, 74.51, 19.08, 56.9, 48.2, 45.56, 85.48, 13.27, 58.78, 74.21, 67.71, 29.68, 60.68, 44.08, 46.25, 55.89, 67.76, 50.19, 71.17, 59.62, 55.23, 76.46, 32.57, 33.72, 60.82, 75.44, 29.13, 43.32, 45.84, 60.37, 35.94, 68.5, 41.48, 44.78, 77.02, 84.27, 17.7, 77.92, 57.93, 41.38, 53.46, 87.28, 6.31, 64.61, 34.26, 60.82, 61.14, 93.96, 53.44, 47.32, 83.82, 86.75, 51.01, 59.59, 52.47, 91.95, 55.12, 96.53, 44.35, 79.33, 41.28, 77.34, 78.15, 43.55, 51.96, 25.42, 63.28, 63.36, 76.12, 68.35, 49.0, 99.83, 71.64, 38.04, 55.81, 60.68, 31.13, 61.31","1, 1, 3, 1, 1, 1, 1, 1, 1, 2, 1, 1, 1, 1, 1, 1, 2, 2, 1, 2, 1, 2, 1, 1, 1, 1, 1, 1, 2, 1, 1, 1, 1, 2, 2, 1, 1, 1, 1, 1, 1, 1, 2, 1, 1, 1, 1, 1, 1, 1, 1, 1, 1, 1, 1, 1, 1, 1, 1, 1, 3, 1, 1, 1, 1, 1, 2, 1, 1, 1, 1, 1, 3, 2, 1, 1, 1, 1, 1, 1, 1, 1, 1, 1, 1, 1, 2, 1, 1, 1, 1, 1, 2, 1, 1, 1, 2, 1, 1, 1, 1, 1, 1, 1, 1, 1, 1, 2, 1, 1, 1, 1, 1, 1, 2, 1, 1, 1, 1, 1, 1, 1, 1, 1, 1","1656681035551, 1656681197098, 1656764556894, 1656776144326, 1656930488536, 1656930679936, 1656956823643, 1656956974501, 1656973547505, 1656979385907, 1656983605831, 1656984042411, 1657014677525, 1657236174710, 1657275726014, 1657453736461, 1657483216620, 1657483323141, 1657533118926, 1657533236962, 1657537492386, 1657573919854, 1657579557519, 1657589051389, 1657623542339, 1657623850071, 1657658509214, 1657658644483, 1657665429510, 1657709134010, 1657742550846, 1657803908363, 1657804405222, 1657829653479, 1657837716534, 1657880033173, 1657880396703, 1657910806715, 1657928723276, 1657928763884, 1657928955128, 1657967558347, 1657967976950, 1657968140895, 1658004748964, 1658004889185, 1658055273512, 1658062371537, 1658062516121, 1658062650224, 1658063850820, 1658081678112, 1658096145569, 1658100126010, 1658100268060, 1658177355115, 1658177486274, 1658184267399, 1658251791213, 1658251843890, 1658266526823, 1658269901967, 1658271752484, 1658271867477, 1658336867356, 1658349620060, 1658357973597, 1658427872924, 1658436454450, 1658441680023, 1658513073785, 1658513394755, 1658513547558, 1658529954653, 1658531577535, 1658572078314, 1658604357187, 1658604638282, 1658707152981, 1658763300960, 1658763527197, 1658763695811, 1658772162410, 1658772292375, 1658776401575, 1658787344462, 1658878030961, 1658953951581, 1659016503805, 1659036195808, 1659048351707, 1659108095569, 1659109291322, 1659140986475, 1659276730570, 1659300598447, 1659398152665, 1659454592685, 1659454871583, 1659455010811, 1659568999641, 1659661134903, 1659712737414, 1659713750219, 1659713924379, 1659714376513, 1659738284356, 1659738449568, 1659741185021, 1659741393210, 1659814104464, 1659824608225, 1659883713765, 1659990623127, 1659990783348, 1660002224479, 1660002292057, 1660088630599, 1660088898083, 1660173059793, 1660231628217, 1660256662036, 1660256891147, 1660318631110, 1660386082102"
dbeb2c3ad1dc62b1d6a26efc005cf95922201e2cbe6393a0aedc4b02c03495cc,Logged,402,"426e9777-7ad8-4b0f-98f4-48e8ee96ace5, 54fd8bf0-d4f2-42f8-89c6-a6d49245954f, 7caf0079-a39e-4f7d-9d5b-7f8d8a625f2f, bc81d3bf-9bed-4702-af03-c854da0d3a02, 10f33dfb-319d-4763-aad8-15ec6bcf1a3f, 6d2b48fe-1ada-48c9-a508-73e19e83069d, abf9b042-1205-465b-b24f-e3cc3907db83, 59a580eb-b199-44c2-a51d-5ed2275144e0, 1f2b9c2f-a2d2-4192-b009-09065da8ec23, d7f17a3c-3885-4b47-95a8-c4204a3698f5, a7c3a9bb-3e21-4e51-84cb-ad23976ec61f, 6fdadb66-40bf-4202-a5a2-ba3b09b14e70, 3ad4a5fa-ca7a-4178-8e53-f29421df4ecf, 1d83d47f-e287-4538-aed4-e9524a09d5d4, febe2095-c935-4b8f-a70a-c87eaf77e212, 598ed114-fd5a-4d82-90d8-f1e893cb0892, 239430d1-9a03-4b7e-a928-2362102ab641, 68bc8994-ebef-4e48-8478-e7fe1619ae58, 99c4a6d3-41f3-4bf0-bfba-a419e0e621f8, d226b580-1961-4c68-b928-f045ffaaebd5, d173164f-dcfc-4e32-8006-64ab44a57c66, 6110a74b-265a-41b4-b40e-e9c94842006c, fe66b0f1-5028-45b0-b1c2-6ee6e993c73a, c3d1bd47-feb1-4c0a-9e78-36d20b3f0fc9, 89aae87e-4c3c-4cab-ae0b-90454cd91e6f, 2b72c2d5-a6b9-436b-b634-08e8a39322c9, 0cbb7b0e-a57e-490c-8d67-5648f1f2dec0, b7f30490-0b67-4ccc-b032-1eeeb179b464, 23243426-4270-4023-ba14-844d96119e70, 0a5923de-45ed-4142-b3a7-17546131670c, 1f32787b-de2b-49be-8c20-ddaeae34cc22, 0b8f3728-4ef7-40e7-85ac-367d8039bb6d, 44a7966a-d907-4cb5-a523-29a29f71fbdb, 78f442cc-1fb3-4bf0-a9c7-ab6cf5a73526, d9db51d1-ba53-4135-8207-e085ec4309e0, 81acfaa0-5603-46be-9e55-46b9cb296b8d, 6e5ae05a-ccc9-4384-85b8-9fa1d871ba1b, 22406eff-6720-4c47-8707-42e5454f04e9, b39c87f2-64ec-4aa3-8d68-01c18ba591ec, 99cee40b-98dd-49a0-b741-41296aaea59e, fa22be5e-35b4-4514-ab18-42b8ac4f9a50, abcd99d4-7221-4d4c-84ee-2d36f904731e, 21532265-cfd0-4301-a58d-dd615d0189d6, 12638e90-4c74-4eb3-9f04-fbef8582a164, e59e23ae-31e6-4eba-b85a-ce46918829b9, b03986b4-7887-45f2-8269-a66b9d73a361, 5fada3ca-d728-4b7b-91c0-b1352a07ada6, d8e96969-c9d9-4c28-a9a8-403abc1e784a, 785293e5-28f5-49dc-be42-763fc09a140b, e4b31b93-9ee8-4754-a18a-88192298a160, 9958aafa-3a3a-416c-a2b9-5d96769bad83, 886aee00-ce36-4b2c-ade8-545724af093f, e9944d82-ae9d-4725-abe9-d41178a0a424, 51873d9c-baec-4c18-bc90-d083a282719d, c31953bb-c126-47ad-9112-d82f8776db2e, dcd8a2fb-7736-4b8d-93b5-d5d71dd1f086, b45946c1-035c-4d85-b327-b8ee7f4fa3e7, b82e867b-99b2-4629-b40e-b3d69ec033a9, 84a20532-175a-4df7-ab78-7d2f8177169f, 470bac7a-d454-43c7-b36d-7b075b7f353b, f9ff7bcd-285f-46d2-88b9-a47309088bbf, 3bd9f24b-cb02-4cc4-b6b7-da5c1389463d, 39637899-fc4a-47f2-b5aa-266a97d54cb0, 3ce73782-d80e-4031-be53-5761b158cae7, e6f987c1-546f-4a9e-9a88-b2e2eb2a9068, 5dff8fb2-73e6-4c22-a34f-c367aa2677df, c9bf6f69-f752-4e93-bd91-597660a66993, b2a21491-7576-4be0-a520-97ce9470efeb, df5d45f4-5d75-4f49-90ea-c71e6e56ded8, 6bfa9f59-121c-4f06-9499-bc747fa302e1, 844f8c98-c380-4997-8d34-a3dce9945834, 444db2d3-2856-4307-8a36-09b15651fb8b, 8e244f01-65d8-4b99-8b48-62ac5a9598d1, 8f65c24a-09eb-435f-9180-2fc3d2f60d71, 7594da99-d606-4338-a373-710a7dec776a, 99dcb1d0-5a7c-4dfa-93f5-c78572c964cd, 627745bd-8aaa-4e0a-8d3b-b8ddb503c6ca, e5079969-835f-41cf-862d-787721226f99, 5db25cd8-32e2-4502-9208-b62d0e13b015, 62c75a44-c053-4f1f-8cd7-788df09ad65b, 3ebe5850-8e08-4306-a151-b7bf39ea5305, d37d7e59-2ab2-4dd0-a415-8063af12966e, 3230374d-3227-480f-8aad-be40e7918a89, f8f52df6-0dbc-44e1-8ea5-78a61c209ed3, 51cbf026-cbe6-4cc2-919b-d26347b7694d, bb7ec6cc-b856-4e91-924a-216c36553a25, fbf1d64c-9436-44b9-8fc7-0bd56fee045a, 4d16a079-ca73-4bb6-b6ce-872bdddf1aa4, 87fe6747-4698-4add-bad1-8c9fd6f949b6, 230d19cf-28f8-459a-ad3a-da60aa640639, ae3ea2eb-2d87-4380-983e-77072492ea63, 83cf1546-5235-491f-ae0c-90949a2ab3c2, af5d32bb-ab3d-47fa-96c2-bf44680ea0f7, b92a923f-9a8e-488c-85f9-58079ee721b2, 914fe264-109c-4d4d-8f18-052785666a24, f0a78e58-ec7e-494c-9462-fbd6446a9a89, 35bc231e-0dbe-4639-9732-aa9a1d7d5570, e5b31e24-1bfe-49d5-a0b2-8af464411fda, 206b42a1-8bae-4900-baf6-1f13d224aad8, 3ffb80eb-0ae9-457e-883c-d52f57c124c0, c85cb6f6-60e1-4a94-8f8f-6b436bb1d77c, a3546453-e741-493b-94d1-9043ba082039, 0458efca-6f84-4223-bb16-68096059b07b, 4698fa3a-6a33-483e-876e-43207d0024ae, 564ca071-5872-4020-a4f5-3421a29498a7, b80450c6-2099-4c59-b311-9fe733104de9, f6551587-8e3e-418a-9476-e9b000721ee3, e1a89c3a-1649-486f-a964-ecfb33821e77, 96d328b9-5da7-4389-a9ac-765e98971ab7, 151bbffd-e13c-4700-b10f-442275071083, 785e6e9f-69e6-416f-b6a2-2b7d13426a75, 4154f103-9e39-49f5-8982-cdf13c576928, 1fd81f89-cca7-4122-8749-db21b14c25b1, 8f28e4d1-c4ab-4ce6-8acf-27726b061aa3, e9132775-5c5d-4995-bbc5-ef745c98091e, d8de2192-12b4-4fb5-97d8-8a6360a10e78, dc5abd37-fda0-4ad8-9620-8db2b13090d5, d6d7696e-9bd3-4cb4-9cbd-9e58b9656bd4, c88cebc3-e150-4efc-993b-76cda07dc6ef, 4d89c4b6-6827-4935-9ba1-0502025af270, 1d22f204-4cea-4b1d-95da-f6fbe57cd622, 5512feb7-1489-48ba-a78b-457c9defcc51, 9ad0b79c-a8cc-4ee1-b47a-a4f000f3a157, f1726a43-1336-4533-af78-a70e89ea9597, 4e9c2825-ff13-41ca-8e91-edd848060d19, e4dbb7c9-fd80-4da8-b4f4-6d144442a2af, e6574d0d-a7c2-4830-a544-7497929d044b, 608dd663-6710-4c63-a805-0034989599c5, db037f57-5594-47e8-a523-076c8c83914c, 7b056bf6-c232-46bd-8903-59145ff7ce46, ec25b022-94d4-4d12-8139-7a89cc1ab58c, 5a5e2555-ac88-4882-9dc2-e19bb392a448, e544658a-7fbf-4c01-8b83-b63cf6e78987, 889b2800-0415-4ece-8e5b-535ece468709, 4076d859-88bf-4956-8005-41bb5ef30c47, 8453fa5b-0fc4-489e-8045-896a428bf080, a7e9355c-8fb3-4bbf-b1f2-3ff6b64bb31c, 88d6396e-b422-4b6f-a119-6dda88213f01, 4643fde3-e26d-4af9-a28a-d4dcc547fb03, b4a5680b-d0e1-4260-bc54-82fbe328d3a0, 7fcf82cf-6a19-4e1f-a054-d5356546bf31, ffabc550-b315-4070-94b6-713712da8ec2, 364bcd6a-f729-47b3-ab40-e0b613a44861, 4e163060-2488-4627-a8ba-bbfc54a4d57d, d3302868-9c63-4712-9cf0-adfcaad19187, d8b6f5a1-2f96-4d02-a78f-dbe1c87946f8, 78154e46-5198-47ef-859d-42d75fc357ca, 6b87f422-3b1e-4e7d-a170-c72c80ab9380, 62c033c2-103d-4c76-8dbf-19c1cc869ddf, 8956c97a-6d85-4d4b-a6f7-6d42c6be97cc, fbffe526-e94a-408f-a19b-7510f3d56016, 347a01fa-6f39-49c7-9a61-72db9eca0d19, 2c465dcf-a627-42d2-94cb-db8fa2c05b8d, 3ce3160f-004f-48ec-bf4b-ca7373a9e39f, de0beb67-5582-49e5-ab3b-8899610b7a6e, 5f0ee205-c2e4-40be-b103-876453c693e3, 7cff9bc6-bff7-4f2f-93fe-4fea320bfbda, 2ad4930b-bd99-4884-9c07-12cc46f53417, 882e7c95-935a-4eab-9ece-f85f5f7d0f4e, 5ecc4b24-ff5d-4f8c-8449-53de3b34d213, 4097222f-b2e5-4b8f-9d3d-6f1fade25b04, 32bfa091-2ba9-459b-9f5a-30c567bf645f, e941949f-2b52-49c9-b187-dcec6ec10119, 97c00ceb-20e2-455e-b706-9a720e9b32d2, 008d7a48-0864-4202-9a4e-b5d4f3c08e8b, 9220d7b6-6427-4d22-a558-a36009b9fe76, a6e7224d-da3e-468f-bc51-26331659e06a, e8922989-311f-407b-954d-67767cd97d83, 09430240-0596-4b14-a609-7a05c7fa529b, 6a83890a-d9e9-4f6b-a6c6-90d031785bbf, 93fcc4fd-1b25-416a-b683-713744c5c726, 3936f6c7-3f6c-4205-8cda-3178160b6cd4, 60bb12c1-37e9-418b-b1ac-42c46af0e972, c7c1cc41-589c-4b32-959a-79c9a9866b5f, f4b9eb2c-5b14-4bea-8281-231355e612e7, d0b5ac09-591f-4f39-a325-25c242fe84b2, 85bea403-0b61-48f9-b161-d2cbfc4e5570, 2e735dd9-49fc-472f-b724-aa236936546f, 330c84ea-9e36-4580-903c-e40ee4d6ead6, 2c007eda-a10f-4b12-978f-b439fb02c929, 949a81ac-5df1-4e7b-9f4e-e364b5603e68, 448546e9-833e-4350-826b-ea05064224f7, be57fa17-972a-46b7-bb25-ba2346e6b7e6, 9d3a872f-51cc-46ca-8e01-e57a0a918801, af7fbf78-f10e-40ca-969d-60c0c62f27cf, 696c06e7-a338-4cf5-b9c3-ea8b9e775a94, f1eae455-7c62-4ce6-b8b8-517a60fc0a51, 7a349b09-badc-40a9-a194-83d959aeb50c, fcc23da9-a89a-4c1d-a91d-5ade223cf875, 9c078ceb-5232-4adb-8474-f629ca1edcdd, a2ef8430-00b6-49de-852d-2c72596c5917, 73151e02-dd2a-4509-968e-b9c16ec1c5db, 1c27cf97-b20c-4e40-b1f1-288b721517b3, 57615619-0c1d-41fb-8640-ccec5b3add58, 0305a46a-fe62-4666-9742-f5fe5db890ab, 975927a6-72d3-435e-81a3-cbb931dcb532, ec1a1461-e32e-4259-bef3-7577893b0686, 67c85b3e-8998-4d6c-9029-460580b782ca, 99024585-0a13-4374-860d-112e7debfa29, 5d8388f3-736d-451b-a794-d826453e12e1, 2419e3e0-7246-4e74-a53e-0057f0a656a8, a61751ed-cf1b-4929-bfc4-66e6916bc5d4, 795ee980-90bc-4fc3-bd0c-318c00046a42, 2d02962a-7705-40e3-b5dd-e3217995c239, 65328448-256c-4bf5-a868-732a98b1a3c7, 12c16275-a716-48b9-b563-38401ac5d08f, 3aab0930-86fe-443f-8be9-806335b5ee9c, 0baa8cd7-1eef-4960-aeb4-4128e58efba3, 2fcb504f-8b37-4d26-b7b8-9eca64eeb200, b954a1b6-d613-4012-8bb5-d60ffb9e94e6, 141814bf-48d5-492e-9605-bed1b400d346, 72c8ce33-8c2c-48b6-8bc9-f6acc5fc7822, 45a4ed6e-4f6e-4fd4-8997-864b3a68c85c, b50296d7-76ba-4ab6-873e-3254e94056db, 4700f517-5c5d-483c-81b7-d77aca04991c, ad4b88a5-3018-4770-93dc-ce4c0f530fca, 6f9cd630-0a48-4149-a332-3a13abbe457a, 9468d948-25cc-49d2-a659-167496e0892a, 43cc5638-6dda-4f23-be83-647bac748e70, 9a410816-8a7e-4860-a977-0899cc6d7c20, af1836ee-54e6-4a4e-9cd6-2e5a524670bd, 5e9835e5-d965-43cc-b72a-e8e3edc0e858, 975a23ca-3302-49d0-83bf-5fd1076b2558, b6b54b9c-12fe-4068-a818-850ef5ab2332, 9eb42e23-6f0c-489d-849a-694eda70ee23, e77e093c-d944-4d4c-9143-e67c75c616c5, d57f0e9a-445b-465d-b757-be4f32e75fb9, 1dc0c4a8-0e13-454d-b3cc-16181bdf727d, c789ba79-e5af-49ac-a3bd-1d1de1f5e3a0, 4e986ba0-ca6f-479f-979c-a111d0a2b7dc, 08a14cc3-ca3a-4f4a-ac12-6c21dc50c432, 0a449219-862a-4184-91c1-9af3bb6755c1, e60f86b4-d9b7-47e5-ab2b-5459dbcceccc, 77dff2e3-1436-4612-95bf-ad95275993ca, ba6051ca-b562-41a9-836d-1142de9bbbd6, b9c4389e-4a21-49b1-9988-018b4a47544f, a123ce85-26b5-49e9-b551-363625ce4595, d262c24d-1d6a-4c9a-97db-a721bd27f9db, 0437956b-98e2-4d30-b279-4af9a2285c6c, 58c69cde-570a-4558-bca6-987480110522, 7a4f734e-2c4b-43c4-a127-f5bf9cb43d32, c4a26728-d72b-454c-821d-0f22d2307a4b, 0e69fd2a-7bf7-487b-8da0-6e41a7950fd4, 80e2b528-1c4b-44ee-8428-ce77e967a44d, cec08bf9-4f41-4cbf-88da-bd1643c99b21, 48bc5146-1297-4180-88f9-5d1fce7532b9, bd1bc41b-79a2-4b09-9ca1-b1e26805810c, 5ff06450-cfa0-4e6f-ba87-ca6f412c9b44, a530f576-3070-49da-a359-b0d6c57c821a, befa491a-1c4a-43b8-ad4e-8bfabe03320e, 91cb8050-16a3-493e-b1da-da3227770040, 6ee54fbf-b8ab-40e3-9289-27e6618b1cc1, defe8f9d-26e0-4942-8f0f-a622c9b7514f, f6b5d170-48b9-4f8e-88d4-c84b6668f3bd, ad42c4b0-dfb5-49fb-87bf-7b5d055b6e8e, 45850faa-91a5-4b68-aa30-73767db3456d, fb5459eb-d86b-447e-83d5-0172fbab1ecd, a9c454c8-9493-4622-a499-43d20c525f81, a770759d-66b7-4680-a5e2-727fdb888079, 100ff71c-da18-4182-9672-369324a71bb5, 300fa404-f624-43f1-ad92-d30d42adce8c, 05606e8a-4053-4683-ab95-3903bb2d4efd, 06294fd4-5d1e-498f-9a46-b0631ebcb60e, 2ab7e278-b4e0-42e9-83db-1978d1d4f947, ef9afcb3-ceaf-44cc-8951-2cde2c981b62, b2543715-4744-4983-991b-7692e2062de1, dd697b83-1f8b-4811-a789-c61a2008c673, 39d6f354-4fd4-4f0d-91a7-227e664e3f2e, 6c1dc076-d24b-4d0f-93a4-8d8cd041a2c6, 7ccdee1e-c91a-4c93-8bca-d671cab1ee1c, 15281e10-e6bc-48bc-9b1b-94402f83699b, b452bdf0-e8ee-4cab-9b71-cf46e4aaf4d5, cdcc5266-d485-4262-acfa-f69a9737892b, 3b94c985-903b-45db-89a2-24d3d4459509, 2cb3bddf-be92-4272-aaa7-c00522f64ae2, 1aa97b93-37fb-4af5-971b-7859b3a26e95, 3b17a90a-30ac-4918-aefc-d458840d2202, 5dc6321c-4aad-4c69-bb5f-b0355b43e243, 5c7794c7-c59d-47a4-890e-ed86aab100fc, 801d8ece-5a4c-4ce7-b31b-2ecbd49578fb, fa319820-539c-46f1-82be-9bfb4ef8ddd3, a9d7094a-dabe-42bc-abbe-d703783abd13, c8f6fd3c-d76f-43bd-8ee7-6806fefd657e, ffeea3a6-d969-4a9a-baf0-101da68da3f9, 46726d44-b83a-4f34-bb8b-738f4205af48, 47e1ddae-8f6c-41ae-9bdc-6a2acff86bfa, 829265f6-c85e-4474-aaf2-49f7df8c4fdc, 1f630913-5ee3-402e-888f-b110767cbe8a, 1186f5b2-26f8-4da9-a230-d2acb5f3c5aa, 788b88f5-d957-4152-8a8e-4c8656405b24, 7a01fdb1-c5c0-4833-a252-8593f91eed3d, 14de87bc-38fa-4fc9-9498-2bff202fa08f, 2e3300c6-3a18-4908-b9a9-a955cfcdcfcc, 1321a7ad-20a7-4690-ab79-f8de41483008, 38dc178a-4ddd-401f-afc6-7b0f93637811, a44a829c-4eb6-440e-9166-511ed4699882, 8864af44-c4a2-4862-82de-be58579ac4f3, f5d2a476-c8dd-4ef7-bf6e-8d9016c7f349, 2fc78880-7abb-4708-97f6-923310bb1b10, f00301ea-a6ff-437d-b83d-f18cc5d1a314, 529a23e0-baa8-4824-9554-416ceba464ae, ca35decb-6955-44b5-b2fa-eb4529c3cb5c, e384ec29-136e-4241-9321-49b367b8cbd5, 3211b1db-98b2-47f1-b641-8dedfc38f654, a9d0d70b-f2b8-4493-b6c1-dcdf78548652, 08c468cd-0135-40f4-9961-736f9be3bbcf, 19607b8a-342e-4b79-b471-1efad5f1c3cf, eafbc7e1-f154-46ef-a7f5-5cf4f75d7039, ae883cc3-2dce-41eb-9158-9e4b8aeeb20e, ff6e7987-c84d-4147-8de1-e8acf8a93df7, 2c398adb-228f-4149-a751-e7aebb0a3b17, 4e73dd4e-0e2b-4a11-8f5b-658619b08027, 4d6c43f8-1274-4a6e-9208-6a965859773c, 9e49825f-6567-4ede-90d5-46a1af9a127f, 919f29bf-d153-400c-a04a-4237f5adf116, c4fa4a10-d95c-4b41-81bb-8ad16c40b5db, e6c79838-cec7-4a14-ad17-2c065e8836e2, 5c37a504-0ed8-49c1-a6a9-d237d90664e3, 256100cc-5bc2-4ad7-9cef-a526694e39f8, 653423d3-218a-413a-9dac-7f4088d6bafb, e2fe50c0-3e30-4421-8f92-b5e9e261a41a, 8d5fb38c-aac2-4787-a782-f2476bb2a13d, 8642418f-15b0-4373-8f06-a61b32800368, fdab1161-53cc-433f-8c1f-636130bbaba1, f58003d3-0e1a-452d-9c9a-b7373ae1d163, 95446444-dbd0-4db8-ab51-887423ed1d5e, b4edb070-fa34-449a-b082-cf2db0dc04b2, 24cc4a1f-4704-47e3-aee0-867955abac03, bd4e7054-4043-4acf-9a49-7d883152189d, 83568c85-7264-4e45-8a2e-eeb246118465, 7c3fbe06-7d31-49b6-986f-3be196b84687, 564f0976-781b-44e7-96c8-7377097d0101, 47c45f11-fc4e-4bba-a94a-2f6477c9bed0, f4d46a04-e9dc-4cb1-a383-af5c2a6413d6, cbd5caa8-568d-408e-909f-056c32d6b75a, 0819b74d-b28a-4702-90a2-9d205dd9fc5e, a4a90685-5ce6-4c6f-9fd3-0316c052bb0a, 1a732119-0975-4bc2-8077-cb2ae8d249af, d135be48-a247-4c36-9312-2fb3095ef1b0, e06765a8-fc9e-4150-97cd-00fac0c4f192, ac1e6c6a-9403-45b1-902e-60f4b6914854, 5b90df37-0b8b-44d6-abdb-6fad31217c26, 331e9697-e660-475c-9635-0225715d5ecd, fb524327-dbe8-4a11-af93-750c1d8f4e8e, d6603499-ce89-43ba-b8aa-2b0c54a80f0f, 4dfa6150-96e9-4355-835c-dcefefffca17, 1c6341f3-ca86-4f0a-ba3c-5f2ecc924bc3, 72173a3b-8b0a-47dd-9d30-89ddba27d23a, b86bc382-014a-4819-8caa-929cdd3907b6, 98d5eb95-731f-449c-8588-99e86416f789, 54cb252a-78b5-463d-b31f-f54f63d85a29, 8d477e04-3bab-4ad9-8fe3-799059238a9c, 5dc238f3-93be-4fbe-ab76-ec09c9cdcbd3, 91266575-23d3-4ce6-91b1-5d0ad7c3936d, c48c4f8d-b3c7-4d3f-82c4-84091bd4e401, 50f85bf5-c153-4611-bf35-2f781ae4e234, f1310ff3-c7b1-4f72-8a9e-e86355e8b9a7, 1e3ec64f-03ef-4816-be19-183c9190e553, bf44b8ea-c737-4eec-a51b-01006202f303, 4cc755cb-960f-4bab-bc78-6ef3972c1ec8, b79a9385-ab79-4949-a953-2320bfb28bc0, c0aeccfe-08b8-4201-9eba-0fc4c5bd2b71, 83506762-b582-4b54-8899-edc979d27891, 90bbe66f-f368-430d-b30a-9744fd116ba6, cfad0a74-0516-4ba1-9a37-de5e31ae8a4e, 5acaac71-a0c9-4d6f-897d-308409a37f01, 367b7f24-f9fc-4e51-9796-87852fffe0b6, f063447f-84b6-46a6-b21e-d7db6ed5ff8a, 7ccbc5e9-84bb-4117-930f-190f68c17e78, 8b2e0b2e-0ac0-4ea6-8633-02fca6f88e66, 5a867ffb-7227-416d-a286-f73c9ee6a4af, 04da7431-ee18-4bb6-895c-7dae95a89861, 999f8b86-8f29-44b5-942a-79d1174efb6b, a76dc579-5e75-4d29-84ec-0e8b7cf477e5, 3cd06f5f-a3bb-4589-a592-07a1c6121a99, 2a6d85db-5d21-4958-af4d-42dcaab01dae, 933da0c7-de91-4ba9-9079-8515ee2a28c9, 6144af8d-bd8e-415b-9cc6-b463c6de4bed, a2200d09-93d3-406a-93f0-b29d93b9cb0d, b452eb68-8668-474e-9800-35f0835c993e, 104f9a7d-f159-441d-bbed-665534a7211a, 3250d2e5-a83a-4955-9dd3-d97a25c278b5, 1b7ff567-9910-4c51-945e-aca71a45687e, 35110270-e854-4d06-8e99-a8174cceb785, e50824c3-edd2-4c85-acd7-44bda3346e5e, 1dfa6f3f-4c8a-4eea-8c96-1c6b5e6f179e, 120a7b88-a7a8-42c9-85a2-7c25c5477384, fd3c2179-09b0-4b2c-96a9-2d8822f28851, f0d952ab-7ea3-4d14-be0a-659c72d5c6ac, 11e99467-b34d-48e8-a24a-b12a1ff2aeef, 0ed208f9-de0c-4eb8-b388-fae371891670, 074b796e-4a70-4604-9b50-3713505a1275, 04a6688f-bb07-4dfa-a1bb-432bf540f841, 1045a19a-a686-47b8-aa54-33c1063613d6, 47d4edeb-7705-4e8c-a380-777d52b0ef2d, 301c798c-d743-4550-8ef2-5181bff398ec, 255e1677-8abb-47d5-9480-915bc1fce36c, 97ac6c4c-5b3d-4e36-9816-0791226573e5, 9badf11d-5739-4010-9bf4-c4e5458b5185, 8c5ff9e0-64e1-4e28-b923-d9564087c193, ece7f38e-1744-4885-83d9-2ffb89e40b11, 029c4dd9-4231-469e-8eca-3de5f05ea046","1656679712877, 1656680337410, 1656680729356, 1656680749633, 1656681466486, 1656682476685, 1656695446996, 1657030874364, 1657031085395, 1657042377392, 1657044653087, 1657050242454, 1657050921909, 1657111153720, 1657114148523, 1657116226655, 1657116325509, 1657122279946, 1657122302195, 1657124008799, 1657124578932, 1657124602887, 1657129859136, 1657129959894, 1657130083278, 1657130141232, 1657136998846, 1657139673001, 1657204763550, 1657204959522, 1657207237815, 1657208195462, 1657208309342, 1657208648928, 1657217811697, 1657217878095, 1657218346897, 1657221510279, 1657285404274, 1657290969996, 1657290987254, 1657291141070, 1657291306708, 1657291319707, 1657291609660, 1657291625770, 1657291708146, 1657291927260, 1657547161117, 1657549642763, 1657550239793, 1657560922457, 1657561105889, 1657561153729, 1657561170064, 1657561209919, 1657561405679, 1657561440377, 1657561680870, 1657629668910, 1657634907863, 1657635593372, 1657635758709, 1657635816646, 1657636045873, 1657636243828, 1657636308135, 1657637214975, 1657637398241, 1657637465292, 1657637895645, 1657718434816, 1657719114262, 1657719268737, 1657719303533, 1657726326683, 1657726416928, 1657726735225, 1657726772207, 1657726796218, 1657726917947, 1657726967567, 1657727032143, 1657727049085, 1657727085239, 1657727279787, 1657727391061, 1657727983540, 1657743651486, 1657745065521, 1657805819784, 1657810068055, 1657810094499, 1657810315781, 1657810966083, 1657811041957, 1657811098516, 1657811265848, 1657825502709, 1657889976683, 1657890144641, 1657897193902, 1657900761155, 1657900965288, 1657901129765, 1657907064493, 1657907184456, 1657907341287, 1657907381885, 1657914110116, 1657914403957, 1658148485223, 1658149984602, 1658150145381, 1658153453058, 1658155310977, 1658155426988, 1658155498479, 1658156787630, 1658156862113, 1658157015911, 1658157048569, 1658157159252, 1658158005299, 1658158372177, 1658158403253, 1658158414961, 1658158484465, 1658158900030, 1658159062044, 1658159117068, 1658173432854, 1658173559299, 1658173746734, 1658173773003, 1658235085865, 1658235282537, 1658235363759, 1658236734700, 1658237460993, 1658237528689, 1658245528858, 1658245608467, 1658245632483, 1658245823850, 1658246020926, 1658246075732, 1658263366354, 1658325051662, 1658325504786, 1658325618506, 1658325691914, 1658328334883, 1658328910982, 1658329090727, 1658330265245, 1658330302413, 1658330360779, 1658330401201, 1658330454303, 1658330707036, 1658330845974, 1658407678800, 1658407955598, 1658408028354, 1658409167195, 1658409256529, 1658411187485, 1658412886508, 1658412929967, 1658413414000, 1658413563264, 1658413583326, 1658413607006, 1658413680115, 1658413924718, 1658436505528, 1658497443721, 1658497478909, 1658497569121, 1658497919032, 1658497934466, 1658498123139, 1658498329698, 1658498414166, 1658498475716, 1658498522694, 1658498908197, 1658498948466, 1658499118467, 1658499146514, 1658499240428, 1658515597167, 1658515622245, 1658757506693, 1658757655583, 1658758096938, 1658758303617, 1658759742714, 1658759814073, 1658759821580, 1658760110192, 1658760306817, 1658760920968, 1658761388120, 1658761484206, 1658761546652, 1658761659784, 1658761784972, 1658781600269, 1658781822681, 1658839532316, 1658840570210, 1658843047934, 1658843531391, 1658843602915, 1658845691697, 1658846256708, 1658846328381, 1658847007018, 1658847060065, 1658847122899, 1658847201577, 1658847528274, 1658847536262, 1658847685579, 1658847731450, 1658848008126, 1658848154788, 1658848558832, 1658865817412, 1658865938840, 1658936699877, 1658936926673, 1658937747387, 1658949093440, 1658949206825, 1658949357193, 1658952477153, 1658953853160, 1658953982946, 1659016665133, 1659016923722, 1659018195879, 1659019436130, 1659019897903, 1659019994528, 1659020025916, 1659020456832, 1659021019177, 1659021067120, 1659100744125, 1659100939701, 1659101398029, 1659101572903, 1659102646923, 1659102724301, 1659106343472, 1659114388537, 1659121282750, 1659121292594, 1659360322644, 1659360631260, 1659361055241, 1659361293077, 1659361445900, 1659361465173, 1659361528266, 1659361535795, 1659361564591, 1659361609780, 1659361628504, 1659362614603, 1659362885354, 1659447413207, 1659447621685, 1659448007264, 1659448718640, 1659448860090, 1659449030121, 1659449043760, 1659449197434, 1659449294132, 1659449311934, 1659449513444, 1659449621917, 1659449680619, 1659450595336, 1659467515003, 1659467678648, 1659468117958, 1659473775818, 1659539367946, 1659539515930, 1659539921017, 1659540042014, 1659548020890, 1659548056370, 1659548094551, 1659548111994, 1659548226911, 1659548485354, 1659549042790, 1659549071195, 1659549514805, 1659549935298, 1659559111995, 1659559501053, 1659559618265, 1659616332460, 1659618641475, 1659618711063, 1659619235148, 1659619458202, 1659619636967, 1659619793748, 1659619882608, 1659619914128, 1659620684110, 1659705789991, 1659710241879, 1659710473838, 1659710488096, 1659710698428, 1659712340518, 1659712380747, 1659712812429, 1659714769223, 1659724781234, 1659724915531, 1659725036822, 1659725066025, 1659725461698, 1659725525251, 1659725603698, 1659725748544, 1659730343911, 1659964228032, 1659964267734, 1659965581509, 1659965633950, 1659966244488, 1659966264718, 1659966282539, 1659966347768, 1659966461076, 1659966497404, 1659983531275, 1659988113511, 1659988234341, 1659988292262, 1659988307472, 1659992044672, 1660051433434, 1660051598400, 1660051651172, 1660052022107, 1660052080238, 1660052116476, 1660052503092, 1660052570159, 1660065983949, 1660066385570, 1660066543214, 1660078170574, 1660078277936, 1660136054694, 1660137219075, 1660137353711, 1660137551715, 1660138098691, 1660138221409, 1660138841249, 1660139109356, 1660139198752, 1660160941354, 1660161096822, 1660225693755, 1660225921513, 1660226032470, 1660226064881, 1660227407209, 1660227684647, 1660228089119, 1660228151222, 1660228335325, 1660228535457, 1660235799867, 1660237534350, 1660241396285, 1660241555538, 1660242736113, 1660243121057, 1660309290456, 1660312305384, 1660312361930, 1660312416039, 1660312599058, 1660314798876, 1660314989288, 1660315156752, 1660336983288","6, 2, 0, 1, 2, 2, 13, 1, 0, 1, 1, 0, 0, 0, 2, 0, 0, 0, 1, 0, 0, 0, 2, 0, 2, 0, 0, 0, 0, 0, 0, 4, 0, 0, 2, 17, 6, 0, 0, 0, 2, 4, 0, 2, 0, 0, 0, 0, 8, 8, 13, 0, 2, 0, 0, 0, 2, 0, 0, 83, 1, 14, 9, 10, 0, 0, 0, 6, 6, 0, 0, 18, 2, 0, 16, 7, 8, 2, 1, 10, 4, 6, 0, 8, 9, 0, 22, 2, 6, 1, 17, 0, 12, 0, 2, 2, 2, 2, 7, 8, 3, 3, 16, 14, 0, 0, 4, 0, 2, 0, 0, 4, 22, 2, 2, 4, 4, 0, 10, 0, 0, 6, 4, 2, 0, 0, 4, 2, 1, 0, 2, 4, 10, 0, 0, 0, 0, 0, 0, 2, 2, 3, 0, 0, 0, 2, 6, 0, 2, 0, 0, 0, 8, 0, 6, 0, 0, 0, 11, 6, 0, 0, 2, 2, 3, 1, 0, 3, 0, 5, 0, 0, 0, 0, 4, 2, 8, 2, 10, 18, 0, 2, 0, 2, 0, 0, 4, 0, 8, 0, 0, 12, 0, 0, 10, 0, 0, 0, 6, 0, 10, 2, 0, 0, 4, 0, 0, 17, 0, 0, 5, 1, 8, 2, 4, 4, 0, 2, 4, 2, 6, 10, 0, 0, 7, 0, 11, 13, 0, 0, 5, 2, 10, 2, 0, 0, 2, 0, 0, 9, 2, 0, 8, 4, 0, 7, 0, 12, 4, 1, 4, 0, 24, 0, 50, 10, 4, 0, 2, 0, 0, 14, 8, 2, 6, 0, 2, 1, 0, 3, 0, 0, 7, 0, 2, 2, 6, 2, 2, 0, 0, 4, 0, 4, 10, 2, 1, 0, 4, 6, 0, 12, 8, 0, 4, 2, 0, 2, 0, 4, 2, 20, 0, 0, 2, 0, 5, 2, 6, 2, 0, 0, 4, 0, 0, 0, 0, 0, 1, 8, 6, 0, 0, 18, 2, 22, 12, 2, 6, 2, 2, 0, 0, 6, 24, 4, 8, 4, 3, 3, 16, 0, 0, 6, 12, 4, 2, 2, 25, 0, 0, 0, 7, 5, 8, 4, 0, 0, 6, 0, 20, 20, 4, 2, 1, 0, 1, 20, 2, 1, 20, 8, 0, 0, 10, 0, 2, 2, 2, 0, 2, 34, 0, 8, 14, 10, 32, 2, 1, 10, 2, 2, 2, 15, 4, 8, 0, 4, 6, 4, 2, 5","75119, 82507, 10000, 130000, 62143, 97340, 104694, 82798, 49521, 330000, 30000, 29855, 30034, 67126, 40000, 78447, 12516, 17115, 80000, 64340, 18163, 80000, 43560, 68144, 62941, 28010, 70156, 182319, 40000, 40000, 13726, 29589, 30624, 46787, 47801, 119994, 151532, 20171, 85340, 10962, 24511, 42453, 8450, 66582, 9497, 10000, 34415, 18710, 110000, 273761, 236419, 36010, 42029, 12340, 19271, 30570, 24391, 17777, 24009, 239358, 429531, 151697, 46325, 69169, 330000, 44805, 23150, 38075, 59009, 8009, 38079, 92072, 68639, 23211, 329586, 87268, 87433, 14782, 15005, 42490, 44467, 55486, 6608, 21025, 56853, 10746, 250000, 40724, 44634, 250000, 240000, 14533, 81447, 10000, 20252, 17634, 114886, 43024, 123989, 101243, 163321, 471064, 173999, 94363, 28102, 15032, 68502, 21246, 24608, 200000, 250000, 90000, 115048, 63154, 88672, 65109, 59440, 8947, 60471, 12114, 25019, 107028, 90000, 29115, 27699, 7342, 63341, 34906, 6124, 47658, 130220, 60879, 112820, 21016, 12126, 44960, 63623, 100000, 28663, 60939, 85790, 60410, 10957, 17940, 16776, 50963, 43937, 27330, 47512, 45724, 67210, 9038, 130000, 81419, 100000, 34509, 14654, 35850, 40922, 69232, 32358, 7168, 102836, 50549, 63393, 79711, 80964, 53618, 34060, 75714, 80494, 16546, 8148, 16954, 91312, 41204, 122366, 28121, 85678, 86946, 8349, 39193, 38730, 72862, 56926, 23509, 138584, 34962, 92939, 24158, 8013, 65737, 14215, 24396, 136361, 40000, 90000, 80000, 66737, 10000, 99200, 21214, 37871, 70000, 76247, 54968, 16201, 120305, 15221, 100000, 98066, 130000, 114485, 64122, 67971, 66748, 12704, 63252, 66704, 29954, 57150, 49912, 35907, 5461, 149339, 23466, 140000, 119823, 13408, 47779, 87940, 59785, 221519, 104066, 70000, 19966, 48564, 21382, 12360, 130367, 14895, 40000, 68671, 109802, 5921, 92179, 17594, 72752, 180000, 5715, 78233, 7038, 310000, 14967, 233976, 71563, 78470, 33581, 57249, 10000, 85324, 168677, 180000, 20646, 116813, 12617, 53068, 23905, 5811, 52310, 7416, 46607, 210370, 11324, 34635, 42837, 160313, 80000, 58399, 10589, 23408, 84814, 13930, 52154, 98286, 54476, 30000, 88227, 110726, 104221, 8501, 165066, 142281, 176362, 94664, 49156, 11053, 23776, 9594, 59527, 47310, 130516, 21512, 5926, 70000, 26150, 160000, 70000, 50000, 110000, 56023, 36242, 60193, 20889, 42673, 32630, 19508, 44707, 9141, 77975, 66320, 6738, 20503, 160283, 22876, 190000, 110000, 30000, 62928, 30000, 26380, 7594, 5136, 66272, 124784, 34519, 40000, 33547, 77552, 52757, 133015, 8893, 11235, 40208, 89994, 33286, 61766, 11431, 157732, 5832, 9525, 30000, 41858, 67635, 46407, 52305, 20994, 28609, 47881, 10000, 183453, 134386, 41057, 64893, 55483, 96448, 76965, 88931, 87342, 40000, 123006, 83451, 10000, 31320, 98037, 34454, 75315, 36875, 40670, 24758, 40893, 240526, 26913, 57954, 111512, 190137, 140361, 63510, 50000, 127335, 50000, 55672, 32915, 262007, 53137, 36051, 15344, 32939, 67723, 36567, 29205, 88785","60.59, 62.92, 22.52, 41.53, 67.0, 58.88, 55.1, 54.44, 39.15, 100.0, 44.75, 20.78, 55.34, 44.84, 20.4, 72.09, 33.68, 41.81, 49.19, 46.91, 37.17, 37.43, 53.9, 52.04, 44.29, 29.31, 71.48, 65.35, 34.81, 38.01, 17.73, 22.95, 40.81, 58.46, 43.82, 55.6, 63.72, 38.69, 54.27, 32.82, 43.84, 49.99, 21.25, 60.85, 27.69, 21.17, 44.25, 45.54, 69.23, 57.41, 53.95, 65.15, 42.41, 35.61, 26.52, 25.62, 28.54, 37.44, 19.97, 60.0, 56.22, 69.22, 41.16, 29.85, 69.49, 22.85, 25.73, 41.4, 56.73, 18.61, 20.37, 47.77, 51.3, 37.2, 84.18, 50.96, 60.27, 31.93, 25.18, 49.69, 43.79, 55.47, 20.6, 38.62, 55.86, 44.14, 68.43, 54.45, 44.02, 41.1, 65.84, 27.85, 53.19, 8.0, 29.7, 45.91, 68.75, 53.37, 65.28, 59.61, 44.91, 72.75, 66.28, 56.44, 47.01, 28.79, 59.22, 43.02, 48.52, 81.96, 62.0, 16.08, 54.97, 69.28, 62.24, 42.83, 48.93, 24.51, 55.06, 38.3, 39.9, 63.26, 48.09, 42.42, 51.55, 21.77, 40.27, 51.6, 60.8, 46.34, 72.01, 50.51, 57.38, 44.01, 50.0, 51.14, 58.93, 64.55, 39.51, 52.19, 65.99, 60.45, 22.86, 45.56, 40.0, 47.19, 39.9, 44.5, 51.37, 57.17, 38.78, 9.52, 48.07, 49.82, 18.18, 42.29, 37.1, 27.04, 41.18, 58.51, 40.13, 27.87, 59.79, 42.77, 42.93, 59.45, 61.35, 51.64, 49.29, 66.65, 67.5, 43.58, 28.06, 37.45, 46.16, 59.42, 53.95, 43.02, 72.53, 69.94, 22.79, 47.83, 52.78, 44.66, 56.22, 51.11, 62.33, 53.26, 52.33, 43.44, 42.66, 40.7, 30.45, 35.75, 35.65, 37.24, 67.08, 49.53, 63.28, 13.04, 60.89, 34.51, 55.46, 48.35, 43.65, 51.96, 45.33, 50.65, 16.65, 50.54, 51.27, 11.97, 59.13, 55.73, 70.42, 51.36, 37.29, 58.88, 62.06, 36.88, 51.78, 44.51, 57.27, 12.35, 44.87, 27.3, 56.29, 58.06, 36.45, 53.27, 64.23, 39.56, 67.49, 71.38, 41.87, 49.5, 43.37, 32.74, 23.59, 58.9, 32.31, 55.11, 52.68, 59.97, 23.81, 56.28, 26.08, 57.05, 65.52, 15.09, 48.71, 41.69, 69.82, 42.49, 67.16, 58.16, 50.37, 46.86, 76.85, 17.3, 42.69, 53.36, 54.95, 47.08, 54.78, 31.36, 54.88, 66.64, 12.68, 65.71, 20.75, 44.09, 85.15, 46.54, 52.09, 49.38, 74.03, 54.74, 48.29, 30.64, 67.58, 62.31, 41.22, 48.35, 61.23, 67.56, 53.61, 64.24, 66.3, 51.99, 22.18, 36.8, 62.66, 60.02, 67.09, 61.57, 20.73, 36.76, 24.39, 50.91, 51.52, 51.1, 30.54, 31.54, 40.92, 40.84, 55.5, 56.13, 40.41, 55.1, 62.86, 56.77, 46.7, 36.21, 43.79, 48.89, 47.52, 59.84, 33.37, 57.36, 75.31, 31.49, 45.36, 65.88, 38.24, 63.14, 39.16, 46.15, 41.41, 28.0, 41.52, 23.31, 22.46, 43.18, 59.26, 44.27, 20.48, 48.37, 58.47, 47.89, 63.35, 16.04, 29.54, 48.48, 51.19, 44.32, 59.71, 17.9, 49.72, 41.07, 29.53, 26.6, 50.9, 50.86, 46.72, 46.96, 38.66, 52.16, 39.89, 13.32, 71.03, 45.85, 41.62, 47.29, 36.35, 72.79, 66.78, 53.59, 59.73, 20.15, 43.65, 63.28, 13.67, 51.75, 51.02, 45.22, 56.8, 32.51, 23.57, 45.97, 42.04, 79.39, 41.47, 62.93, 59.04, 62.87, 53.42, 54.71, 56.93, 54.55, 31.52, 41.86, 54.59, 52.93, 26.13, 38.06, 43.13, 57.35, 43.15, 50.15, 33.01, 40.18","1, 1, 1, 1, 1, 1, 1, 1, 1, 1, 1, 1, 1, 1, 1, 1, 1, 1, 1, 1, 1, 1, 1, 1, 2, 1, 1, 1, 1, 1, 1, 1, 1, 1, 1, 1, 1, 1, 1, 1, 1, 1, 1, 1, 1, 1, 1, 1, 1, 2, 4, 1, 1, 1, 1, 1, 1, 1, 1, 1, 2, 1, 1, 2, 1, 1, 1, 1, 1, 1, 1, 1, 1, 1, 1, 1, 1, 1, 1, 1, 1, 1, 1, 1, 1, 1, 1, 1, 1, 2, 1, 1, 1, 1, 1, 1, 2, 1, 1, 1, 1, 2, 1, 1, 1, 1, 1, 1, 1, 2, 1, 1, 1, 1, 1, 1, 1, 1, 1, 1, 1, 1, 1, 1, 1, 1, 1, 1, 1, 1, 1, 1, 1, 1, 1, 1, 1, 1, 1, 1, 2, 1, 1, 1, 1, 1, 2, 1, 1, 1, 1, 1, 1, 1, 1, 1, 1, 1, 1, 1, 1, 1, 1, 1, 1, 1, 1, 1, 1, 1, 1, 1, 1, 1, 1, 1, 1, 1, 1, 1, 1, 1, 1, 1, 1, 1, 1, 1, 1, 1, 1, 1, 1, 1, 2, 1, 1, 1, 1, 1, 1, 1, 1, 1, 1, 1, 1, 1, 1, 1, 1, 1, 1, 1, 1, 1, 1, 1, 1, 1, 1, 1, 1, 1, 1, 2, 1, 1, 1, 1, 1, 1, 1, 1, 1, 1, 1, 1, 1, 1, 1, 1, 1, 1, 1, 1, 1, 1, 1, 1, 1, 1, 1, 1, 1, 1, 1, 1, 1, 1, 1, 1, 1, 1, 1, 1, 1, 1, 1, 1, 1, 1, 1, 1, 1, 1, 1, 1, 1, 1, 1, 1, 1, 1, 1, 1, 1, 1, 1, 1, 1, 2, 1, 1, 1, 1, 1, 1, 1, 1, 1, 1, 1, 1, 1, 1, 2, 1, 1, 1, 1, 1, 1, 1, 1, 1, 1, 1, 1, 1, 1, 1, 1, 1, 1, 1, 1, 1, 1, 1, 1, 1, 1, 1, 1, 1, 1, 1, 1, 1, 1, 1, 1, 1, 1, 1, 1, 1, 1, 1, 1, 1, 1, 1, 2, 1, 1, 1, 1, 1, 1, 1, 1, 1, 1, 1, 1, 1, 1, 1, 1, 1, 1, 1, 1, 1, 1, 1, 1, 1, 1, 1, 1, 1, 1, 1, 1, 1, 1, 1, 1, 1, 1, 2, 1, 1, 1, 1, 1, 1, 1, 1","1656679712877, 1656680337410, 1656680729356, 1656680749633, 1656681466486, 1656682476685, 1656695446996, 1657030874364, 1657031085395, 1657042377392, 1657044653087, 1657050242454, 1657050921909, 1657111153720, 1657114148523, 1657116226655, 1657116325509, 1657122279946, 1657122302195, 1657124008799, 1657124578932, 1657124602887, 1657129859136, 1657129959894, 1657130083278, 1657130141232, 1657136998846, 1657139673001, 1657204763550, 1657204959522, 1657207237815, 1657208195462, 1657208309342, 1657208648928, 1657217811697, 1657217878095, 1657218346897, 1657221510279, 1657285404274, 1657290969996, 1657290987254, 1657291141070, 1657291306708, 1657291319707, 1657291609660, 1657291625770, 1657291708146, 1657291927260, 1657547161117, 1657549642763, 1657550239793, 1657560922457, 1657561105889, 1657561153729, 1657561170064, 1657561209919, 1657561405679, 1657561440377, 1657561680870, 1657629668910, 1657634907863, 1657635593372, 1657635758709, 1657635816646, 1657636045873, 1657636243828, 1657636308135, 1657637214975, 1657637398241, 1657637465292, 1657637895645, 1657718434816, 1657719114262, 1657719268737, 1657719303533, 1657726326683, 1657726416928, 1657726735225, 1657726772207, 1657726796218, 1657726917947, 1657726967567, 1657727032143, 1657727049085, 1657727085239, 1657727279787, 1657727391061, 1657727983540, 1657743651486, 1657745065521, 1657805819784, 1657810068055, 1657810094499, 1657810315781, 1657810966083, 1657811041957, 1657811098516, 1657811265848, 1657825502709, 1657889976683, 1657890144641, 1657897193902, 1657900761155, 1657900965288, 1657901129765, 1657907064493, 1657907184456, 1657907341287, 1657907381885, 1657914110116, 1657914403957, 1658148485223, 1658149984602, 1658150145381, 1658153453058, 1658155310977, 1658155426988, 1658155498479, 1658156787630, 1658156862113, 1658157015911, 1658157048569, 1658157159252, 1658158005299, 1658158372177, 1658158403253, 1658158414961, 1658158484465, 1658158900030, 1658159062044, 1658159117068, 1658173432854, 1658173559299, 1658173746734, 1658173773003, 1658235085865, 1658235282537, 1658235363759, 1658236734700, 1658237460993, 1658237528689, 1658245528858, 1658245608467, 1658245632483, 1658245823850, 1658246020926, 1658246075732, 1658263366354, 1658325051662, 1658325504786, 1658325618506, 1658325691914, 1658328334883, 1658328910982, 1658329090727, 1658330265245, 1658330302413, 1658330360779, 1658330401201, 1658330454303, 1658330707036, 1658330845974, 1658407678800, 1658407955598, 1658408028354, 1658409167195, 1658409256529, 1658411187485, 1658412886508, 1658412929967, 1658413414000, 1658413563264, 1658413583326, 1658413607006, 1658413680115, 1658413924718, 1658436505528, 1658497443721, 1658497478909, 1658497569121, 1658497919032, 1658497934466, 1658498123139, 1658498329698, 1658498414166, 1658498475716, 1658498522694, 1658498908197, 1658498948466, 1658499118467, 1658499146514, 1658499240428, 1658515597167, 1658515622245, 1658757506693, 1658757655583, 1658758096938, 1658758303617, 1658759742714, 1658759814073, 1658759821580, 1658760110192, 1658760306817, 1658760920968, 1658761388120, 1658761484206, 1658761546652, 1658761659784, 1658761784972, 1658781600269, 1658781822681, 1658839532316, 1658840570210, 1658843047934, 1658843531391, 1658843602915, 1658845691697, 1658846256708, 1658846328381, 1658847007018, 1658847060065, 1658847122899, 1658847201577, 1658847528274, 1658847536262, 1658847685579, 1658847731450, 1658848008126, 1658848154788, 1658848558832, 1658865817412, 1658865938840, 1658936699877, 1658936926673, 1658937747387, 1658949093440, 1658949206825, 1658949357193, 1658952477153, 1658953853160, 1658953982946, 1659016665133, 1659016923722, 1659018195879, 1659019436130, 1659019897903, 1659019994528, 1659020025916, 1659020456832, 1659021019177, 1659021067120, 1659100744125, 1659100939701, 1659101398029, 1659101572903, 1659102646923, 1659102724301, 1659106343472, 1659114388537, 1659121282750, 1659121292594, 1659360322644, 1659360631260, 1659361055241, 1659361293077, 1659361445900, 1659361465173, 1659361528266, 1659361535795, 1659361564591, 1659361609780, 1659361628504, 1659362614603, 1659362885354, 1659447413207, 1659447621685, 1659448007264, 1659448718640, 1659448860090, 1659449030121, 1659449043760, 1659449197434, 1659449294132, 1659449311934, 1659449513444, 1659449621917, 1659449680619, 1659450595336, 1659467515003, 1659467678648, 1659468117958, 1659473775818, 1659539367946, 1659539515930, 1659539921017, 1659540042014, 1659548020890, 1659548056370, 1659548094551, 1659548111994, 1659548226911, 1659548485354, 1659549042790, 1659549071195, 1659549514805, 1659549935298, 1659559111995, 1659559501053, 1659559618265, 1659616332460, 1659618641475, 1659618711063, 1659619235148, 1659619458202, 1659619636967, 1659619793748, 1659619882608, 1659619914128, 1659620684110, 1659705789991, 1659710241879, 1659710473838, 1659710488096, 1659710698428, 1659712340518, 1659712380747, 1659712812429, 1659714769223, 1659724781234, 1659724915531, 1659725036822, 1659725066025, 1659725461698, 1659725525251, 1659725603698, 1659725748544, 1659730343911, 1659964228032, 1659964267734, 1659965581509, 1659965633950, 1659966244488, 1659966264718, 1659966282539, 1659966347768, 1659966461076, 1659966497404, 1659983531275, 1659988113511, 1659988234341, 1659988292262, 1659988307472, 1659992044672, 1660051433434, 1660051598400, 1660051651172, 1660052022107, 1660052080238, 1660052116476, 1660052503092, 1660052570159, 1660065983949, 1660066385570, 1660066543214, 1660078170574, 1660078277936, 1660136054694, 1660137219075, 1660137353711, 1660137551715, 1660138098691, 1660138221409, 1660138841249, 1660139109356, 1660139198752, 1660160941354, 1660161096822, 1660225693755, 1660225921513, 1660226032470, 1660226064881, 1660227407209, 1660227684647, 1660228089119, 1660228151222, 1660228335325, 1660228535457, 1660235799867, 1660237534350, 1660241396285, 1660241555538, 1660242736113, 1660243121057, 1660309290456, 1660312305384, 1660312361930, 1660312416039, 1660312599058, 1660314798876, 1660314989288, 1660315156752, 1660336983288"
38cf9beb2765dda4c4212fcefb7abcccd153dbf6b5d6a4d2dfbcd86701d159f6,Non-Logged,176,"c75f6c0a-e828-46d1-b946-be3930329072, c9725c52-abb7-4540-8134-112ef3ff8851, f54a8d4c-89cd-4aca-ac36-177ede8b0e83, d730c4a6-e8f6-4fde-b73a-afbe148479cd, 59bc4e22-4869-4ee0-9c8d-36e1d524ff9d, 109adb08-8ff3-408b-b828-e16b51788202, 0dd89516-0ca8-4884-90c0-a13b2f69ba37, 83ebda93-e1cf-422d-ae6b-18298c55ed8e, 6d2b48fe-1ada-48c9-a508-73e19e83069d, 1f2b9c2f-a2d2-4192-b009-09065da8ec23, 71de78af-e13a-4e35-8b10-7fb4f17a400e, 2b4f0f8f-ab7b-45e7-8a8a-353e0aa41249, 3c787cdc-99f7-4001-94ac-4edb2e971b94, 1f0fd9b2-4605-4ea3-a7a4-becf87e5d00e, 1e24d7b6-0664-481f-8d23-eff267ceeda0, b7d8870c-3d65-488f-9ba8-885dc68c62ad, aeab0e46-f1e4-41e9-821b-571255c41f69, 5150d895-34e7-4332-a634-1fc238af56c9, 5faf1d46-b83c-48a2-b125-07c976f7c463, 799eb629-9b06-4adb-912e-24b1625d98b0, 8634c420-35d5-4d2d-af72-542ade25b3d7, d173164f-dcfc-4e32-8006-64ab44a57c66, 320d7616-8c9f-4047-a09b-bb1eaedf8aad, 1e1b3876-eac3-4aab-aac9-6e9eea85d449, 3137f551-87d2-48b6-82bf-48b2bf11e643, 598ed114-fd5a-4d82-90d8-f1e893cb0892, d57eb581-2a59-40d8-a0c0-972d96276025, 6110a74b-265a-41b4-b40e-e9c94842006c, 5e0e0692-d30c-4fa2-8da8-3fd00a39290f, e1c41007-6658-4e86-ba0e-eac67a8bd0c2, 286428b0-dd16-46e6-8189-2908a23967ea, f37dcf82-a964-4962-839f-f6de86e433a9, d7f17a3c-3885-4b47-95a8-c4204a3698f5, 2008f497-c05f-49e0-88dd-86aa1e395f15, a1c96be2-5708-4bb3-861a-659123ade1cc, 368a886b-7729-4caf-be9d-aa9b7a89d0aa, a2a751a1-e3f6-49ee-8473-afe99cda24a0, 2a9226ae-a3a7-40b5-b800-ebabe6229a29, 242a3ced-bcbe-4083-8099-eae08787ebbd, fa816a9e-7251-4c45-aa95-252a3f1cea63, cd550092-66e3-4156-a8ba-e842d03e4a50, 6e5ae05a-ccc9-4384-85b8-9fa1d871ba1b, c4789e51-c882-44e9-b133-2d435af16d54, 3fb7858c-33f9-412a-b0cc-c847df3e2be0, 99cee40b-98dd-49a0-b741-41296aaea59e, 761156f0-cd9c-4d2e-b685-2f486fce60a3, 82206221-05a0-4f89-aa10-e8c8dc0cc418, 450d6500-b3bf-4217-a869-7303a818e226, 3bd9f24b-cb02-4cc4-b6b7-da5c1389463d, d962359d-bdee-4a59-b05b-389209ec5727, 31a56b83-d49e-4ee9-be2b-fe9cee222f0b, ecc37a22-b730-4e3a-bc87-c3ba3403acbc, bfaec416-f227-427d-91ec-fa4c0c45b94c, cee20002-7c68-466a-933e-f8969dc58afc, 43fd70ef-cef3-4822-afcf-c5859b5ff716, 639a4488-9d4e-4a39-8c28-b3a74e56117a, 87b7c93a-809a-4709-8e59-c56b02fec7c2, da41feb2-f5de-4c9b-8b4f-30c050602a41, e3d821f2-fa77-4121-925f-9200f8c9d780, 627745bd-8aaa-4e0a-8d3b-b8ddb503c6ca, 57c8339a-f570-4d5d-8e9d-e79b0d22bf82, c01872c5-243e-43ff-b744-3467c6b3f6ec, 6a7fd0f0-e940-4204-83cb-7f442923a9ed, f82aca8d-3fdb-433b-b245-980d9a040d77, 7a21e220-1c9f-488b-a6b4-53a574bc9cf7, 6ec665b4-dbef-4574-b941-043953679a1b, 62c75a44-c053-4f1f-8cd7-788df09ad65b, 4b715f78-cfb2-4cef-bce4-7f50c8c9ecd4, e9de8ac6-229f-4836-bb13-c08a6927b80c, 284fcc9f-62c9-41f7-b0a3-3329d9c346f5, 197de720-5810-4e35-b50c-02a1692f0e5a, bf257382-74fb-4392-ad6a-143240e39f81, 0ec37f7d-2877-45a3-bd54-81c84c3057f7, a45aac2a-b9f5-4c14-8030-9ccdc4ad9d04, dfde8517-4404-497f-9993-9f076db8fdcb, 6452a218-de3c-4511-b482-d58f26b7ecda, f4ac3eb5-e145-4685-b9e9-b61f3551aa58, 2845bcc4-0200-4bb2-9f9a-f699fe68b391, 5a8c0d96-e126-4472-bc01-e581564c6575, af5d32bb-ab3d-47fa-96c2-bf44680ea0f7, 230d19cf-28f8-459a-ad3a-da60aa640639, 74ec4ccd-b99c-43ba-b683-e6dcd86f55e2, c2d9a2c5-fc0c-4bc1-811c-5ad7b4f482d9, 4d16a079-ca73-4bb6-b6ce-872bdddf1aa4, d7f8a775-3da7-4de2-a2b9-6dceff7957bb, 914fe264-109c-4d4d-8f18-052785666a24, 2aaaaa49-edc7-42f0-816e-5f8332627d34, 8f3d661a-9a9d-4080-baf0-422014067d7e, a2200d09-93d3-406a-93f0-b29d93b9cb0d, 55455526-a0e9-40c7-94e1-08824f4e1b52, f0a78e58-ec7e-494c-9462-fbd6446a9a89, 8c37ed33-976c-4100-b831-5a776c7a6716, 96d328b9-5da7-4389-a9ac-765e98971ab7, e1a89c3a-1649-486f-a964-ecfb33821e77, 7d0e81f6-aad4-4176-ba7b-f57e80a06789, a3546453-e741-493b-94d1-9043ba082039, 6be357e5-8bdd-492f-bdda-04bf3c04af4b, 145deafe-6e68-4f7f-b2ab-8c3e1fb94d7b, dedca2ca-c629-4431-b302-65904b983781, f8145eec-1eef-4009-ad1c-2668157ae9a1, dcea5a57-ec0d-4447-94e9-3449e11628d6, f774e860-8103-49bf-b04e-63b316735e4b, f72c32cc-2100-4069-aa73-18657af1069b, 355ce257-7b0d-4e73-b366-6fd07be699ad, 8c246d2b-81bd-4c1f-b563-2c905675f984, 255a7f49-ea72-4caa-9e77-48aff4aae740, 5512feb7-1489-48ba-a78b-457c9defcc51, 4e9c2825-ff13-41ca-8e91-edd848060d19, 15a0747a-7295-4279-9972-820111d89c31, 41086d19-f1c3-4775-812e-8c0634aad590, efe1f822-2dee-43f7-8741-4ba30abcc32e, 0c7223ea-77c0-4db9-8402-b2d4dd7bbd45, bacab81b-4dd0-4047-8d51-a9cb03a8e18e, 303e199b-48d9-4cd0-8753-b69a7e1b53dd, ffabc550-b315-4070-94b6-713712da8ec2, d2bfebf8-2ed7-4e2f-a6a4-b950486a86e7, 23acbbe8-30b8-4c4a-ba8b-88782e651380, d8b6f5a1-2f96-4d02-a78f-dbe1c87946f8, 6db754a3-73b8-4ffa-895f-a03725486bff, ffe56be2-f822-44ac-b7c2-6bef6e8833a6, 5f7bf100-a164-41b1-85a7-0b4c2105836a, a28f4f25-42bb-4828-864f-a7d1e36dd4f4, 5ecc4b24-ff5d-4f8c-8449-53de3b34d213, 6a83890a-d9e9-4f6b-a6c6-90d031785bbf, de0beb67-5582-49e5-ab3b-8899610b7a6e, 4b762622-7d6c-4ee3-ac57-0255df5d44a4, 4db03e9e-386e-494a-97a4-a56b570df2f0, 784e4340-f548-4a7b-a889-778afe501fe5, 756f1fd7-703f-4ba3-ac49-a7c9bff1b1ec, d8ab72b2-7618-48b6-839f-e80cecbba5ff, 32bfa091-2ba9-459b-9f5a-30c567bf645f, 5e32085f-3c20-42ee-b996-8ffbfb629006, 880ef64d-da1c-4edd-98f5-71bea000f858, 3936f6c7-3f6c-4205-8cda-3178160b6cd4, d57cd3fc-5185-4b29-8a85-c2f04bf6921c, 2e735dd9-49fc-472f-b724-aa236936546f, 696c06e7-a338-4cf5-b9c3-ea8b9e775a94, bd16efee-c21b-4a28-aab6-0d374729fbbc, 3410362d-2c6e-4d80-b3b5-a433be9ccbf9, 0baa8cd7-1eef-4960-aeb4-4128e58efba3, 9d390860-f488-4720-b690-07cb1a37600c, d973bcc5-eb9d-4c11-8017-c88828858da4, 3e54b313-2fde-4180-9948-74e889dd9430, e3cdb277-ad80-4025-b5de-cd98cc67d23d, 3c941fc4-43eb-482e-9160-e186bd71f66f, 6ab6d3be-1582-4bdd-8019-6c23246e6505, 9d67a981-41c9-4311-b00b-736b5abbf401, ee51f09f-fec3-471b-990e-85af8d44ff2e, 1a9dce44-e66c-4342-9b28-1ed09cd6a8dc, e650aae9-2b05-4564-9ce7-108a31c4de20, 6c04dc83-e523-4a23-9329-5499a899392c, 167c7437-0115-4cab-98c4-e2f6066b9933, 02e4c8f2-12ac-45bd-82ee-06db6fa15b50, 4ef1d1e4-01aa-4aea-8a31-51598feef18a, e484529f-97ce-49ec-b841-032f6a3ffd58, 20dcaaaf-7183-4ae0-918b-70d8ade7f670, 3b0ef3be-fde2-4388-b333-5813fabec833, a96bba7c-a060-4a14-8381-081b7e24063d, 360ec2df-f89a-4c8d-8ae4-e551dcaba778, 8390a22a-cc2b-4286-9043-c7270807bf77, 56dc794e-5c74-42b7-98e8-2f8e62c7f044, 141814bf-48d5-492e-9605-bed1b400d346, b954a1b6-d613-4012-8bb5-d60ffb9e94e6, c55b5b0f-9cd7-416c-a87c-e781c6e9bdaf, 64323b0f-d998-4f8d-a9ff-0e8c4f8859a0, 4700f517-5c5d-483c-81b7-d77aca04991c, 6ba26290-9406-4129-a555-39fff16dc200, bd1bc41b-79a2-4b09-9ca1-b1e26805810c, 5ff06450-cfa0-4e6f-ba87-ca6f412c9b44, b6837e5b-7246-4993-961e-3334733977ce, e7fb0499-3a8e-4afe-9a29-c625ab9d46a2, ffeea3a6-d969-4a9a-baf0-101da68da3f9, 15281e10-e6bc-48bc-9b1b-94402f83699b, 4ade11bc-2efb-405b-a7ae-d045869e3284, 7a01fdb1-c5c0-4833-a252-8593f91eed3d, 1186f5b2-26f8-4da9-a230-d2acb5f3c5aa","1658103371999, 1658147086754, 1658147421145, 1658201653788, 1658202022107, 1658202252924, 1658288243780, 1658309950010, 1658367425803, 1658367920088, 1658452895982, 1658453317113, 1658546859426, 1658547035380, 1658548150573, 1658548410420, 1658548496577, 1658549046695, 1658549152720, 1658549364137, 1658549612695, 1658606000164, 1658606291547, 1658606528073, 1658621193395, 1658621577952, 1658683923313, 1658688513667, 1658688853915, 1658689210339, 1658689441595, 1658715604737, 1658743974834, 1658744138877, 1658747978872, 1658805735603, 1658805880945, 1658806269526, 1658832899722, 1658863488187, 1658863592917, 1658863698411, 1658879817454, 1658880049766, 1658894470067, 1658912810741, 1658913010495, 1658925650158, 1658925789565, 1658958777669, 1659003984505, 1659004180540, 1659004227253, 1659004610634, 1659004954045, 1659005267440, 1659005733521, 1659049720159, 1659060594574, 1659060725649, 1659134838831, 1659135149645, 1659135437641, 1659135579848, 1659266382712, 1659267898170, 1659368384691, 1659396127800, 1659446398558, 1659446799691, 1659446997621, 1659480471624, 1659481506698, 1659482131900, 1659482682447, 1659520444606, 1659520661463, 1659520879088, 1659522828640, 1659522940363, 1659537518234, 1659541921489, 1659542938590, 1659543416544, 1659545259209, 1659562716395, 1659563366400, 1659596714181, 1659597778642, 1659600842928, 1659603040701, 1659603843869, 1659613852182, 1659613919147, 1659614424085, 1659624564984, 1659624786808, 1659657827914, 1659658454747, 1659659031022, 1659659313650, 1659659653088, 1659660191357, 1659660630130, 1659690786485, 1659731792488, 1659732156269, 1659750125444, 1659750724308, 1659751150866, 1659786552205, 1659786956769, 1659787511667, 1659805590946, 1659805777380, 1659806100548, 1659806287136, 1659806632962, 1659827873843, 1659828208337, 1659828786333, 1659829696280, 1659851987337, 1659888758037, 1659908891685, 1659956195453, 1659962282643, 1659962357685, 1659962648719, 1659996377525, 1659996504017, 1660053011964, 1660053178916, 1660084370126, 1660084979915, 1660085719208, 1660087887752, 1660124678905, 1660124865006, 1660125775432, 1660126097094, 1660126385344, 1660133615373, 1660184740633, 1660184944482, 1660185006206, 1660185304154, 1660211327896, 1660220543109, 1660242937739, 1660243096582, 1660258957806, 1660259573554, 1660259855499, 1660260358588, 1660262910587, 1660263579661, 1660271741255, 1660441826456, 1660442011233, 1660442630347, 1660443257552, 1660471962961, 1660472123727, 1660472231371, 1660473390565, 1660473946429, 1660474099587, 1660481902165, 1660484558149, 1660484743777, 1660486976674, 1660487208848, 1660487521060, 1660489447270, 1660489569691","89, 96, 29, 104, 97, 69, 141, 149, 160, 13, 201, 295, 67, 188, 90, 46, 148, 37, 60, 73, 68, 32, 70, 42, 127, 65, 72, 78, 51, 8, 20, 220, 65, 224, 152, 57, 142, 61, 0, 46, 57, 43, 95, 81, 23, 53, 168, 32, 48, 96, 31, 15, 85, 102, 118, 137, 40, 0, 49, 24, 48, 45, 59, 83, 115, 34, 107, 0, 78, 85, 44, 273, 110, 8, 8, 25, 77, 53, 36, 17, 106, 101, 79, 106, 105, 195, 51, 327, 107, 136, 162, 4, 0, 98, 30, 44, 64, 82, 99, 38, 62, 109, 164, 50, 145, 60, 80, 87, 144, 76, 251, 94, 52, 35, 16, 96, 97, 13, 172, 96, 204, 27, 234, 16, 459, 84, 32, 145, 69, 1, 133, 61, 80, 255, 190, 116, 205, 38, 301, 125, 78, 99, 84, 35, 1, 22, 23, 81, 1, 0, 77, 47, 122, 38, 2, 43, 29, 85, 50, 210, 46, 266, 41, 36, 204, 144, 64, 39, 51, 34, 121, 72, 117, 75, 48, 67","241517, 329053, 70000, 362992, 225660, 211390, 287349, 350000, 488465, 70000, 409351, 664986, 170658, 537390, 249884, 79654, 350000, 99683, 205013, 150000, 160000, 80000, 230395, 119094, 250000, 170000, 280000, 335157, 351368, 50000, 63295, 620490, 157958, 558165, 215111, 139424, 381127, 235545, 10000, 100754, 100136, 92962, 226490, 253360, 24238, 146875, 470000, 94208, 188527, 250000, 110000, 40578, 240000, 339739, 291685, 460386, 170000, 10000, 124846, 80000, 180000, 154575, 137551, 140000, 250000, 90668, 280000, 10000, 150000, 206002, 90000, 886130, 326034, 40000, 30000, 75054, 208609, 130000, 98117, 80000, 185312, 280000, 220000, 250000, 247022, 642094, 141795, 1054771, 390000, 362633, 362202, 20000, 12204, 315945, 130000, 375184, 210000, 210000, 340000, 120000, 180000, 280000, 427832, 175834, 693110, 246856, 355761, 200000, 419170, 148887, 663047, 240000, 241980, 124066, 40000, 181089, 220000, 40000, 334134, 230000, 510000, 80000, 471412, 53612, 960466, 213752, 69010, 285754, 166040, 10000, 250000, 160646, 234036, 602170, 417317, 220000, 607429, 178741, 759914, 314522, 281292, 418709, 161466, 87554, 20000, 80000, 100000, 219322, 10000, 10000, 170000, 102890, 276540, 190000, 9348, 159622, 78338, 204770, 177850, 613529, 182460, 778769, 151582, 99865, 470000, 353034, 145926, 130000, 140000, 68075, 470000, 221081, 306723, 238002, 117311, 190000","65.33, 92.99, 32.45, 88.55, 88.97, 79.41, 88.36, 91.32, 91.85, 37.63, 98.68, 99.78, 68.9, 79.79, 90.41, 85.25, 92.19, 67.0, 67.35, 86.52, 68.05, 60.59, 84.12, 39.87, 87.35, 72.93, 45.03, 93.74, 89.38, 34.52, 46.58, 99.59, 71.94, 76.5, 79.1, 82.5, 96.81, 52.47, 8.63, 80.89, 84.29, 43.45, 89.72, 72.66, 65.44, 48.97, 74.74, 64.99, 57.74, 95.0, 42.26, 48.81, 76.04, 92.5, 92.53, 80.23, 72.81, 8.34, 77.12, 42.59, 88.79, 78.31, 91.63, 93.64, 92.57, 59.16, 100.0, 8.55, 86.38, 86.75, 85.85, 71.66, 88.69, 55.83, 42.02, 74.22, 89.33, 83.26, 88.4, 43.08, 45.04, 94.82, 91.77, 92.76, 92.81, 96.04, 51.57, 97.39, 100.0, 78.35, 80.7, 26.14, 8.07, 74.45, 22.65, 98.73, 58.75, 56.03, 92.15, 87.22, 90.25, 98.67, 93.68, 70.73, 85.59, 50.92, 97.58, 70.36, 99.6, 54.79, 95.62, 92.3, 69.69, 41.83, 33.62, 97.12, 78.48, 31.55, 92.96, 100.0, 100.0, 81.22, 100.0, 34.54, 100.0, 85.45, 79.84, 82.2, 84.98, 18.32, 87.26, 90.12, 66.03, 94.36, 99.39, 64.43, 80.01, 72.17, 63.82, 94.6, 75.48, 59.41, 100.0, 42.8, 12.44, 12.99, 39.54, 87.06, 27.09, 10.32, 88.65, 63.39, 94.55, 81.43, 12.44, 85.95, 36.32, 92.89, 63.9, 95.31, 35.52, 75.5, 67.25, 64.47, 98.47, 90.33, 82.81, 61.08, 54.26, 54.11, 75.67, 74.74, 88.85, 91.58, 72.81, 78.3","1, 1, 1, 1, 1, 1, 1, 1, 1, 1, 1, 1, 1, 3, 1, 1, 1, 1, 1, 1, 1, 1, 1, 1, 1, 2, 1, 1, 1, 1, 1, 1, 1, 1, 3, 1, 1, 1, 1, 1, 1, 1, 1, 1, 1, 1, 1, 1, 1, 1, 1, 1, 1, 1, 1, 1, 1, 1, 1, 1, 1, 1, 1, 1, 1, 1, 1, 1, 1, 2, 1, 3, 1, 1, 1, 1, 1, 1, 1, 1, 3, 1, 1, 1, 1, 1, 1, 1, 1, 1, 1, 1, 1, 1, 2, 1, 1, 1, 1, 1, 1, 1, 1, 1, 1, 1, 1, 1, 1, 1, 2, 1, 1, 1, 1, 1, 1, 1, 1, 1, 1, 1, 1, 1, 2, 1, 1, 1, 1, 1, 1, 1, 2, 1, 1, 1, 1, 1, 3, 1, 1, 1, 1, 1, 1, 1, 1, 1, 1, 1, 1, 1, 1, 1, 1, 1, 1, 1, 1, 1, 2, 3, 1, 1, 1, 1, 1, 1, 1, 1, 1, 1, 1, 1, 1, 1","1658103371999, 1658147086754, 1658147421145, 1658201653788, 1658202022107, 1658202252924, 1658288243780, 1658309950010, 1658367425803, 1658367920088, 1658452895982, 1658453317113, 1658546859426, 1658547035380, 1658548150573, 1658548410420, 1658548496577, 1658549046695, 1658549152720, 1658549364137, 1658549612695, 1658606000164, 1658606291547, 1658606528073, 1658621193395, 1658621577952, 1658683923313, 1658688513667, 1658688853915, 1658689210339, 1658689441595, 1658715604737, 1658743974834, 1658744138877, 1658747978872, 1658805735603, 1658805880945, 1658806269526, 1658832899722, 1658863488187, 1658863592917, 1658863698411, 1658879817454, 1658880049766, 1658894470067, 1658912810741, 1658913010495, 1658925650158, 1658925789565, 1658958777669, 1659003984505, 1659004180540, 1659004227253, 1659004610634, 1659004954045, 1659005267440, 1659005733521, 1659049720159, 1659060594574, 1659060725649, 1659134838831, 1659135149645, 1659135437641, 1659135579848, 1659266382712, 1659267898170, 1659368384691, 1659396127800, 1659446398558, 1659446799691, 1659446997621, 1659480471624, 1659481506698, 1659482131900, 1659482682447, 1659520444606, 1659520661463, 1659520879088, 1659522828640, 1659522940363, 1659537518234, 1659541921489, 1659542938590, 1659543416544, 1659545259209, 1659562716395, 1659563366400, 1659596714181, 1659597778642, 1659600842928, 1659603040701, 1659603843869, 1659613852182, 1659613919147, 1659614424085, 1659624564984, 1659624786808, 1659657827914, 1659658454747, 1659659031022, 1659659313650, 1659659653088, 1659660191357, 1659660630130, 1659690786485, 1659731792488, 1659732156269, 1659750125444, 1659750724308, 1659751150866, 1659786552205, 1659786956769, 1659787511667, 1659805590946, 1659805777380, 1659806100548, 1659806287136, 1659806632962, 1659827873843, 1659828208337, 1659828786333, 1659829696280, 1659851987337, 1659888758037, 1659908891685, 1659956195453, 1659962282643, 1659962357685, 1659962648719, 1659996377525, 1659996504017, 1660053011964, 1660053178916, 1660084370126, 1660084979915, 1660085719208, 1660087887752, 1660124678905, 1660124865006, 1660125775432, 1660126097094, 1660126385344, 1660133615373, 1660184740633, 1660184944482, 1660185006206, 1660185304154, 1660211327896, 1660220543109, 1660242937739, 1660243096582, 1660258957806, 1660259573554, 1660259855499, 1660260358588, 1660262910587, 1660263579661, 1660271741255, 1660441826456, 1660442011233, 1660442630347, 1660443257552, 1660471962961, 1660472123727, 1660472231371, 1660473390565, 1660473946429, 1660474099587, 1660481902165, 1660484558149, 1660484743777, 1660486976674, 1660487208848, 1660487521060, 1660489447270, 1660489569691"
d5f9803db85d564be0f3e994e3a48c5081287d138753b69834a2e48eb86522d7,Logged,6,"99d635f6-b0fe-4c18-85c9-d6ea881993e9, c15de0de-4459-4cef-bccf-3987d184bd1a, 2c8d0162-7a7c-420b-ac35-1f7f1e9f7ba4, 1e9be9ea-7f0f-4cbd-8918-cd4587d58c56, a9466ce5-0cc8-4cad-96f3-fa3de8becf7e, 7f747187-72e4-4791-996b-4518742dc672","1657880057785, 1657880190132, 1658776262713, 1659647342741, 1660068993167, 1660069014396","27, 9, 0, 2, 3, 2","91207, 17880, 8490, 56052, 89161, 145125","34.08, 36.48, 29.61, 33.9, 31.32, 63.34","1, 1, 1, 1, 2, 1","1657880057785, 1657880190132, 1658776262713, 1659647342741, 1660068993167, 1660069014396"
6393008eaa5e7af749e7b9bf295991a7dc1dc5d228be8bad644ba1c58fee94f5,Logged,4,"9a4f6d3d-3750-4846-b603-96c1a6f8d245, 73b9f4e5-3047-4b2a-acce-3232b959c41a, 5ecc4b24-ff5d-4f8c-8449-53de3b34d213, d3302868-9c63-4712-9cf0-adfcaad19187","1659061976428, 1659062364357, 1659332034835, 1660094837085","135, 8, 19, 34","499481, 40000, 108866, 184928","64.39, 51.0, 73.49, 74.73","2, 1, 1, 1","1659061976428, 1659062364357, 1659332034835, 1660094837085"
9c38917defe88ebdbda8a3092442b8807d679212cbc2a87b9caede32a16e65f1,Logged,8,"a36c98b5-f159-48f8-9f5a-1fc6ea9956c8, e770e08d-7d5d-4ecf-8077-5a090f085232, d0386793-9b9b-4e3f-8dde-6426210c77b5, 51ef9651-ebfe-47fe-9755-04eb34a13306, d57e382b-d51c-458b-b30e-1236ee1320b9, 46726d44-b83a-4f34-bb8b-738f4205af48, 7a01fdb1-c5c0-4833-a252-8593f91eed3d, 7043b3f5-6b0d-493e-ad8d-ead88427b834","1657066481842, 1658154316517, 1658158010058, 1658158368294, 1658236913283, 1658236967750, 1659567516965, 1659881802536","1, 0, 0, 0, 0, 1, 1, 1","113126, 78059, 171371, 25185, 25364, 22180, 21076, 115034","63.92, 14.67, 63.89, 39.1, 56.62, 18.6, 14.37, 36.16","1, 2, 1, 1, 1, 1, 1, 1","1657066481842, 1658154316517, 1658158010058, 1658158368294, 1658236913283, 1658236967750, 1659567516965, 1659881802536"
1bd8397578de7cec2b26f9ba09f1ea9483e5ee313fa2bac049a8f3fb0f85f553,Non-Logged,60,"1d899325-ad3c-4287-804a-3d994492dad8, 8f90af00-2056-4ae4-af76-498f5f4f5441, a7d95b8e-6341-4259-8cd3-3df92ec28577, 9fedc28f-b68e-4bd7-b97e-778e1e8f6274, aa0f9be7-166b-4d4d-84bb-2e9d0ac5691e, 55ab912a-2bac-46d9-9fcf-8e9be376f1b3, 50028008-aa11-4519-9d75-452c84dd27fb, a289fde1-2ea9-4c18-a489-b8ad09c6a3dd, 6c2690f6-f5d6-4ed1-8054-bd7c6937e8b1, f2155cd9-6871-4a44-9b14-cbe5f64fd5f4, 148518b5-c324-4882-81a6-678168063a2c, 82d5ad79-433e-42af-b8d7-9d56ab3a9033, 54cb252a-78b5-463d-b31f-f54f63d85a29, a4b78e6a-ce83-40dc-9fb6-6dd313a6bd71, 458bf0ec-efb4-4bfd-9446-c80295e6aa87, 766281d9-c4cf-4bf5-b82e-374305ec7095, 1a732119-0975-4bc2-8077-cb2ae8d249af, bd200a85-fdc9-41c3-99a4-2a78984fbc6d, 89fa73f0-4341-4de4-bb2a-e429ef96bd43, d2593c3d-2347-40d9-948c-b6065e8459a9, 7edfc0ba-6f3a-4792-af3a-f25d3348f6d6, 5dc238f3-93be-4fbe-ab76-ec09c9cdcbd3, 9e1b4571-e55d-4a26-8c5a-1ddd6ecf53ba, 399c1321-5d2b-494e-9025-2ba2b8b56117, a665de35-698d-4f1f-b404-433b9e0b604e, cd116aad-5de7-424c-9582-9939827bb901, 8da92663-cfe5-4f31-bb1d-f391a7f974cb, 38d13f6a-2511-4a37-b113-1466951f420d, 9587115f-4178-47cf-9f77-e969e02a727d, f5ee9234-ae94-4799-97b4-b2f9ab383534, c48c4f8d-b3c7-4d3f-82c4-84091bd4e401, bf44b8ea-c737-4eec-a51b-01006202f303, 89e19170-9ad6-4a7d-afbf-1721b2fae186, 4c63d7cd-4902-4ffb-9b94-578b1b2151f0, fd593fb8-0558-4a67-aa02-3cbf95a9469f, 61e07f64-cddf-46f2-b50c-ea0a39c22050, b79a9385-ab79-4949-a953-2320bfb28bc0, dd4d0068-ae1b-4e78-a7e5-7e8c2a4a5615, b409ed83-ff16-47a9-a210-787185de0086, 8c484ebd-872f-498f-86e8-84077d21c347, bbd9d2ab-c6a5-4cee-b4b4-b063edbb2c3c, 7ff0d8a1-55d6-4459-bdbe-c51f85e58bf6, 5acaac71-a0c9-4d6f-897d-308409a37f01, c21004f0-4d4b-4882-8718-e1d6d276b175, f19077e1-13fd-4abc-8a64-680a59c91167, 3a54bc78-a1f6-4a3c-a1f8-d541597eb6a0, de863f48-7416-4eb0-a70d-7b7d678c360d, 853d90bb-2708-4882-89f8-3a80eef6c82c, 362d282e-5d9d-4691-86a6-21bcac0703d7, 5ad189e3-77e6-4c5e-9eed-8979ba58e283, 39155663-356f-4d11-a471-32209ba83a6d, fc95c9d5-99dd-4b98-9c26-0302e287ad4d, d694725b-ecbc-4139-8a70-1b80b3893897, 037155f4-4db8-4f07-8d0a-3e559605b8ad, 655a03ac-5dd8-49e2-adc5-e282a888c68e, ede8f363-4c27-4f5e-a70e-33f8aa31d94b, c309c7aa-b438-416a-b3a2-bd433614c6ab, 674672ff-3bf9-42cf-ab90-659a146a8776, b13c6dc2-917e-479a-ae30-dfe6fc3ae0c5, 301c798c-d743-4550-8ef2-5181bff398ec","1656695815958, 1656696153085, 1656936998736, 1656937155475, 1656937234311, 1656937236641, 1656937248123, 1656938592338, 1656938616222, 1656938655700, 1656940195050, 1656962605172, 1657037416480, 1657046136151, 1657046669264, 1657134509205, 1657143670364, 1657195972087, 1657196069435, 1657196634492, 1657196798524, 1657196945288, 1657197129586, 1657282383119, 1657282396952, 1657282403409, 1657282408947, 1657282413077, 1657282955083, 1657282961529, 1657284201997, 1657284281770, 1657298963522, 1657303746494, 1657306038937, 1657309499399, 1657543110611, 1657543114340, 1657543477574, 1657543485013, 1657543500452, 1657543504208, 1657543518368, 1657543531098, 1657543563336, 1657543766396, 1657543925229, 1657549320827, 1657557998241, 1657561453660, 1659966404713, 1659970548145, 1659970558677, 1659970765004, 1660233092259, 1660233250474, 1660319109078, 1660325745353, 1660339192036, 1660340507128","2, 0, 0, 0, 1, 0, 2, 4, 0, 1, 1, 1, 0, 0, 0, 0, 0, 0, 3, 2, 1, 3, 1, 0, 0, 0, 2, 0, 2, 0, 0, 0, 0, 0, 0, 0, 4, 0, 0, 0, 0, 5, 0, 0, 0, 5, 0, 0, 0, 0, 1, 0, 1, 5, 1, 0, 0, 0, 0, 0","160000, 90000, 135654, 64907, 100000, 10000, 70000, 90000, 78207, 115163, 60000, 74989, 50000, 39435, 54333, 27312, 36800, 40000, 160000, 151993, 106985, 135576, 100323, 41775, 69506, 70000, 78101, 21782, 206219, 22644, 22912, 80000, 29337, 10000, 40243, 20000, 170000, 10000, 10000, 10000, 10000, 256907, 13092, 150000, 42189, 221668, 25566, 30000, 40000, 159051, 56364, 20000, 17896, 140000, 187728, 90375, 100000, 80000, 52687, 81485","53.9, 42.81, 69.9, 55.85, 34.08, 8.5, 33.22, 18.8, 28.31, 50.4, 42.66, 66.75, 52.21, 33.61, 54.23, 53.19, 39.74, 14.73, 52.92, 68.05, 38.48, 48.01, 47.42, 37.89, 7.54, 16.33, 24.3, 20.98, 59.97, 31.5, 26.65, 52.52, 27.7, 16.95, 43.3, 47.48, 46.26, 24.95, 8.97, 10.56, 9.43, 61.31, 13.43, 23.77, 26.86, 62.12, 33.13, 41.61, 28.08, 63.08, 39.51, 33.24, 36.43, 51.14, 67.48, 63.4, 43.71, 61.39, 39.6, 69.33","1, 1, 1, 1, 1, 1, 1, 1, 1, 1, 1, 1, 1, 1, 1, 1, 1, 1, 1, 1, 1, 1, 1, 1, 1, 1, 1, 1, 1, 1, 1, 1, 1, 1, 1, 1, 2, 1, 1, 1, 1, 2, 1, 1, 1, 1, 1, 1, 1, 1, 1, 1, 1, 1, 1, 1, 1, 1, 1, 1","1656695815958, 1656696153085, 1656936998736, 1656937155475, 1656937234311, 1656937236641, 1656937248123, 1656938592338, 1656938616222, 1656938655700, 1656940195050, 1656962605172, 1657037416480, 1657046136151, 1657046669264, 1657134509205, 1657143670364, 1657195972087, 1657196069435, 1657196634492, 1657196798524, 1657196945288, 1657197129586, 1657282383119, 1657282396952, 1657282403409, 1657282408947, 1657282413077, 1657282955083, 1657282961529, 1657284201997, 1657284281770, 1657298963522, 1657303746494, 1657306038937, 1657309499399, 1657543110611, 1657543114340, 1657543477574, 1657543485013, 1657543500452, 1657543504208, 1657543518368, 1657543531098, 1657543563336, 1657543766396, 1657543925229, 1657549320827, 1657557998241, 1657561453660, 1659966404713, 1659970548145, 1659970558677, 1659970765004, 1660233092259, 1660233250474, 1660319109078, 1660325745353, 1660339192036, 1660340507128"
46c28395f02b7690599da94063e93026054ec3024900425b7d78e51d589df5e5,Non-Logged,10,"1aa55c3c-1df0-4553-b345-75dcf778ea59, bf675a53-830c-4049-8a49-3c8f7a93cbe8, 6b5e1e75-3b1a-49a4-a09d-6ce5858adf71, 45ad05cc-3aa0-4303-a3a8-6e19228505cd, b7191cbe-3573-43eb-b9b1-20de1e0efa06, 97466f2d-3e22-4626-9741-ee14260b0563, 59ce7115-92a4-4cfd-ba8c-68dbded2a82e, ba40058c-efff-4c2c-937f-7f2f64327954, 2a6d85db-5d21-4958-af4d-42dcaab01dae, 3cd06f5f-a3bb-4589-a592-07a1c6121a99","1657139654199, 1657139679955, 1657140155948, 1657140175096, 1657140185107, 1657140251148, 1657140259512, 1657140264440, 1657140270357, 1657140289010","0, 0, 2, 0, 0, 0, 0, 0, 0, 0","17275, 120827, 221905, 10000, 20050, 10000, 10000, 10000, 10000, 10000","23.46, 76.36, 88.55, 11.42, 34.06, 16.68, 33.49, 28.46, 30.66, 30.93","1, 1, 2, 1, 1, 1, 1, 1, 1, 1","1657139654199, 1657139679955, 1657140155948, 1657140175096, 1657140185107, 1657140251148, 1657140259512, 1657140264440, 1657140270357, 1657140289010"
efeb1ee9915dd64c150febcef10beb937e382b7beb893b881f5bfa61f2120bfb,Non-Logged,68,"e69d567c-41c3-4076-846e-23324fe91104, 5b130381-f7e8-4ba2-9f05-96b0ea271551, 8a74875b-8519-4b28-b697-5209f9c8c1da, cb97062b-a3d9-4e1f-b60e-dec6c008aa76, 44db03fa-78a8-4296-b8c6-f6aba1c995a9, b7f30490-0b67-4ccc-b032-1eeeb179b464, 2008f497-c05f-49e0-88dd-86aa1e395f15, 3fb7858c-33f9-412a-b0cc-c847df3e2be0, 0650a691-26f6-4a08-85c8-4716ae0d5388, 3bd9f24b-cb02-4cc4-b6b7-da5c1389463d, 064b539b-a4cd-4781-b97f-9e9859ce15f7, ecc37a22-b730-4e3a-bc87-c3ba3403acbc, esid:conteudo_editorial_g1#materia#https://especiais.g1.globo.com/bemestar/coronavirus/estados-brasil-mortes-casos-media-movel/, 4b715f78-cfb2-4cef-bce4-7f50c8c9ecd4, 5dff8fb2-73e6-4c22-a34f-c367aa2677df, 444db2d3-2856-4307-8a36-09b15651fb8b, 5db25cd8-32e2-4502-9208-b62d0e13b015, bf257382-74fb-4392-ad6a-143240e39f81, b182c3ed-17bd-457e-9b60-2afb6b2971f4, ca81c71a-7c7e-4c8c-9c7d-3b3116dc17ac, 83cf1546-5235-491f-ae0c-90949a2ab3c2, 3ac9251a-05b0-4ee5-88ba-afe022c03488, 230d19cf-28f8-459a-ad3a-da60aa640639, f0a78e58-ec7e-494c-9462-fbd6446a9a89, 7fe849c0-4a55-429d-b480-11ee216909dd, 7e9f2b32-7dae-4c45-a7b5-d1bc2a1733dd, 7b056bf6-c232-46bd-8903-59145ff7ce46, 47874b53-ac2e-4ccc-ad5b-6b2669d59340, 64413386-4768-4164-93e7-b04591a4ca19, dcbcfc8d-6010-41df-a39d-008b0c7bc85d, 6a83890a-d9e9-4f6b-a6c6-90d031785bbf, b72418ea-f1d8-488e-ae06-637b8d70629c, 3e54b313-2fde-4180-9948-74e889dd9430, c55b5b0f-9cd7-416c-a87c-e781c6e9bdaf, 56dc794e-5c74-42b7-98e8-2f8e62c7f044, a89d5b15-cb4f-425f-9d05-eb31afe95945, f6fe79f3-e65d-48c8-94b7-f0f46877c9f4, a6ab18ec-e32f-474b-964b-987309c61581, e77e093c-d944-4d4c-9143-e67c75c616c5, e9d4ab5a-5582-4f6b-aefd-3fd218fe6b6d, ca361779-0059-451e-9369-c2dfaa3cc971, 529a23e0-baa8-4824-9554-416ceba464ae, 5f2f1833-d203-486a-ac56-665fc3767018, 8864af44-c4a2-4862-82de-be58579ac4f3, 7c0b27a0-61b5-48b4-b025-81deec962f78, c4fa4a10-d95c-4b41-81bb-8ad16c40b5db, 83568c85-7264-4e45-8a2e-eeb246118465, bd4e7054-4043-4acf-9a49-7d883152189d, e67a8a04-2e7d-45a3-8374-73380b09a47b, f4d46a04-e9dc-4cb1-a383-af5c2a6413d6, 148518b5-c324-4882-81a6-678168063a2c, 98d5eb95-731f-449c-8588-99e86416f789, d2593c3d-2347-40d9-948c-b6065e8459a9, 86b98a42-c51c-4e18-999f-2615dbaf4158, 3422afb1-dea7-4e62-a4c5-1fc3bd0c9a44, 5af99ef3-adff-464d-9976-5c5d6391b014, 02953bf6-d721-47d9-a2de-f01114449756, 29f38a91-5f3f-4cdb-bc7c-db95cfb52710, f1b619b7-3afe-487a-866f-f544d97ed6c5, 5e0c254f-91d8-4527-959f-664c095a2d64, 0ed208f9-de0c-4eb8-b388-fae371891670, 5c0d1919-4624-4fca-86b8-5fd52c5880f5, 074b796e-4a70-4604-9b50-3713505a1275, c4a64d0d-09b8-4f82-8e32-4d2ec6067226, feee3eb1-d625-4766-9da5-d855ac2f557c, 1a3641be-fa6a-4d72-a5eb-9069686a88ee, fa65c031-aa6b-4447-80d6-943d2138885b, 90742b11-51f4-46f2-bf58-24ffeb9f605c","1656802253331, 1656802318524, 1656896809755, 1656993367844, 1656993419098, 1657035767776, 1657035816163, 1657035839717, 1657124005531, 1657312073357, 1657341922441, 1657341970909, 1657495653199, 1657506337206, 1657506374926, 1657539720544, 1657551532816, 1657551624176, 1657629970199, 1657630132480, 1657677060821, 1657677170264, 1657723390626, 1657723680061, 1657913881769, 1657931676316, 1657931774873, 1658072574130, 1658267679674, 1658446901426, 1658446976915, 1658447387585, 1658532636555, 1658532661609, 1658532720019, 1658676149349, 1658891885253, 1659010902976, 1659097656447, 1659190013748, 1659206060227, 1659282312396, 1659314954777, 1659314995081, 1659580462490, 1659621743077, 1659621793473, 1659622334643, 1659658620569, 1659675018658, 1659705277866, 1659705378740, 1659732963863, 1659733085519, 1659765063070, 1659941439641, 1659941639552, 1659941748944, 1659970797789, 1660094301362, 1660094502602, 1660145843632, 1660146063309, 1660164424170, 1660238854440, 1660249933887, 1660272392881, 1660327912500","4, 17, 11, 17, 27, 15, 4, 2, 0, 10, 5, 10, 27, 7, 4, 19, 18, 28, 11, 13, 21, 28, 113, 30, 2, 12, 29, 15, 10, 17, 77, 33, 8, 56, 23, 51, 86, 48, 13, 15, 22, 10, 21, 16, 11, 20, 36, 39, 19, 19, 2, 10, 12, 0, 21, 183, 21, 0, 44, 96, 20, 7, 6, 5, 0, 33, 42, 0","10498, 30000, 20178, 27827, 65763, 37305, 7027, 5202, 9997, 14779, 8629, 30000, 59655, 18689, 5690, 60000, 49465, 53698, 30000, 15227, 70000, 53680, 283530, 80726, 12712, 38349, 45890, 81783, 43678, 36161, 150000, 50222, 11395, 88851, 35745, 152305, 130423, 93496, 13680, 22366, 35776, 84481, 26147, 38633, 18269, 90000, 80182, 70000, 34512, 82647, 8205, 20112, 16417, 10000, 26893, 112885, 42191, 10000, 94759, 129180, 29501, 19663, 10420, 8692, 10000, 20000, 71981, 10000","24.89, 37.78, 49.89, 40.6, 54.94, 39.24, 24.0, 13.88, 24.0, 29.63, 22.77, 24.96, 56.83, 39.0, 44.03, 60.35, 41.58, 40.44, 28.5, 43.0, 55.41, 47.7, 64.64, 56.08, 28.87, 34.5, 47.51, 39.41, 39.56, 42.17, 34.29, 44.5, 37.38, 49.65, 58.43, 34.67, 61.63, 59.41, 33.46, 58.37, 45.05, 46.32, 33.52, 31.15, 39.24, 27.97, 43.95, 34.71, 49.89, 35.7, 53.42, 43.4, 38.21, 23.92, 44.65, 52.05, 55.09, 11.55, 34.2, 79.39, 31.75, 32.42, 37.99, 31.68, 100.0, 44.93, 64.85, 10.19","1, 1, 1, 1, 1, 1, 1, 1, 1, 1, 1, 1, 1, 1, 1, 1, 1, 1, 1, 1, 1, 1, 1, 1, 1, 1, 1, 1, 1, 1, 1, 1, 1, 2, 1, 2, 1, 1, 1, 1, 1, 1, 1, 2, 1, 1, 1, 1, 1, 1, 1, 1, 1, 1, 1, 1, 1, 1, 1, 1, 1, 1, 1, 1, 1, 1, 1, 1","1656802253331, 1656802318524, 1656896809755, 1656993367844, 1656993419098, 1657035767776, 1657035816163, 1657035839717, 1657124005531, 1657312073357, 1657341922441, 1657341970909, 1657495653199, 1657506337206, 1657506374926, 1657539720544, 1657551532816, 1657551624176, 1657629970199, 1657630132480, 1657677060821, 1657677170264, 1657723390626, 1657723680061, 1657913881769, 1657931676316, 1657931774873, 1658072574130, 1658267679674, 1658446901426, 1658446976915, 1658447387585, 1658532636555, 1658532661609, 1658532720019, 1658676149349, 1658891885253, 1659010902976, 1659097656447, 1659190013748, 1659206060227, 1659282312396, 1659314954777, 1659314995081, 1659580462490, 1659621743077, 1659621793473, 1659622334643, 1659658620569, 1659675018658, 1659705277866, 1659705378740, 1659732963863, 1659733085519, 1659765063070, 1659941439641, 1659941639552, 1659941748944, 1659970797789, 1660094301362, 1660094502602, 1660145843632, 1660146063309, 1660164424170, 1660238854440, 1660249933887, 1660272392881, 1660327912500"
4f28532baadbac4e88635f1734d2d1d7ffc0969b8c139a84e67100000217bb17,Logged,22,"a00ae700-bdd8-4932-acc4-ddbaeecb123d, 364f3c3e-00e2-430b-94de-1a5e21fb15be, 99741dd0-ceb4-48bf-b3ca-62611ebb5df0, 19c709e6-d8d2-4090-91c5-076f930025e8, eddaf44d-84a6-4e0a-82f7-bc8dab680743, 7cb2bcf3-d23b-474e-a601-513e50643613, 65ec130b-e557-4075-be1d-ab0c967b643c, ca7be780-05a0-48cf-9121-7a82ac0795f4, 067c8bfe-9416-4c27-a7a5-537065ed6cc6, 3a47c13e-d589-4d77-88c3-f0bbdb56df00, fbbd2472-9ee2-4d84-9211-deb431ba8a75, 02910a33-93ba-49fb-9bfa-f8db58520cdb, 816408b8-d60f-498d-8382-05294b0ca9c2, 2f538709-b758-4bcc-a41c-e24796cd3a80, 17845b80-b527-4bfe-8d6c-5c399d258152, 0bf76649-90e8-4919-9e06-926ade82d4b2, f1310ff3-c7b1-4f72-8a9e-e86355e8b9a7, 999f8b86-8f29-44b5-942a-79d1174efb6b, 4a104823-56e0-4937-8cdb-c50daa948aa7, c0b5909f-fa31-4cfa-afba-550d0b5d9935, 6e4ac905-3408-42e0-8b25-a6f509102100, 9a17f0e1-22d4-413e-b850-31106ad64ac7","1657290661287, 1657290675357, 1657290696093, 1657290751469, 1657290944966, 1657291012448, 1657543918400, 1657543925450, 1657544060385, 1658451076502, 1659284847679, 1659555721348, 1660050812367, 1660055752926, 1660219778126, 1660316414918, 1660319610226, 1660320138298, 1660320271473, 1660320739308, 1660322822013, 1660323216201","0, 0, 0, 2, 4, 0, 2, 1, 0, 1, 0, 2, 0, 0, 4, 0, 1, 0, 0, 1, 0, 0","90000, 72220, 93441, 297765, 70000, 211598, 299148, 355060, 21459, 17838, 39951, 130000, 213828, 23096, 31854, 10000, 142384, 190000, 10000, 140000, 140000, 20000","51.82, 74.74, 63.14, 100.0, 31.37, 74.51, 100.0, 79.91, 42.6, 25.17, 39.15, 54.1, 63.98, 40.11, 31.28, 9.63, 79.72, 54.09, 12.6, 42.07, 66.14, 15.76","1, 1, 1, 1, 1, 1, 1, 1, 1, 1, 1, 1, 2, 1, 2, 1, 2, 3, 1, 1, 1, 2","1657290661287, 1657290675357, 1657290696093, 1657290751469, 1657290944966, 1657291012448, 1657543918400, 1657543925450, 1657544060385, 1658451076502, 1659284847679, 1659555721348, 1660050812367, 1660055752926, 1660219778126, 1660316414918, 1660319610226, 1660320138298, 1660320271473, 1660320739308, 1660322822013, 1660323216201"
8c3b1b20929b6b056fb6142129735cef58746858b97948536fda770572016fb4,Logged,107,"109adb08-8ff3-408b-b828-e16b51788202, 41742d22-1763-4602-9298-4d87b1a39ea1, 05cbbf30-51f0-46b6-b7ca-fd1cc7269a2f, 5e426801-9a31-40b5-a492-26db7545dccb, 31ac419c-b6fc-4691-a652-aec0e70e5328, d8e96969-c9d9-4c28-a9a8-403abc1e784a, 97bfde1a-e778-4f77-b89c-450191fbb17c, acbe209e-8cbb-4e2b-84ca-3d942834b4de, f135ee87-7058-4c03-b1eb-ab030148f66b, 36962fd8-9237-4dcf-bf76-98a8fc80f952, a80614bb-c02c-4837-96ff-cb9239189dcd, fe5edd8d-3b66-4694-95a5-663d7789b429, b4f62059-142d-404f-8501-d36f3a90c8a9, 74ec4ccd-b99c-43ba-b683-e6dcd86f55e2, 0f338ea1-7fa3-44e6-8f7f-a66bcbbe63f4, bfc2eff5-a678-4895-a577-6b329c7e261d, 11ae3ff3-e3de-4cdd-8a18-f0988e3bb0b3, 9a45767b-ea02-495d-bb79-6be84b106fc7, 2d3ab11d-23c8-46d9-8361-b0c418fb0ae9, 7b056bf6-c232-46bd-8903-59145ff7ce46, 1307ae3e-2859-429e-8325-2d70b7b33b8a, 02910a33-93ba-49fb-9bfa-f8db58520cdb, 1dbee9a0-3e05-4f65-ab77-df17f049b762, 7fa14e33-c167-4a27-a6be-c73bf4c9b9b4, 6ec65b29-e203-4d31-9bee-7bee29136860, ef032ae9-d86c-4a49-8773-dc41ddb5ad14, 1b606d64-4072-45eb-83ce-805e4d96b7e9, dcbcfc8d-6010-41df-a39d-008b0c7bc85d, 05426b90-aa7f-48ce-b2a3-ccad12eab0f0, 78c6496b-74f0-4060-94c8-a315d1acfe61, d2705701-d897-4048-992c-384542c33812, 75432862-84da-430f-bdb2-ece65dfb0679, e0b8e742-f94f-4361-b662-9e9d24c99803, 312aa4de-c74e-49e9-b0b5-a4fbff3b4c99, 3e54b313-2fde-4180-9948-74e889dd9430, 256ec832-96f3-4066-a866-e78772d1b8a8, fb112a49-5e13-4046-ae7d-2a7d7dba74c7, 9a410816-8a7e-4860-a977-0899cc6d7c20, e5743cd7-98c0-491b-b621-b80538874d4c, 2db03c22-5855-4ae4-b20d-c8ed92c08045, df61271b-0d5a-4f87-8ab2-1cd702e45951, 1dc0c4a8-0e13-454d-b3cc-16181bdf727d, b0617eb0-b658-4635-bf03-e689d783a0d4, c963b3af-46f5-40f7-a918-aebdfe46a653, 386cecf8-bd8b-477c-b4cd-f37913614ad5, ac0ffe2c-5277-48e3-b898-a26ec2f9b423, 45a2068f-7dd0-4244-89c1-9119d1937bd4, 06294fd4-5d1e-498f-9a46-b0631ebcb60e, 2b42c74c-5eca-4dd1-afab-f5de95d03e76, a1a27aa8-6ac4-4ff8-be0d-96b8c286059c, a42b477e-4650-413c-83e0-d68b3a1a9a13, d66628e7-f7f5-40ab-a658-efa8c8312cd5, 0c6b62ae-021e-4cda-b5ab-e1f6aa19b3d6, 872f883d-81d1-4366-96b0-b211e0d594a1, f35f46e9-3de0-45ed-81f0-0fbe9852f51a, 6d0a4a90-821e-4a01-9e2f-5bec389167f9, 21a88638-de8c-42f7-8a9c-64e30dc5e86c, a9d7094a-dabe-42bc-abbe-d703783abd13, c301f635-9989-4ca7-97a5-d2ec1d20ebdc, 692337ad-c1c0-42ad-9a38-b24a4d2ca2cf, 74f37573-7601-4b90-8108-077b7e4e26b8, 8bc1cd83-03fb-4afe-81d7-b9e40c2a3888, eccc18ac-1a80-4bf3-a980-e4998ac9724b, 8e2a6959-7184-4c32-9703-6ec03b2381ae, 529a23e0-baa8-4824-9554-416ceba464ae, b4205fc1-0e95-4f4a-8ce1-e2e6478c5a41, 02461678-4c3a-4a50-a455-e4b56d39d4b7, 8642418f-15b0-4373-8f06-a61b32800368, e060ab64-c16a-4978-9160-acbe10e96963, cb324527-6a66-491d-b53c-6a6d7ece566f, 8db04492-54ff-4cde-b002-f41c8ba53768, 7456c88d-6473-46ed-83a6-dfc406994162, cbd5caa8-568d-408e-909f-056c32d6b75a, esid:conteudo_editorial_g1#materia#https://especiais.g1.globo.com/bemestar/coronavirus/estados-brasil-mortes-casos-media-movel/, c42770df-39ab-4050-a528-b180ad6525d5, 98d5eb95-731f-449c-8588-99e86416f789, 5dc238f3-93be-4fbe-ab76-ec09c9cdcbd3, d2593c3d-2347-40d9-948c-b6065e8459a9, b4d4484d-ed70-4785-a3d1-69ca4328d54d, d727b053-4d57-408f-acfe-f864d689ee97, 4251d0dc-1eca-453e-b31c-12e7a007a312, f399b893-e696-4f8a-9dbe-e49fdecddfa0, 8b87cff0-c55c-4957-90ab-7d8e7d8d8b45, 66d6c3ba-75b2-4728-a883-a24bfff04fc3, 07d84405-1f24-40c4-9f0a-7553e8423c4a, a5ee586c-de0c-4684-beac-f9caa24466ff, 9641e073-c9f4-49c2-855f-dc11353f9903, c48c4f8d-b3c7-4d3f-82c4-84091bd4e401, a3361408-a006-466f-9656-2e60e4e06b84, 8ee1f5d0-b43b-41e9-b362-a0d812b587bf, 54581ea1-1c7f-445c-a01d-e0efb0e3ad5b, afc1e34a-29ba-42ef-8b05-2f256868d156, cac2333d-56cb-4d55-9a26-c3aec02f3130, 5acaac71-a0c9-4d6f-897d-308409a37f01, fd3c2179-09b0-4b2c-96a9-2d8822f28851, 3250d2e5-a83a-4955-9dd3-d97a25c278b5, 96798969-115f-403f-857f-08470b049a5a, 98473c0a-bbe2-4bc3-b1c7-12053701d2c7, 8db59e19-e2ce-4348-9a7b-3293e441d624, 6d3d2b69-609b-4c02-a719-62fb4f540e0d, 248658ec-ca38-4dc1-89cf-33f97ca8c635, 215bb7a9-8777-4327-89ee-005464d731ee, 3db31d95-bc82-478c-997a-b462aab61fcf, 8739adb4-5ca3-430f-95d3-51e7137f955a, 84f9b096-a140-4f45-a303-b4c4366bce53, 34019d12-3a5c-46ee-8b3d-08d59843544a, f203f833-8dcf-4a05-9f0f-4b58eb440bbe","1656716701825, 1656724139982, 1656785485739, 1656841961876, 1656842037830, 1656889946127, 1656977183267, 1657036757763, 1657036842831, 1657041477589, 1657063433295, 1657119458387, 1657139850029, 1657198151759, 1657218149727, 1657224458629, 1657228544887, 1657235158038, 1657235327470, 1657236343819, 1657237466440, 1657323106617, 1657387384928, 1657398511072, 1657398533786, 1657413401483, 1657413479940, 1657489682593, 1657494790634, 1657535117541, 1657545796519, 1657545829618, 1657581137669, 1657582199166, 1657634383711, 1657643406627, 1657665666630, 1657667787227, 1657669404465, 1657732265960, 1657754545632, 1657841270731, 1657902792089, 1657914655881, 1657933319512, 1657992718456, 1658013184560, 1658078079806, 1658139082395, 1658149562401, 1658149579095, 1658162872850, 1658177139974, 1658177949587, 1658177996087, 1658178070338, 1658186354590, 1658232838393, 1658232883318, 1658241688569, 1658241721378, 1658273084173, 1658277888820, 1658320856936, 1658369275115, 1658399199705, 1658405884412, 1658445940083, 1658445970941, 1658496948105, 1658532761263, 1658581260742, 1658675981669, 1658705634143, 1658768979003, 1658786224889, 1658791351663, 1658877902644, 1659002207684, 1659044735513, 1659050945764, 1659085773863, 1659138859872, 1659175694660, 1659223199459, 1659226496204, 1659229529000, 1659294633617, 1659315706989, 1659378344839, 1659399654662, 1659478785326, 1659484155338, 1659572598418, 1659613774497, 1659657040698, 1659712267084, 1659743688642, 1659795827656, 1659985072867, 1660002043068, 1660039271209, 1660183139355, 1660230721490, 1660349513545, 1660419956951, 1660484503633","9, 30, 20, 6, 8, 11, 13, 26, 9, 22, 16, 21, 0, 6, 37, 0, 26, 62, 18, 5, 56, 13, 11, 0, 11, 11, 18, 8, 11, 8, 7, 23, 0, 0, 7, 12, 8, 0, 15, 19, 14, 9, 4, 11, 2, 0, 0, 63, 0, 0, 18, 9, 0, 0, 0, 0, 0, 1, 3, 13, 0, 5, 13, 29, 6, 4, 0, 1, 5, 1, 4, 0, 59, 0, 0, 7, 0, 8, 7, 0, 7, 6, 11, 23, 3, 33, 0, 21, 0, 3, 0, 0, 0, 17, 25, 14, 24, 9, 0, 0, 0, 34, 3, 4, 6, 0, 0","13857, 56123, 44791, 13571, 30000, 21693, 20000, 62074, 40000, 40000, 23752, 56522, 10000, 20433, 69798, 10000, 60553, 143467, 30000, 16949, 100000, 21862, 59336, 10000, 16890, 25068, 57872, 24009, 20000, 20605, 13851, 82107, 30000, 50000, 10209, 32056, 12984, 54074, 30000, 86358, 34689, 20000, 14422, 30000, 13066, 38212, 81141, 255446, 20000, 5234, 73308, 19096, 23286, 30834, 33421, 40000, 50000, 7596, 20000, 19931, 5552, 12115, 26372, 52176, 14030, 5469, 14074, 10000, 11874, 12087, 10000, 70000, 131523, 11662, 26795, 19915, 18050, 10036, 16250, 28813, 10016, 10398, 20000, 60684, 11110, 130045, 5941, 100000, 14817, 20000, 10492, 10000, 26056, 31342, 50000, 19339, 60763, 20000, 62217, 10000, 18055, 68279, 7342, 6681, 40000, 50000, 210000","31.87, 62.79, 38.58, 15.04, 30.49, 34.14, 37.87, 37.8, 26.67, 47.59, 39.37, 35.46, 7.13, 35.68, 53.06, 9.25, 30.69, 35.82, 62.71, 33.25, 69.54, 48.67, 41.68, 16.25, 41.82, 39.15, 49.48, 35.62, 40.8, 26.61, 27.03, 41.11, 18.09, 48.78, 23.97, 32.52, 32.06, 39.61, 30.26, 41.83, 41.97, 56.48, 35.7, 35.89, 20.71, 33.37, 54.66, 71.5, 28.04, 29.47, 42.4, 33.23, 35.16, 46.34, 42.73, 41.56, 66.0, 33.9, 25.6, 43.87, 6.55, 25.44, 31.21, 36.0, 35.86, 37.25, 42.53, 27.12, 38.83, 20.17, 30.35, 32.38, 49.44, 21.81, 19.28, 16.48, 53.89, 40.11, 33.92, 76.67, 24.06, 16.12, 40.68, 38.66, 32.16, 39.34, 25.2, 48.84, 18.82, 17.96, 34.55, 10.81, 29.42, 24.88, 38.4, 37.82, 51.75, 22.62, 43.04, 10.17, 37.92, 33.39, 32.38, 36.45, 17.13, 48.16, 78.6","1, 1, 1, 1, 1, 1, 1, 1, 1, 1, 1, 1, 1, 1, 1, 1, 1, 1, 1, 1, 1, 1, 1, 1, 1, 1, 1, 1, 1, 1, 1, 1, 1, 2, 1, 1, 1, 1, 1, 1, 1, 1, 1, 1, 1, 1, 1, 2, 1, 1, 1, 1, 1, 1, 1, 1, 1, 1, 1, 1, 1, 1, 1, 1, 1, 1, 1, 1, 1, 1, 1, 1, 2, 1, 1, 1, 1, 1, 1, 1, 1, 1, 1, 1, 1, 1, 1, 1, 1, 1, 1, 1, 1, 1, 1, 1, 1, 1, 1, 1, 1, 1, 1, 1, 1, 1, 1","1656716701825, 1656724139982, 1656785485739, 1656841961876, 1656842037830, 1656889946127, 1656977183267, 1657036757763, 1657036842831, 1657041477589, 1657063433295, 1657119458387, 1657139850029, 1657198151759, 1657218149727, 1657224458629, 1657228544887, 1657235158038, 1657235327470, 1657236343819, 1657237466440, 1657323106617, 1657387384928, 1657398511072, 1657398533786, 1657413401483, 1657413479940, 1657489682593, 1657494790634, 1657535117541, 1657545796519, 1657545829618, 1657581137669, 1657582199166, 1657634383711, 1657643406627, 1657665666630, 1657667787227, 1657669404465, 1657732265960, 1657754545632, 1657841270731, 1657902792089, 1657914655881, 1657933319512, 1657992718456, 1658013184560, 1658078079806, 1658139082395, 1658149562401, 1658149579095, 1658162872850, 1658177139974, 1658177949587, 1658177996087, 1658178070338, 1658186354590, 1658232838393, 1658232883318, 1658241688569, 1658241721378, 1658273084173, 1658277888820, 1658320856936, 1658369275115, 1658399199705, 1658405884412, 1658445940083, 1658445970941, 1658496948105, 1658532761263, 1658581260742, 1658675981669, 1658705634143, 1658768979003, 1658786224889, 1658791351663, 1658877902644, 1659002207684, 1659044735513, 1659050945764, 1659085773863, 1659138859872, 1659175694660, 1659223199459, 1659226496204, 1659229529000, 1659294633617, 1659315706989, 1659378344839, 1659399654662, 1659478785326, 1659484155338, 1659572598418, 1659613774497, 1659657040698, 1659712267084, 1659743688642, 1659795827656, 1659985072867, 1660002043068, 1660039271209, 1660183139355, 1660230721490, 1660349513545, 1660419956951, 1660484503633"
c51ca0d50b49f623acf043372c297223c603a71c11ef6aaaf18218655d7e2ea5,Non-Logged,76,"1f2b9c2f-a2d2-4192-b009-09065da8ec23, c2196573-d7e6-4a0f-9cb8-7a7e3f9c3093, 78f442cc-1fb3-4bf0-a9c7-ab6cf5a73526, 700d8181-ed28-48f9-b716-40c18325909a, 87c631c7-e4bc-4536-81f3-94bc6c638cfb, dba70969-69fb-4e1d-a19a-b415a5e5596d, a1c96be2-5708-4bb3-861a-659123ade1cc, d5715e4f-d795-4520-80b8-cf8898bebea0, 242a3ced-bcbe-4083-8099-eae08787ebbd, 31409616-4772-4a26-8277-9dbafa51b2e1, 6ed9e216-c315-4351-ac56-63dba3126af3, d8e96969-c9d9-4c28-a9a8-403abc1e784a, 0d2e99c0-0144-42fe-822b-81cfba0e88a3, 9f625b37-0758-4f23-ad93-fbc8d508b36f, 2db1a14c-afb7-435b-9cc7-3d85d5aecd09, af5d32bb-ab3d-47fa-96c2-bf44680ea0f7, e8bb0851-916b-4dcb-8c00-27be23c1863a, bd1276fb-8d3a-4d85-9301-d221476dfe23, 0e63f228-3f5f-4883-a851-d557a36c603a, 53e595e7-c7ed-4589-8ac3-4e29b39c1feb, d6d7696e-9bd3-4cb4-9cbd-9e58b9656bd4, 7b056bf6-c232-46bd-8903-59145ff7ce46, a36c0493-9523-4b7b-a765-e5c537c90855, 9a995df9-084f-4a39-a623-4ef1b06a36ed, 7b959259-1958-4f88-83b4-c79fb30d9561, 047cf8f8-9ced-49ad-b159-4879ae1573c9, b3aa822f-fc30-4198-b484-e5d29f94641d, f4e179e7-d4d2-416f-8997-51f421bcab2d, 9468d948-25cc-49d2-a659-167496e0892a, 43cc5638-6dda-4f23-be83-647bac748e70, 09a5a7c8-7687-4311-907c-d43fdb650b4c, e3775744-858a-4d45-9159-5783c6be4b70, 172c1f0d-5e4d-4a8d-b777-fabe83d6fccd, c746aca1-e23c-4dce-8b70-75134bfb36a4, c4691246-af6d-42ef-87c3-3aa1579c9397, d57f0e9a-445b-465d-b757-be4f32e75fb9, 5af379e6-1bd1-4cf8-a23c-03266fb77b2c, 22bb0455-6973-40f3-97eb-579f6661317c, 12c44ec3-3624-4c0d-990d-27c38e7a5848, a1a27aa8-6ac4-4ff8-be0d-96b8c286059c, 16834dee-0e39-4152-b3e5-4d2ac9f586c7, 2359d2b7-5404-4a42-af66-1be61e83ac5f, e8636a22-d42c-447f-ae52-46f6eaed5a26, 6452fa85-14ed-42cf-a9ea-625e1b4204b1, 945fe586-7082-4cb4-a915-c1023f56f7ae, 801d8ece-5a4c-4ce7-b31b-2ecbd49578fb, 857a13e0-28f3-448b-b4c9-b78cc9cb751e, fddcccba-8d35-4922-9bb3-e6312caf2eda, f3e4630d-2b67-48d1-80f8-b222d2064adb, 38dc178a-4ddd-401f-afc6-7b0f93637811, e384ec29-136e-4241-9321-49b367b8cbd5, ca35decb-6955-44b5-b2fa-eb4529c3cb5c, 34c9da29-421f-4983-bd32-19a7daaace13, 850031b3-5495-4892-a017-1f4aa336e2a1, 4e73dd4e-0e2b-4a11-8f5b-658619b08027, 7ff60fe1-4541-4357-88c9-a97c2f57b89b, f8f84313-2705-4d0c-8031-5c1a8fb2fa9e, 116fb46c-a297-4772-8de8-3609409599be, b3984824-9eea-4ad9-ae37-b07782ecc313, 229628a2-f8e0-43ca-bac9-f14a161f9124, 919f29bf-d153-400c-a04a-4237f5adf116, 5c37a504-0ed8-49c1-a6a9-d237d90664e3, 83568c85-7264-4e45-8a2e-eeb246118465, bd4e7054-4043-4acf-9a49-7d883152189d, 5b82930f-fdd7-4e5e-b720-8b1b8eb709d8, 8d477e04-3bab-4ad9-8fe3-799059238a9c, cbc832d6-af68-41bf-91d4-8740d71c5952, 50f85bf5-c153-4611-bf35-2f781ae4e234, 79e31afa-a335-4dc5-b69a-55391344cffd, a25e68dd-1343-4dc5-be73-2ae40aaca5ee, 0887c6f8-7236-40d7-a5f4-bda08e5051ab, 08a27175-61cb-4462-b0cf-4f9ec2d9d9f0, e3733622-fbbc-452a-8767-545b30989b07, 9bc6f6fa-94fc-4748-b4ff-40aaa6c4f525, 029c4dd9-4231-469e-8eca-3de5f05ea046, ed2b2eea-e01b-48d7-8064-4a92bc5e21aa","1656674401900, 1656676464792, 1656939069134, 1657020556605, 1657021967263, 1657192672174, 1657193073042, 1657281896844, 1657284088393, 1657647266463, 1657650210444, 1657654539195, 1657711844936, 1657712448734, 1657712573321, 1657730606618, 1657797857934, 1657798142503, 1657799955018, 1657799976360, 1657801791735, 1657813665577, 1657883871182, 1657883995503, 1657884127108, 1657885991715, 1657910736120, 1657913091929, 1658153044119, 1658155978842, 1658156350467, 1658157330776, 1658177544455, 1658229546287, 1658229634285, 1658231148339, 1658247987052, 1658318621023, 1658319109438, 1658402289723, 1658403877775, 1658404050441, 1658488874825, 1658488890498, 1658489058868, 1658490807206, 1658490993443, 1658491764117, 1658508329529, 1658508432041, 1658779232609, 1658834821365, 1658922494684, 1659007262757, 1659354786760, 1659440600105, 1659440727047, 1659612889626, 1659613254747, 1659613393677, 1659613649565, 1659646735766, 1659646740817, 1659646778314, 1660045349611, 1660046391990, 1660047441641, 1660130176151, 1660130791915, 1660130810529, 1660130865637, 1660131791485, 1660132235181, 1660132282269, 1660303527219, 1660303595348","9, 0, 50, 13, 25, 6, 0, 5, 0, 55, 7, 0, 5, 2, 20, 13, 49, 18, 43, 15, 12, 10, 0, 0, 0, 6, 0, 0, 0, 0, 1, 22, 19, 0, 1, 30, 0, 1, 0, 20, 18, 0, 0, 0, 0, 0, 1, 0, 0, 7, 0, 0, 0, 33, 1, 2, 20, 36, 44, 0, 64, 0, 0, 0, 17, 12, 6, 0, 1, 0, 0, 114, 1, 7, 0, 19","40000, 7849, 130000, 39696, 102948, 56984, 22203, 9467, 18221, 135686, 120000, 12044, 250000, 94303, 100965, 50000, 269498, 140000, 143754, 29923, 58137, 153637, 108466, 108694, 185437, 90000, 36365, 92041, 5583, 20000, 10000, 140171, 120000, 35055, 47375, 160000, 30000, 180000, 10000, 183846, 122743, 20000, 45459, 93514, 96930, 137966, 60000, 114275, 40000, 140000, 52109, 20000, 45613, 176896, 130000, 50000, 78472, 164067, 111025, 73228, 162041, 8431, 10000, 29375, 80000, 40637, 54183, 30000, 15554, 39375, 10000, 276622, 38359, 158085, 30119, 80752","27.78, 20.22, 79.7, 53.75, 47.3, 70.08, 62.0, 19.4, 18.93, 60.89, 66.31, 24.78, 98.35, 56.79, 51.29, 51.45, 74.29, 68.73, 63.48, 44.05, 41.53, 37.61, 79.51, 58.25, 15.97, 53.66, 41.34, 20.88, 16.52, 41.82, 29.65, 53.18, 62.26, 69.65, 23.46, 74.4, 23.83, 31.13, 14.79, 69.7, 63.53, 18.13, 42.86, 65.37, 14.6, 64.36, 38.36, 69.67, 43.44, 70.15, 53.14, 24.15, 53.48, 70.25, 56.56, 57.58, 58.37, 68.9, 76.28, 69.07, 19.76, 23.86, 8.8, 32.92, 61.71, 37.96, 57.26, 28.66, 20.8, 23.37, 5.45, 70.94, 17.89, 23.43, 58.88, 53.1","1, 1, 1, 1, 1, 1, 1, 1, 1, 1, 1, 1, 1, 1, 1, 1, 1, 1, 1, 1, 1, 1, 1, 1, 1, 1, 2, 1, 1, 1, 1, 1, 1, 1, 1, 1, 1, 1, 1, 1, 1, 1, 1, 1, 1, 1, 1, 1, 1, 1, 1, 1, 1, 1, 1, 1, 1, 1, 1, 1, 1, 1, 1, 1, 1, 1, 1, 1, 1, 1, 1, 1, 1, 1, 1, 1","1656674401900, 1656676464792, 1656939069134, 1657020556605, 1657021967263, 1657192672174, 1657193073042, 1657281896844, 1657284088393, 1657647266463, 1657650210444, 1657654539195, 1657711844936, 1657712448734, 1657712573321, 1657730606618, 1657797857934, 1657798142503, 1657799955018, 1657799976360, 1657801791735, 1657813665577, 1657883871182, 1657883995503, 1657884127108, 1657885991715, 1657910736120, 1657913091929, 1658153044119, 1658155978842, 1658156350467, 1658157330776, 1658177544455, 1658229546287, 1658229634285, 1658231148339, 1658247987052, 1658318621023, 1658319109438, 1658402289723, 1658403877775, 1658404050441, 1658488874825, 1658488890498, 1658489058868, 1658490807206, 1658490993443, 1658491764117, 1658508329529, 1658508432041, 1658779232609, 1658834821365, 1658922494684, 1659007262757, 1659354786760, 1659440600105, 1659440727047, 1659612889626, 1659613254747, 1659613393677, 1659613649565, 1659646735766, 1659646740817, 1659646778314, 1660045349611, 1660046391990, 1660047441641, 1660130176151, 1660130791915, 1660130810529, 1660130865637, 1660131791485, 1660132235181, 1660132282269, 1660303527219, 1660303595348"
91e905cf6017c7918dccbdc9dd8fdadeea8d360d8f428d3beacd9df0d2aee253,Non-Logged,157,"31e64f8d-ca41-4831-8673-98c707014658, b218e4f2-8905-4dc8-8247-ad6dc520c5a3, 561850c2-9ade-4985-bf36-402abf02153d, 426e9777-7ad8-4b0f-98f4-48e8ee96ace5, 9663d9e1-ce9f-42aa-981c-ef9e527d1427, 047d5e35-90f9-4bb7-b635-037c8efa4ea7, b7e17c35-a165-4afc-9057-eab54a9036b0, d0401d26-b796-43e9-b46f-5a3c5d0e4338, d173164f-dcfc-4e32-8006-64ab44a57c66, 68bc8994-ebef-4e48-8478-e7fe1619ae58, ced7fe89-46e6-4bc2-b5c8-ecfcfd33c577, ad2cfd11-eecb-445e-ba97-575bae8acf6d, 31bc6d2a-a9d6-4c74-887b-aac966e8056a, e89be8e9-c650-4857-8685-7d947954f17f, 886317fa-cdaa-4d94-b108-d16ad1421678, 11cdab41-edc5-4af3-ba9a-bf53e5681263, ad2c51f7-26ff-4f7e-98c8-32462c62874e, 29b6b142-4173-4ec4-832f-7d0a32255c10, 2008f497-c05f-49e0-88dd-86aa1e395f15, 1f32787b-de2b-49be-8c20-ddaeae34cc22, 74f2f8ee-0e45-42fc-83c6-045ae2dc6a69, e254dc89-444c-42c6-a064-4acaa441e49d, 4a280221-27c3-4b26-96e7-c833745bfe3d, 2a9226ae-a3a7-40b5-b800-ebabe6229a29, a1c96be2-5708-4bb3-861a-659123ade1cc, 6e5ae05a-ccc9-4384-85b8-9fa1d871ba1b, 556917c3-e670-480e-9456-4e4f2429d10d, affd60b9-a3b6-46dd-affc-7156ae1a7ea7, 4e7f8677-3bdd-48ae-bad6-28e226689c4b, e5d814f2-7979-427f-8274-f865ea7f1d79, b5686ef3-94fd-4787-8373-537b3f6c1e05, eb7cf69c-3d60-4967-bd8e-0b0be870665b, 0eed57b2-1281-440f-86d6-02d3603eec54, c01872c5-243e-43ff-b744-3467c6b3f6ec, 00f9aa60-3a6a-4e2e-bf5c-bb25f742cdf2, c64c0aa5-37f1-4da2-9e10-bbae843f7d7c, 886aee00-ce36-4b2c-ade8-545724af093f, 28f15fa4-289a-4d5f-b817-c26c8f664333, 51219799-daab-48b2-b700-3a61833b3ea8, 430b49c2-993d-4519-a4fe-5aa5d183fe62, df80ec0a-a61a-419c-83e0-b87d1b82b7b0, 9a4bb232-f1b6-4cd1-ba6c-c4696952153b, cee20002-7c68-466a-933e-f8969dc58afc, 87b7c93a-809a-4709-8e59-c56b02fec7c2, 17d0a275-8223-472c-8c9c-cafdbd6b5739, f82aca8d-3fdb-433b-b245-980d9a040d77, 7d01e42c-b2b8-415c-859b-98957a3b537c, 5dff8fb2-73e6-4c22-a34f-c367aa2677df, 4b715f78-cfb2-4cef-bce4-7f50c8c9ecd4, 62c75a44-c053-4f1f-8cd7-788df09ad65b, bf257382-74fb-4392-ad6a-143240e39f81, 728b7a40-992d-4b87-83f4-f77b79299751, 6b801dfd-6cc1-4aa4-90b2-f1cb0cf86a6f, 0ec37f7d-2877-45a3-bd54-81c84c3057f7, 7594da99-d606-4338-a373-710a7dec776a, 5a8c0d96-e126-4472-bc01-e581564c6575, f4ac3eb5-e145-4685-b9e9-b61f3551aa58, ae3ea2eb-2d87-4380-983e-77072492ea63, 83cf1546-5235-491f-ae0c-90949a2ab3c2, af5d32bb-ab3d-47fa-96c2-bf44680ea0f7, c2d9a2c5-fc0c-4bc1-811c-5ad7b4f482d9, e8efb625-128e-43e0-b4dc-450ccb2003a1, 35bc231e-0dbe-4639-9732-aa9a1d7d5570, f6551587-8e3e-418a-9476-e9b000721ee3, c85cb6f6-60e1-4a94-8f8f-6b436bb1d77c, 0458efca-6f84-4223-bb16-68096059b07b, 4698fa3a-6a33-483e-876e-43207d0024ae, e1a89c3a-1649-486f-a964-ecfb33821e77, 9771b0d9-b14a-4908-8932-440b6fe33aeb, 01514b11-4f32-49f8-abd3-00a8f753a0b0, 4d89c4b6-6827-4935-9ba1-0502025af270, 608dd663-6710-4c63-a805-0034989599c5, d6d7696e-9bd3-4cb4-9cbd-9e58b9656bd4, c0e5b84d-ad62-441e-a50e-0d562fc15540, e63ef205-d49a-4cd6-ac85-059535e3d68c, d5a4bd8e-bc31-4d47-bb10-2bf7eb7a6b12, 7fcf82cf-6a19-4e1f-a054-d5356546bf31, b4a5680b-d0e1-4260-bc54-82fbe328d3a0, 66a9efac-fd43-4fd1-9824-c404b08efa5d, 97568ef6-3bad-4c39-8fe5-eeb939c1d36c, 4263193c-f7ef-468d-b141-d151b01cf38f, 18214963-8542-4ce9-ae94-769332edd06a, bacab81b-4dd0-4047-8d51-a9cb03a8e18e, 62c033c2-103d-4c76-8dbf-19c1cc869ddf, 3beb9788-4eee-4c88-a3de-dda387333710, 30a03e2f-327f-42b2-babf-fbc8e9a208fd, 347a01fa-6f39-49c7-9a61-72db9eca0d19, 882e7c95-935a-4eab-9ece-f85f5f7d0f4e, 27453ffd-5354-440a-a6b1-0b56eb6b6821, d8ab72b2-7618-48b6-839f-e80cecbba5ff, 2de36771-38b8-4e2c-a2b7-d00590dd9009, 756f1fd7-703f-4ba3-ac49-a7c9bff1b1ec, 1a9dce44-e66c-4342-9b28-1ed09cd6a8dc, 0305a46a-fe62-4666-9742-f5fe5db890ab, cb479713-8d66-4c95-9642-b753ac908721, cbe8f97d-6890-4ff2-80de-544fe2e4bc02, 41ea29bd-18b3-4bcd-aa23-554fa490e4c9, c55b5b0f-9cd7-416c-a87c-e781c6e9bdaf, 2fcb504f-8b37-4d26-b7b8-9eca64eeb200, 13f2cc37-f575-44d5-b33f-045d0b0a912b, ab0e36b0-91dd-400b-a291-d484700f8538, bfd7eaa8-9116-4382-b00e-afc35498dbf1, a6ab18ec-e32f-474b-964b-987309c61581, d57f0e9a-445b-465d-b757-be4f32e75fb9, f6b5d170-48b9-4f8e-88d4-c84b6668f3bd, 06371fcd-93b2-4ce0-975a-8e697c64582d, 100ff71c-da18-4182-9672-369324a71bb5, 15571275-5d8b-4799-ac24-8ad272c4115d, 5dc6321c-4aad-4c69-bb5f-b0355b43e243, 2ae5aab4-3e84-441f-8e24-d57f1d8c2830, 6f75413a-d1d4-4f32-8ecd-f02a532a7b06, cf8c8e86-b8b8-445e-ad36-384e74cc8b2f, e9a53ae7-25ae-49f9-9c61-f590fda77b87, 5f2f1833-d203-486a-ac56-665fc3767018, 19607b8a-342e-4b79-b471-1efad5f1c3cf, 4e73dd4e-0e2b-4a11-8f5b-658619b08027, b3984824-9eea-4ad9-ae37-b07782ecc313, 7966abf9-474e-4190-a9f6-baa5501068a0, 649e4aa5-f7e4-452b-bc4c-9a8e7cca88e0, 30b61109-aa65-4ccc-a8aa-d3a39de4edd0, 1c0de40e-9796-48e1-ad7e-144d809f7f41, 564f0976-781b-44e7-96c8-7377097d0101, 0819b74d-b28a-4702-90a2-9d205dd9fc5e, 6406fca8-d17f-4ae1-b4f0-6e132249d3e4, 7356b506-af76-41e7-a497-fbebbe458d52, 458bf0ec-efb4-4bfd-9446-c80295e6aa87, d2593c3d-2347-40d9-948c-b6065e8459a9, 4251d0dc-1eca-453e-b31c-12e7a007a312, 0d1d4743-a5a8-453b-b39a-90ef48f6f08d, 10660326-a0c1-42bb-8ec3-19ecff61f467, 77cec220-a06d-4bcb-af00-25d0931be557, 8668a87e-6ec5-4069-8649-a08824bb3e14, 01b6dab8-e07a-473f-b789-a2bb201fb835, 55595bbe-ee7e-42b5-81af-cf0bcb572a72, b452eb68-8668-474e-9800-35f0835c993e, 5ef8124d-495e-4de3-af19-48c14b92dbd4, d59a4285-bb13-443f-9e86-4d17af9b5ac8, 201d127b-bdc0-4ab9-85e3-48ef63c0c20c, 6760953a-6c40-461c-87ef-45639ea4909a, 47d4edeb-7705-4e8c-a380-777d52b0ef2d, 184bf834-7500-4c6e-acfc-1f2e9d710b59, 08a27175-61cb-4462-b0cf-4f9ec2d9d9f0, 5fe3fb4d-b781-4e19-8d03-77e813a6dd37, 6dfc2f2f-fc3c-4594-9f67-ea22bc7d6310, c309c7aa-b438-416a-b3a2-bd433614c6ab, 855d20b7-53f2-4678-a10f-55402d085018, cf84c695-4234-4f5b-a553-2b2cf67ba683, cd81f330-0480-4da3-bc7e-7b6fc33aabcd, 4d160552-aecc-49ee-8024-35ab14c23ca1, 8e0884e2-50ba-44c0-87b9-d64d913288af, 1a3641be-fa6a-4d72-a5eb-9069686a88ee, a1349124-207b-42fc-a298-9f38b0cd187b, 38578b5c-4509-49df-ad79-c62cc914e4a5, c041f6d7-df78-40ee-8832-6772a0db14bb, 90742b11-51f4-46f2-bf58-24ffeb9f605c, 029c4dd9-4231-469e-8eca-3de5f05ea046, ece7f38e-1744-4885-83d9-2ffb89e40b11","1656672512838, 1656682567106, 1656798917428, 1656798989033, 1656799060399, 1656827849246, 1656868066181, 1656891649518, 1656891778883, 1656891937879, 1656895656090, 1656944378074, 1656947123576, 1656967678360, 1657017824498, 1657017916246, 1657020581531, 1657020681605, 1657067432766, 1657067681232, 1657067724941, 1657110061948, 1657136199416, 1657189446708, 1657189524589, 1657189690123, 1657386910410, 1657386965888, 1657408757863, 1657424744981, 1657542779479, 1657542868514, 1657543471334, 1657569438563, 1657627983539, 1657628222712, 1657628771007, 1657628821905, 1657628862774, 1657684636330, 1657804653856, 1657804982812, 1657806045582, 1657929427214, 1657931455113, 1658063472013, 1658143793460, 1658143865000, 1658154763049, 1658186368584, 1658246498460, 1658276373904, 1658324271543, 1658366856777, 1658449186761, 1658449244626, 1658491978961, 1658492487755, 1658516856818, 1658554572613, 1658555099327, 1658555159449, 1658555285484, 1658683185179, 1658696624202, 1658921252196, 1658921409479, 1658921643685, 1658923228053, 1659016955268, 1659017124584, 1659089401085, 1659089441614, 1659094103662, 1659138815413, 1659233510122, 1659278629098, 1659288091141, 1659355387782, 1659355901555, 1659356825205, 1659367769042, 1659380017744, 1659380381917, 1659392086479, 1659446015607, 1659446547820, 1659446692136, 1659486400769, 1659531995250, 1659548490081, 1659548623812, 1659548820005, 1659548900266, 1659556679361, 1659595277629, 1659618437806, 1659618495151, 1659619657146, 1659619775385, 1659649237271, 1659649325829, 1659654644821, 1659654678449, 1659655116170, 1659655304543, 1659699939094, 1659700797214, 1659745668395, 1659746089945, 1659746325414, 1659791145121, 1659837418941, 1659837524561, 1659874846537, 1659875408748, 1659984036198, 1659984100709, 1659990812908, 1659990890514, 1659990932999, 1659998794283, 1659999550246, 1659999914618, 1660034953732, 1660035216057, 1660036088755, 1660038295576, 1660045200051, 1660051018701, 1660076334828, 1660076917966, 1660077157917, 1660086464503, 1660086646282, 1660086818315, 1660087036066, 1660131174065, 1660133194014, 1660181831933, 1660182043389, 1660182147649, 1660182187588, 1660182280422, 1660182353834, 1660182421714, 1660216636445, 1660221885969, 1660227481513, 1660253457027, 1660262512238, 1660262631611, 1660348279803, 1660348493963, 1660354582282, 1660392091500, 1660516556099","11, 6, 42, 34, 11, 6, 20, 58, 46, 10, 25, 3, 13, 45, 6, 7, 1, 2, 45, 6, 4, 20, 8, 11, 20, 2, 4, 12, 19, 1, 18, 7, 3, 16, 49, 132, 9, 6, 3, 5, 43, 97, 2, 39, 10, 42, 8, 6, 8, 25, 6, 3, 7, 80, 20, 25, 25, 27, 4, 13, 16, 19, 19, 15, 22, 44, 21, 64, 71, 18, 22, 2, 28, 29, 27, 6, 15, 18, 65, 10, 12, 2, 65, 39, 35, 6, 8, 4, 115, 9, 36, 35, 13, 13, 4, 77, 2, 51, 18, 38, 9, 11, 12, 17, 92, 38, 64, 9, 71, 55, 9, 30, 30, 11, 137, 47, 21, 14, 13, 12, 14, 56, 97, 28, 28, 16, 8, 37, 72, 13, 35, 11, 9, 35, 58, 44, 50, 48, 5, 98, 27, 11, 32, 19, 99, 4, 135, 18, 91, 18, 17, 34, 36, 25, 3, 22, 18","32575, 25093, 78606, 43295, 46085, 20000, 65531, 130000, 104775, 32707, 105490, 10000, 58125, 104900, 20000, 45337, 12764, 10131, 199426, 10000, 13979, 58043, 23680, 71517, 70000, 21913, 10000, 36361, 55501, 12860, 81077, 20000, 10041, 40000, 233837, 444574, 46908, 22717, 23374, 10031, 130728, 330000, 11233, 60355, 33271, 190756, 37848, 20000, 22668, 61279, 10284, 10031, 30000, 213552, 55743, 110000, 80000, 80892, 10264, 35145, 47602, 70000, 48711, 96731, 80000, 100000, 93411, 220000, 196523, 62899, 89798, 10111, 189640, 154756, 77386, 50000, 30604, 76363, 170000, 70000, 118937, 12963, 93703, 69337, 119344, 45175, 23004, 20000, 133091, 44009, 125055, 87444, 30000, 44201, 10325, 194414, 10351, 130000, 70000, 92942, 40000, 21528, 21812, 107404, 186713, 149450, 250000, 10000, 144547, 151351, 56825, 90000, 67624, 44842, 549443, 140000, 62888, 40000, 41099, 24072, 40000, 290000, 172193, 60000, 150000, 56873, 23492, 80000, 326272, 70000, 132902, 50000, 60000, 120000, 176463, 191108, 130000, 200000, 42042, 242583, 76622, 21087, 85471, 61326, 202645, 20000, 331578, 107327, 296847, 70000, 80156, 94508, 120000, 193084, 30000, 140000, 52435","31.92, 27.11, 52.47, 24.73, 32.15, 24.8, 27.77, 37.99, 34.0, 25.83, 41.74, 22.61, 30.76, 43.72, 31.47, 42.38, 25.42, 28.73, 48.0, 23.63, 25.81, 38.05, 31.3, 39.01, 40.2, 35.17, 23.79, 36.53, 35.87, 13.28, 43.55, 35.21, 10.46, 48.12, 59.91, 61.69, 29.92, 27.88, 26.85, 33.01, 45.19, 68.56, 25.28, 56.76, 24.86, 64.03, 29.76, 23.75, 28.21, 53.02, 11.81, 8.38, 36.06, 84.58, 28.09, 56.13, 42.06, 53.62, 18.78, 34.13, 30.23, 42.67, 47.17, 41.24, 54.59, 38.61, 44.5, 67.43, 55.12, 33.22, 56.59, 8.99, 51.12, 49.02, 34.69, 30.91, 35.17, 40.24, 44.48, 30.11, 43.96, 24.98, 31.72, 48.22, 44.06, 35.52, 29.48, 33.14, 50.24, 39.97, 60.89, 54.96, 35.21, 26.47, 28.62, 60.9, 25.86, 45.14, 46.56, 44.6, 40.52, 24.65, 38.42, 39.98, 55.89, 51.4, 74.15, 11.59, 40.03, 46.25, 31.69, 44.71, 42.78, 23.58, 94.82, 62.77, 53.51, 61.66, 45.3, 36.65, 24.08, 49.7, 44.6, 34.21, 64.14, 40.95, 32.4, 45.74, 63.35, 31.46, 41.6, 31.65, 35.01, 53.22, 46.58, 50.18, 57.58, 56.64, 32.06, 90.18, 41.66, 37.0, 28.17, 58.19, 95.71, 40.93, 57.78, 41.53, 38.24, 49.5, 31.22, 37.68, 91.68, 41.13, 31.51, 60.07, 38.12","1, 1, 2, 2, 1, 1, 2, 1, 1, 1, 1, 1, 1, 1, 1, 1, 1, 1, 2, 1, 1, 1, 1, 1, 1, 1, 1, 1, 1, 1, 1, 1, 1, 1, 2, 2, 1, 1, 1, 1, 2, 1, 1, 1, 1, 1, 1, 1, 1, 1, 1, 1, 1, 1, 1, 1, 1, 1, 1, 1, 1, 1, 1, 1, 1, 1, 1, 1, 1, 1, 1, 1, 1, 1, 1, 1, 1, 2, 2, 1, 1, 1, 3, 1, 1, 1, 1, 1, 1, 1, 1, 1, 1, 1, 1, 1, 1, 1, 1, 1, 1, 1, 1, 1, 1, 1, 1, 1, 2, 2, 1, 2, 1, 1, 1, 1, 1, 1, 1, 1, 1, 2, 3, 1, 1, 1, 1, 1, 1, 1, 2, 1, 1, 1, 2, 1, 1, 1, 1, 1, 1, 1, 1, 1, 1, 1, 3, 1, 3, 1, 1, 1, 1, 2, 1, 1, 2","1656672512838, 1656682567106, 1656798917428, 1656798989033, 1656799060399, 1656827849246, 1656868066181, 1656891649518, 1656891778883, 1656891937879, 1656895656090, 1656944378074, 1656947123576, 1656967678360, 1657017824498, 1657017916246, 1657020581531, 1657020681605, 1657067432766, 1657067681232, 1657067724941, 1657110061948, 1657136199416, 1657189446708, 1657189524589, 1657189690123, 1657386910410, 1657386965888, 1657408757863, 1657424744981, 1657542779479, 1657542868514, 1657543471334, 1657569438563, 1657627983539, 1657628222712, 1657628771007, 1657628821905, 1657628862774, 1657684636330, 1657804653856, 1657804982812, 1657806045582, 1657929427214, 1657931455113, 1658063472013, 1658143793460, 1658143865000, 1658154763049, 1658186368584, 1658246498460, 1658276373904, 1658324271543, 1658366856777, 1658449186761, 1658449244626, 1658491978961, 1658492487755, 1658516856818, 1658554572613, 1658555099327, 1658555159449, 1658555285484, 1658683185179, 1658696624202, 1658921252196, 1658921409479, 1658921643685, 1658923228053, 1659016955268, 1659017124584, 1659089401085, 1659089441614, 1659094103662, 1659138815413, 1659233510122, 1659278629098, 1659288091141, 1659355387782, 1659355901555, 1659356825205, 1659367769042, 1659380017744, 1659380381917, 1659392086479, 1659446015607, 1659446547820, 1659446692136, 1659486400769, 1659531995250, 1659548490081, 1659548623812, 1659548820005, 1659548900266, 1659556679361, 1659595277629, 1659618437806, 1659618495151, 1659619657146, 1659619775385, 1659649237271, 1659649325829, 1659654644821, 1659654678449, 1659655116170, 1659655304543, 1659699939094, 1659700797214, 1659745668395, 1659746089945, 1659746325414, 1659791145121, 1659837418941, 1659837524561, 1659874846537, 1659875408748, 1659984036198, 1659984100709, 1659990812908, 1659990890514, 1659990932999, 1659998794283, 1659999550246, 1659999914618, 1660034953732, 1660035216057, 1660036088755, 1660038295576, 1660045200051, 1660051018701, 1660076334828, 1660076917966, 1660077157917, 1660086464503, 1660086646282, 1660086818315, 1660087036066, 1660131174065, 1660133194014, 1660181831933, 1660182043389, 1660182147649, 1660182187588, 1660182280422, 1660182353834, 1660182421714, 1660216636445, 1660221885969, 1660227481513, 1660253457027, 1660262512238, 1660262631611, 1660348279803, 1660348493963, 1660354582282, 1660392091500, 1660516556099"
fab00ce971e931e96e3cc2923a1f19b9dca68087bfe59781ca5000559712e714,Non-Logged,6,"b19d8018-1a43-4311-bec1-a6fcec8ac18d, 6e82f48e-1dca-4472-a4d1-5c97f2b3d033, 2e071615-123b-4df2-9f4a-305585e6d868, d7f17a3c-3885-4b47-95a8-c4204a3698f5, 239430d1-9a03-4b7e-a928-2362102ab641, 6919f08c-7a7a-431c-a07c-a7ff8f82bbbc","1659976906475, 1660221723111, 1660222108650, 1660416699512, 1660422867468, 1660509918202","4, 2, 2, 1, 0, 0","44631, 383039, 157539, 57816, 140000, 73451","27.7, 93.05, 36.48, 14.31, 20.06, 77.05","1, 1, 2, 1, 1, 1","1659976906475, 1660221723111, 1660222108650, 1660416699512, 1660422867468, 1660509918202"
dd4a219b14fb7f8d63c4fbce2a7ad4f94e416059982f1cec3f79814fd3fdf220,Non-Logged,21,"e1c41007-6658-4e86-ba0e-eac67a8bd0c2, c39e92a5-7d43-49e2-8d96-143070462e82, 29b6b142-4173-4ec4-832f-7d0a32255c10, a36c98b5-f159-48f8-9f5a-1fc6ea9956c8, 87b7c93a-809a-4709-8e59-c56b02fec7c2, bf257382-74fb-4392-ad6a-143240e39f81, 61e1bc59-b4ab-4f53-b625-2f78a4f1945c, 914fe264-109c-4d4d-8f18-052785666a24, f0a78e58-ec7e-494c-9462-fbd6446a9a89, 0ab3092f-590b-4caa-a4ad-17bfeef0fd0d, 37dad6c5-454e-4312-9809-b7ec3efae1b3, f00e8a4c-b451-4cd1-81cb-3667bf1bda56, a7d0a18d-f34b-4d81-bc60-01fa2891f8b5, e6bbb32e-35da-4cd9-b76e-61451b94d3db, 02e4c8f2-12ac-45bd-82ee-06db6fa15b50, 22bb0455-6973-40f3-97eb-579f6661317c, ad42c4b0-dfb5-49fb-87bf-7b5d055b6e8e, ea30018b-2961-475c-86ec-8e533ac457ec, b6ff34a6-65f6-43d4-a434-c72e009e32dd, 841bfeed-2081-4797-b6a0-1087aa7c2846, 1a3641be-fa6a-4d72-a5eb-9069686a88ee","1656871221246, 1656884180968, 1656990633538, 1658185266626, 1658252957499, 1658309023348, 1658584634844, 1658584772902, 1658611720203, 1659093467208, 1659107688034, 1659195753356, 1659574526601, 1659574599166, 1659666091738, 1659695258799, 1659833657547, 1659889817758, 1660170740172, 1660182493162, 1660209015470","5, 0, 4, 6, 5, 41, 43, 30, 0, 18, 32, 44, 9, 6, 22, 49, 13, 14, 21, 0, 3","24781, 10000, 20000, 40824, 34746, 168674, 94953, 67633, 10000, 100058, 126253, 170000, 55171, 28870, 50000, 260063, 83651, 56798, 111926, 10000, 20858","21.62, 9.35, 21.57, 28.82, 31.18, 54.29, 46.28, 58.88, 9.53, 33.02, 53.81, 66.01, 29.59, 24.99, 51.09, 45.75, 33.7, 41.12, 40.59, 36.08, 22.78","1, 1, 1, 1, 1, 1, 1, 1, 1, 1, 1, 1, 1, 1, 1, 1, 1, 1, 1, 1, 1","1656871221246, 1656884180968, 1656990633538, 1658185266626, 1658252957499, 1658309023348, 1658584634844, 1658584772902, 1658611720203, 1659093467208, 1659107688034, 1659195753356, 1659574526601, 1659574599166, 1659666091738, 1659695258799, 1659833657547, 1659889817758, 1660170740172, 1660182493162, 1660209015470"
7c7da81bbd7fb34cb073c0e129259d6956c29a9f2a7fc0ce68c841a6d1dae7cb,Logged,11,"78f442cc-1fb3-4bf0-a9c7-ab6cf5a73526, 0d532462-7a55-41df-a735-7bce9ed4b816, 6b9af32b-d168-4acd-a6e3-99665e6ee0c2, febe2095-c935-4b8f-a70a-c87eaf77e212, 55ab912a-2bac-46d9-9fcf-8e9be376f1b3, b37a596f-264a-4ae3-a31c-c2c81b9475d6, e650aae9-2b05-4564-9ce7-108a31c4de20, 9dbe92be-46cf-4429-b113-fdd5a2c1a2ec, d45c727b-46dd-4bc7-be9f-95e138766506, bbb9a9b0-e86b-4d4c-9ec6-b10dee6c7b5b, 918d4afe-5455-4ff3-968a-4b3b3344f49c","1657377937700, 1658407184671, 1658407186493, 1658597349121, 1658603677657, 1658604280504, 1660243204938, 1660243220814, 1660497680421, 1660497749276, 1660497766838","0, 1, 1, 1, 2, 0, 0, 0, 0, 0, 0","50000, 30000, 40460, 30000, 120000, 40000, 20000, 40000, 34592, 20000, 40000","54.65, 33.09, 32.17, 18.21, 51.56, 9.18, 8.23, 65.74, 54.59, 12.42, 19.94","1, 1, 1, 1, 1, 1, 1, 1, 1, 1, 1","1657377937700, 1658407184671, 1658407186493, 1658597349121, 1658603677657, 1658604280504, 1660243204938, 1660243220814, 1660497680421, 1660497749276, 1660497766838"
03687f8e83c83393e490bb17b38449507a5e074a632dc891e697adc1a8a0eeed,Non-Logged,36,"ecb1f348-cd55-47f7-99f9-bb2c84e93f96, fe31a3a1-20b9-4c6e-9692-c3bca946eb26, fcdc961b-9239-4c94-a775-bff667a105a4, e69d567c-41c3-4076-846e-23324fe91104, 9474232c-5219-4307-b4e9-51ee95d888e6, a9e09650-7f5b-46a2-8e59-8637fb48afd9, 8afc0d09-c7f0-484f-8733-d98253cba460, 66138041-d31e-490e-884a-5ff80d901d68, 9442c690-21b3-42bc-9e5a-f880de0fa0a8, d8a01a9e-9ad8-4081-96a5-bb19b8e9bb0d, d173164f-dcfc-4e32-8006-64ab44a57c66, 44fdcedf-e9ae-4748-8ab3-0cdb466672a6, 18633c31-9144-419f-95b7-7bbac07695c8, 78f442cc-1fb3-4bf0-a9c7-ab6cf5a73526, 242a3ced-bcbe-4083-8099-eae08787ebbd, c4789e51-c882-44e9-b133-2d435af16d54, 51873d9c-baec-4c18-bc90-d083a282719d, b82e867b-99b2-4629-b40e-b3d69ec033a9, d4303151-c778-461b-8207-2e443db4b255, 9a4bb232-f1b6-4cd1-ba6c-c4696952153b, 5dff8fb2-73e6-4c22-a34f-c367aa2677df, b2e31128-76aa-474f-8310-2f0fd62750e4, ecc37a22-b730-4e3a-bc87-c3ba3403acbc, 00f9aa60-3a6a-4e2e-bf5c-bb25f742cdf2, 69cdf5cb-1f8c-44aa-a28e-030d8dddca89, a36c98b5-f159-48f8-9f5a-1fc6ea9956c8, f41d7bf1-d43c-4247-9eb4-dc4c5530aee7, f4ac3eb5-e145-4685-b9e9-b61f3551aa58, 8c37ed33-976c-4100-b831-5a776c7a6716, 3cf2caa3-b80d-433a-b27b-1b12c0a0589b, b97f8903-5dba-4058-8f38-b389cb391b84, 917fdff2-e61b-4c10-b19e-1eeafa8434e3, 76848938-489a-4596-a7ea-aed2c6b806c4, 914fe264-109c-4d4d-8f18-052785666a24, 53e595e7-c7ed-4589-8ac3-4e29b39c1feb, 2decd92c-718d-4c00-8a88-69fef6e90831","1659492587029, 1659494606289, 1659581688731, 1659625204381, 1659657535741, 1659755412203, 1659755523905, 1659756460432, 1659756605647, 1659789245083, 1659900857319, 1659901109329, 1659901285514, 1659928047916, 1659928268335, 1659929492371, 1659929830955, 1659959221334, 1660014862726, 1660043514352, 1660063551682, 1660134495914, 1660136283284, 1660219014640, 1660223262196, 1660270386124, 1660360382337, 1660360485369, 1660360851707, 1660361100353, 1660361372431, 1660361664914, 1660361722114, 1660424170858, 1660443236309, 1660531866587","0, 9, 0, 148, 0, 0, 0, 0, 0, 13, 0, 0, 0, 0, 63, 41, 12, 0, 0, 0, 0, 0, 0, 0, 0, 0, 0, 0, 0, 0, 0, 0, 2, 0, 0, 0","40000, 28329, 50000, 677421, 80322, 59797, 60000, 40000, 40000, 90000, 40000, 40000, 10495, 40000, 260000, 197989, 86332, 57963, 129247, 30003, 50000, 40000, 40000, 48666, 40000, 70000, 40000, 67032, 40000, 40000, 40000, 8458, 10000, 96308, 5322, 67633","12.5, 32.77, 12.5, 68.05, 12.5, 12.5, 12.5, 12.5, 12.5, 35.11, 12.5, 12.5, 12.5, 12.5, 53.78, 55.71, 45.33, 12.5, 12.5, 12.5, 12.5, 12.5, 12.5, 12.5, 12.5, 12.5, 12.5, 12.5, 12.5, 12.5, 12.5, 12.5, 23.53, 12.5, 12.5, 12.5","1, 1, 1, 1, 1, 1, 1, 1, 1, 1, 1, 1, 1, 1, 1, 1, 1, 3, 1, 1, 1, 1, 1, 1, 1, 1, 1, 1, 1, 1, 1, 1, 1, 1, 1, 1","1659492587029, 1659494606289, 1659581688731, 1659625204381, 1659657535741, 1659755412203, 1659755523905, 1659756460432, 1659756605647, 1659789245083, 1659900857319, 1659901109329, 1659901285514, 1659928047916, 1659928268335, 1659929492371, 1659929830955, 1659959221334, 1660014862726, 1660043514352, 1660063551682, 1660134495914, 1660136283284, 1660219014640, 1660223262196, 1660270386124, 1660360382337, 1660360485369, 1660360851707, 1660361100353, 1660361372431, 1660361664914, 1660361722114, 1660424170858, 1660443236309, 1660531866587"
fc5b535277a204f7650d775907df01bd62c197ca30cbec23bb85a9adf7c3b376,Logged,26,"d730c4a6-e8f6-4fde-b73a-afbe148479cd, 78f442cc-1fb3-4bf0-a9c7-ab6cf5a73526, 82206221-05a0-4f89-aa10-e8c8dc0cc418, dfde8517-4404-497f-9993-9f076db8fdcb, 2db1a14c-afb7-435b-9cc7-3d85d5aecd09, 6dbbeebf-b570-4aba-9cb3-9004420f0bcd, 263bf90f-b1de-408a-b23c-d345d6415fb0, 02d45ea9-0cbb-4001-bd5f-a86e28fcd83f, d9810628-a37d-4465-a776-623bf7ca212d, 5ecc4b24-ff5d-4f8c-8449-53de3b34d213, 2c993196-8834-4a03-98a4-31e11e630650, 5d8388f3-736d-451b-a794-d826453e12e1, 12c44ec3-3624-4c0d-990d-27c38e7a5848, bb9dd7d7-fe86-4610-918a-52904a28f8e4, 224d8516-f349-4d8a-9e73-e3ca1c47a992, 284f5f67-72b5-48c3-91c9-2db997cc4679, 127dc467-cdde-4738-aa8c-e18ab0e3e81c, 8d477e04-3bab-4ad9-8fe3-799059238a9c, cb324527-6a66-491d-b53c-6a6d7ece566f, 5b90df37-0b8b-44d6-abdb-6fad31217c26, d977b78f-915a-4fbf-94f8-315389cd9215, 1a732119-0975-4bc2-8077-cb2ae8d249af, 7ccbc5e9-84bb-4117-930f-190f68c17e78, 5acaac71-a0c9-4d6f-897d-308409a37f01, 72e5a5af-c657-41c0-a859-d4fcc4b7b933, 120e8d3d-4bef-4dfe-8128-170c76a6c730","1656703703903, 1656964267540, 1657201422014, 1657204140284, 1657563560959, 1657647767595, 1657653864765, 1657653892700, 1657654105708, 1657714173413, 1657850764454, 1657888626256, 1658106760012, 1658322356884, 1658771803581, 1658797468621, 1659032822213, 1659225747650, 1659285259087, 1659384270641, 1659450608776, 1659705848166, 1659713289272, 1659994172719, 1660154010201, 1660501255969","0, 0, 0, 0, 79, 0, 1, 1, 0, 0, 38, 1, 31, 0, 0, 14, 0, 18, 19, 13, 12, 4, 8, 14, 0, 42","128806, 94624, 29023, 18851, 260000, 144133, 209802, 86836, 100398, 49138, 110000, 103446, 66107, 10606, 28822, 69110, 109475, 50000, 52368, 50000, 20000, 10000, 30000, 68130, 83108, 118017","65.31, 73.3, 38.35, 56.73, 61.07, 87.01, 59.65, 66.62, 79.92, 67.66, 46.91, 68.39, 38.52, 24.31, 69.32, 32.22, 66.38, 32.47, 35.83, 28.99, 22.2, 17.22, 23.34, 29.64, 69.67, 46.21","1, 1, 1, 1, 1, 1, 1, 1, 1, 1, 1, 1, 1, 1, 1, 1, 1, 1, 1, 1, 1, 1, 1, 1, 1, 1","1656703703903, 1656964267540, 1657201422014, 1657204140284, 1657563560959, 1657647767595, 1657653864765, 1657653892700, 1657654105708, 1657714173413, 1657850764454, 1657888626256, 1658106760012, 1658322356884, 1658771803581, 1658797468621, 1659032822213, 1659225747650, 1659285259087, 1659384270641, 1659450608776, 1659705848166, 1659713289272, 1659994172719, 1660154010201, 1660501255969"
e0cbc607f3b6d31552e643ffdd1ebb0626de72f7c1042a4d1cd22e7611aa8333,Non-Logged,1,5440d588-1a05-4ac4-9058-d6c4e89f59eb,1657811823046,3,62581,23.07,5,1657811823046
6c35a7bec36cec54d3ef12d371521d2ef203d5b33201196ad1ee27cf279ed039,Logged,52,"e69d567c-41c3-4076-846e-23324fe91104, 0be0589c-d78e-405f-9104-c3010dc0192e, 3311c01e-9dd9-44c3-989b-0d5399974173, d616ffb1-6198-4639-b273-9808ece989c0, 57c247cf-df33-4845-b3d5-1bcf023f816a, 9442c690-21b3-42bc-9e5a-f880de0fa0a8, 426e9777-7ad8-4b0f-98f4-48e8ee96ace5, 9f056eab-f12f-410e-8d5f-14ad40f85a61, ced7fe89-46e6-4bc2-b5c8-ecfcfd33c577, d173164f-dcfc-4e32-8006-64ab44a57c66, 598ed114-fd5a-4d82-90d8-f1e893cb0892, 29b6b142-4173-4ec4-832f-7d0a32255c10, d0f11985-f883-452e-b817-226d924e5557, 44fdcedf-e9ae-4748-8ab3-0cdb466672a6, c6ef110d-7837-47f2-84f6-cfea4da5e328, ad2cfd11-eecb-445e-ba97-575bae8acf6d, 22406eff-6720-4c47-8707-42e5454f04e9, 644c2d42-b11e-4917-b3b0-867747e82dc2, e6f987c1-546f-4a9e-9a88-b2e2eb2a9068, 3bd9f24b-cb02-4cc4-b6b7-da5c1389463d, 37af94ac-26dc-4660-81c0-b54e7c0c3d65, dd759b4e-6c7a-406f-a8d9-4740fed58de3, 5db25cd8-32e2-4502-9208-b62d0e13b015, 5a8c0d96-e126-4472-bc01-e581564c6575, 83cf1546-5235-491f-ae0c-90949a2ab3c2, f0a78e58-ec7e-494c-9462-fbd6446a9a89, ecd63535-1875-4f84-b7c1-3aabcadd316f, 81f397cb-e2ac-4980-8152-ca33075b2d3d, 96d328b9-5da7-4389-a9ac-765e98971ab7, 1aaa53f5-750c-4860-a79e-fe7ffac3d71f, 4e9c2825-ff13-41ca-8e91-edd848060d19, cb479713-8d66-4c95-9642-b753ac908721, a6ab18ec-e32f-474b-964b-987309c61581, cec08bf9-4f41-4cbf-88da-bd1643c99b21, 0e69fd2a-7bf7-487b-8da0-6e41a7950fd4, faec7707-99a5-406d-a1ea-f10df6ee1c06, 2b42c74c-5eca-4dd1-afab-f5de95d03e76, 553fada2-1c79-48f2-9010-f5c751b63bb1, d1e67077-22f2-402e-89e2-3a804d1164e6, 1f630913-5ee3-402e-888f-b110767cbe8a, a9466ce5-0cc8-4cad-96f3-fa3de8becf7e, 83568c85-7264-4e45-8a2e-eeb246118465, 35a3eb46-f1d1-452f-aa7b-42c1382826c8, cbc832d6-af68-41bf-91d4-8740d71c5952, 5b90df37-0b8b-44d6-abdb-6fad31217c26, 564f0976-781b-44e7-96c8-7377097d0101, 9929eaae-7536-4dbb-a05d-8261c8df07e6, 761f62fc-b2c2-4037-9ced-ccf24fd9a164, 655a03ac-5dd8-49e2-adc5-e282a888c68e, ede8f363-4c27-4f5e-a70e-33f8aa31d94b, 8e0884e2-50ba-44c0-87b9-d64d913288af, e5185368-70f8-4998-a738-ca22f300da7b","1656707205696, 1656915808673, 1656916025537, 1656916102577, 1657502604927, 1657573765037, 1657637066789, 1657638004673, 1657655980350, 1657665637935, 1657679277227, 1657840108546, 1658093211207, 1658151615495, 1658170456992, 1658238507400, 1658238586176, 1658325867410, 1658326190608, 1658438347334, 1658552993311, 1659449728169, 1659463209093, 1659540748451, 1659540879673, 1659562646956, 1659563146194, 1659622207247, 1659678681448, 1659710251700, 1659932002381, 1659932200720, 1659967514908, 1659967874761, 1659972103219, 1660073661320, 1660144087771, 1660154460770, 1660157152615, 1660163649916, 1660167922357, 1660236723009, 1660236916161, 1660236946173, 1660327301391, 1660331661899, 1660332362781, 1660338365861, 1660339888633, 1660340159512, 1660340297162, 1660340634958","1, 27, 7, 8, 15, 2, 0, 0, 1, 0, 20, 1, 4, 0, 1, 2, 1, 1, 1, 0, 13, 1, 1, 1, 0, 1, 1, 1, 22, 0, 22, 7, 3, 0, 0, 1, 0, 1, 1, 1, 1, 1, 4, 0, 2, 1, 1, 2, 1, 1, 1, 0","42822, 100000, 53594, 33901, 80000, 200000, 229818, 254086, 255939, 306115, 70000, 136360, 10000, 179283, 131215, 77901, 91941, 170000, 207413, 46563, 37422, 10000, 146574, 80000, 28030, 220000, 90000, 78384, 83690, 217609, 49474, 30000, 325094, 20000, 39710, 25190, 228384, 50379, 145938, 32819, 337619, 141385, 55712, 164203, 266172, 270000, 50000, 176156, 170000, 136998, 215498, 44847","62.53, 50.3, 35.67, 32.51, 40.6, 69.55, 84.4, 83.96, 66.88, 61.04, 34.8, 63.99, 45.13, 70.82, 40.01, 69.26, 77.27, 71.62, 67.98, 57.51, 40.55, 53.05, 71.04, 58.11, 18.53, 64.01, 58.71, 60.52, 45.19, 60.48, 62.83, 33.39, 80.47, 36.75, 34.31, 51.84, 45.83, 45.78, 46.73, 36.37, 73.85, 51.87, 12.49, 33.6, 66.89, 61.2, 42.22, 33.66, 45.21, 45.29, 54.79, 29.37","1, 1, 1, 1, 1, 1, 1, 1, 1, 1, 1, 1, 1, 1, 1, 1, 1, 1, 1, 1, 1, 1, 1, 1, 1, 1, 1, 1, 2, 1, 1, 1, 1, 1, 1, 1, 2, 1, 1, 1, 1, 1, 4, 4, 1, 1, 1, 2, 1, 1, 1, 1","1656707205696, 1656915808673, 1656916025537, 1656916102577, 1657502604927, 1657573765037, 1657637066789, 1657638004673, 1657655980350, 1657665637935, 1657679277227, 1657840108546, 1658093211207, 1658151615495, 1658170456992, 1658238507400, 1658238586176, 1658325867410, 1658326190608, 1658438347334, 1658552993311, 1659449728169, 1659463209093, 1659540748451, 1659540879673, 1659562646956, 1659563146194, 1659622207247, 1659678681448, 1659710251700, 1659932002381, 1659932200720, 1659967514908, 1659967874761, 1659972103219, 1660073661320, 1660144087771, 1660154460770, 1660157152615, 1660163649916, 1660167922357, 1660236723009, 1660236916161, 1660236946173, 1660327301391, 1660331661899, 1660332362781, 1660338365861, 1660339888633, 1660340159512, 1660340297162, 1660340634958"
e6de5680e3044647cd1f4ea5d6c3e87761eba200d43471729c141f345e164da6,Non-Logged,16,"b3be7858-2493-4858-87d0-6cdedd297388, 479ff754-f032-4a1d-9c97-7f3d82c2b168, 3ef6d226-7468-4546-abf5-57c033741c39, dc822791-625f-435c-a64d-7a282fcb6887, cc5bb2dc-953e-4aad-9923-f5a12c8152b2, 6e5ae05a-ccc9-4384-85b8-9fa1d871ba1b, d1dd5104-048f-41ba-9a0c-a81a6a258415, ecd63535-1875-4f84-b7c1-3aabcadd316f, b92a923f-9a8e-488c-85f9-58079ee721b2, 213e5449-cd0f-44fe-bfbd-5667b04895de, 62c033c2-103d-4c76-8dbf-19c1cc869ddf, a2ef8430-00b6-49de-852d-2c72596c5917, cbbc09bb-d46e-4542-86bd-f6df649bf88a, c0f943d4-8344-4772-928c-4e2cfdbcb65b, 3925d492-2ff3-4eaa-93f7-e172bd1759e6, c2db13c5-e7b8-4264-9eac-99e79fa2a592","1658148004803, 1658257075924, 1658332920570, 1658421485619, 1658848908720, 1659092518759, 1659119153628, 1659557488470, 1659557532631, 1660071255053, 1660071312457, 1660159209541, 1660239603036, 1660302108218, 1660302271254, 1660302824360","1, 0, 0, 1, 0, 0, 1, 0, 1, 0, 1, 1, 0, 1, 0, 0","76632, 115688, 80000, 150000, 246728, 10000, 54215, 33300, 208592, 16140, 34059, 20000, 41533, 21124, 16732, 10000","41.27, 46.56, 55.31, 72.25, 73.76, 6.08, 28.86, 33.02, 56.66, 16.86, 30.74, 28.25, 28.21, 64.97, 12.66, 9.95","1, 1, 1, 1, 1, 1, 1, 1, 1, 1, 1, 1, 1, 1, 1, 1","1658148004803, 1658257075924, 1658332920570, 1658421485619, 1658848908720, 1659092518759, 1659119153628, 1659557488470, 1659557532631, 1660071255053, 1660071312457, 1660159209541, 1660239603036, 1660302108218, 1660302271254, 1660302824360"
ed76b058ad62a0e6d3e89615e99e0ec97facddfaa001b7ab4443fc2bd4160f02,Non-Logged,11,"1d899325-ad3c-4287-804a-3d994492dad8, 20926639-2ada-4559-a1c4-ce2418877dad, 8d6aa3d2-9a09-4505-82dd-ceeb6ce38a5c, 14492be8-fd8e-49e1-a407-3e7a196a27df, 57615619-0c1d-41fb-8640-ccec5b3add58, b0010327-fc4d-435c-9b86-c6b888c79a95, e8ee236a-ab4c-466a-97dc-0811aea169c2, 5af99ef3-adff-464d-9976-5c5d6391b014, 9e1b4571-e55d-4a26-8c5a-1ddd6ecf53ba, 025fde39-cc25-49d2-b275-2fd0936fb5ff, d6425d80-cb8e-4e52-9e0f-c40c2edaac01","1657293757349, 1657337952929, 1657519032813, 1657520159123, 1657600189308, 1657791979536, 1658707538507, 1659289339387, 1659539884359, 1659834487662, 1660362338721","0, 2, 2, 1, 0, 2, 0, 1, 1, 0, 0","10000, 112206, 50000, 22810, 50000, 81940, 20000, 20660, 172163, 54836, 25317","43.96, 72.35, 10.02, 24.5, 68.63, 39.44, 44.35, 13.8, 68.18, 43.05, 8.97","1, 1, 1, 1, 1, 3, 1, 1, 1, 2, 1","1657293757349, 1657337952929, 1657519032813, 1657520159123, 1657600189308, 1657791979536, 1658707538507, 1659289339387, 1659539884359, 1659834487662, 1660362338721"
7c61a6af6024bf507d4f037df66003e70940e44151ff82c4fbf440c1fa32bdce,Non-Logged,26,"f2d1fc0f-0a39-4ba9-896b-a4f736031067, ca35decb-6955-44b5-b2fa-eb4529c3cb5c, 34c9da29-421f-4983-bd32-19a7daaace13, f9f02c86-5838-44b1-b49b-cb021e03eabc, 4e73dd4e-0e2b-4a11-8f5b-658619b08027, 19446b17-33cc-4df2-aaf0-f59205e188ea, 931a019b-cf70-4176-b131-c4e9a6f43d68, 2e3300c6-3a18-4908-b9a9-a955cfcdcfcc, 62837d3f-1b45-4eed-ad08-6d3a569e2a52, b555f51c-5104-43c0-b890-745f4283e9e3, 52edd7c7-93ba-4b2b-9956-a40332305b6b, 6462b10b-788e-45d9-ac3e-889890ef13e8, 69ed96c7-b910-4fc3-b7d5-84b9ef8294b4, cc3eff96-7590-46fa-9f6b-3430daa13f61, 5927edf5-98d3-489e-a217-9ab65d3ddd73, 1cf83a70-45f0-456a-8639-b3b886770d23, e2269882-3b09-4477-9e17-17fc2b2799d6, e077ba92-11e2-40d9-826d-ce960701f85f, 1725030e-8bca-42fc-8d34-6d6e27f38a0c, 1c17676c-dff4-4759-b5a0-a6fd8bdd2c04, d910d01f-19d4-4cba-b32c-d1a42d5dea46, 011bcb25-c799-4bf1-8674-f27606bb629a, 4097df2b-3a78-4a57-ab08-93ec08b9e78a, 8735d7ac-6e04-476f-a06c-3a7a50728a5e, 224d8516-f349-4d8a-9e73-e3ca1c47a992, b75b72be-0124-4c16-ab3e-22fbbe5c08fc","1657841238483, 1657862507816, 1657865416076, 1657865981687, 1657866023181, 1657866033141, 1657866117294, 1657866792337, 1657866798392, 1657866805271, 1657866814744, 1657866820207, 1657866832626, 1657866847847, 1657867153132, 1657867228344, 1657867274410, 1657867295986, 1657867477210, 1657867883667, 1657867929055, 1657867976503, 1657867979585, 1657875186125, 1657875203213, 1657875533298","0, 0, 0, 0, 0, 0, 1, 0, 0, 2, 0, 0, 0, 1, 1, 0, 0, 0, 0, 0, 0, 0, 0, 0, 1, 0","36893, 113638, 75203, 130000, 50000, 70000, 150000, 40000, 40000, 100000, 40000, 30000, 40000, 80000, 34010, 11387, 40000, 70000, 65670, 28665, 19917, 410831, 60000, 70000, 110000, 39060","40.8, 54.17, 44.01, 65.99, 39.5, 26.94, 52.93, 36.7, 37.57, 25.14, 40.86, 31.98, 27.47, 47.93, 34.84, 38.77, 34.17, 51.47, 60.17, 48.43, 43.82, 75.78, 67.98, 58.71, 48.95, 58.9","1, 1, 1, 1, 1, 1, 1, 1, 1, 2, 1, 1, 1, 1, 1, 1, 1, 1, 1, 1, 1, 1, 1, 1, 1, 1","1657841238483, 1657862507816, 1657865416076, 1657865981687, 1657866023181, 1657866033141, 1657866117294, 1657866792337, 1657866798392, 1657866805271, 1657866814744, 1657866820207, 1657866832626, 1657866847847, 1657867153132, 1657867228344, 1657867274410, 1657867295986, 1657867477210, 1657867883667, 1657867929055, 1657867976503, 1657867979585, 1657875186125, 1657875203213, 1657875533298"
13f4081b08d78e8f90122a89123408b00b6e870ecba75554e89848bd96953029,Logged,173,"1f2b9c2f-a2d2-4192-b009-09065da8ec23, 3137f551-87d2-48b6-82bf-48b2bf11e643, d5f5e1da-c3c8-49ab-b0a6-e027f3d4d724, a4f61f36-38be-4f36-8feb-15385e3c21c4, c39e92a5-7d43-49e2-8d96-143070462e82, 29b6b142-4173-4ec4-832f-7d0a32255c10, 44fdcedf-e9ae-4748-8ab3-0cdb466672a6, a1c96be2-5708-4bb3-861a-659123ade1cc, 9958aafa-3a3a-416c-a2b9-5d96769bad83, 21532265-cfd0-4301-a58d-dd615d0189d6, 82206221-05a0-4f89-aa10-e8c8dc0cc418, 50028008-aa11-4519-9d75-452c84dd27fb, c15de0de-4459-4cef-bccf-3987d184bd1a, f45e09c1-f091-4720-9bd6-b3a4248873df, 064b539b-a4cd-4781-b97f-9e9859ce15f7, 0fb47688-9812-4750-bdb0-896be399bdc8, a36c98b5-f159-48f8-9f5a-1fc6ea9956c8, ea31d151-5e76-4f17-a5b3-db754646e092, 4b715f78-cfb2-4cef-bce4-7f50c8c9ecd4, df5d45f4-5d75-4f49-90ea-c71e6e56ded8, b2a21491-7576-4be0-a520-97ce9470efeb, 5dff8fb2-73e6-4c22-a34f-c367aa2677df, 7594da99-d606-4338-a373-710a7dec776a, 62c75a44-c053-4f1f-8cd7-788df09ad65b, ecd63535-1875-4f84-b7c1-3aabcadd316f, c85cb6f6-60e1-4a94-8f8f-6b436bb1d77c, 8b866d5a-828a-4edc-9bea-ff197c27c21f, 1aaa53f5-750c-4860-a79e-fe7ffac3d71f, 880a7008-4936-40cb-933c-1956b88ef3b1, 30fa8088-bc67-440e-b66f-6f6b42c76e45, 470ccd72-1478-4a82-9e75-ecb6f732772a, 8d6aa3d2-9a09-4505-82dd-ceeb6ce38a5c, 1fd81f89-cca7-4122-8749-db21b14c25b1, 8f28e4d1-c4ab-4ce6-8acf-27726b061aa3, 4d89c4b6-6827-4935-9ba1-0502025af270, 4e9c2825-ff13-41ca-8e91-edd848060d19, c0e5b84d-ad62-441e-a50e-0d562fc15540, 98bebdf5-03ec-41d4-9817-8d7d0ea23d72, dd3e2c99-238b-49e5-a048-fcc67557746d, fe3f2bd3-c264-4f01-9c51-db19ac3018b8, 7fcf82cf-6a19-4e1f-a054-d5356546bf31, 4fe175de-b2bb-414f-8bb6-ab9ebf564dbe, b57fa2d2-0a34-4117-b22d-29ad42c8e063, 3baffb92-7d52-423f-929c-fd9e49f60abe, 0e531937-cc6c-4bc7-b363-264bdd7945a2, 069b0e2d-4901-496c-8ff8-9800f1cb476c, bacab81b-4dd0-4047-8d51-a9cb03a8e18e, 9e46c075-2386-4256-b416-1bece365f710, bc84e0d5-85cc-483f-a805-dfdb84c2ed29, 3f8fa00e-1c04-401f-9964-067b20923302, ffabc550-b315-4070-94b6-713712da8ec2, e45e0153-9863-46d8-95c5-be504144e9d0, b887bae1-4b30-4ac6-a9f8-c2d4fad38669, 8280add2-efdc-499c-8a0b-f4a65f7a7226, d27db1e4-e90b-40f3-8be9-5b1c6086c52a, 347a01fa-6f39-49c7-9a61-72db9eca0d19, 882e7c95-935a-4eab-9ece-f85f5f7d0f4e, 5ecc4b24-ff5d-4f8c-8449-53de3b34d213, bbc5bd42-adc5-428e-a326-5b7436b2f062, 6a83890a-d9e9-4f6b-a6c6-90d031785bbf, 3936f6c7-3f6c-4205-8cda-3178160b6cd4, 32bfa091-2ba9-459b-9f5a-30c567bf645f, ec7dbae8-2ef3-4fa0-8b70-22b425f09f5f, 900d36c0-3e25-4034-8d0d-f1fdd0ac0e3e, d57cd3fc-5185-4b29-8a85-c2f04bf6921c, af7fbf78-f10e-40ca-969d-60c0c62f27cf, d0b5ac09-591f-4f39-a325-25c242fe84b2, 1c27cf97-b20c-4e40-b1f1-288b721517b3, c8772ee0-9816-40f2-99ed-316d947c537b, 614d0e06-768e-4fcd-ac7d-e149585b27f8, 2d6f7fcf-18f7-4ccb-9dfa-078b468cbf57, 0baa8cd7-1eef-4960-aeb4-4128e58efba3, 9cc504f9-0410-42c5-8d68-7a9184915082, e305ef01-2d0b-4b20-b62d-f368c4db1d37, c40df061-2675-4a87-8bbd-a7070aed030f, a7d0a18d-f34b-4d81-bc60-01fa2891f8b5, 9281c130-7df2-4279-9c11-2de3bf905bba, 360757e0-77af-4985-8311-8da94c6e1f87, 2fcb504f-8b37-4d26-b7b8-9eca64eeb200, b954a1b6-d613-4012-8bb5-d60ffb9e94e6, a75cdeb0-8077-4b3b-9552-6a8ddf39514a, a8e2ab85-2def-46fc-b656-5ce04c971be8, 9468d948-25cc-49d2-a659-167496e0892a, 141814bf-48d5-492e-9605-bed1b400d346, b4dc1732-965a-43c7-aace-a7e81537208e, e23c24e7-321c-4af2-8e21-e4eb32d93873, 4700f517-5c5d-483c-81b7-d77aca04991c, 5af379e6-1bd1-4cf8-a23c-03266fb77b2c, 4487047a-46a9-454b-94a3-1bd6f4b660e9, 7503fbdd-1cfd-41b6-b0eb-0686d812f67b, 0fd7cd4b-77b4-4642-9bb9-047b1c46708c, defe8f9d-26e0-4942-8f0f-a622c9b7514f, bcf0a249-f985-4e6a-bde8-730726a42a16, 7c2c0c12-6dee-4f32-ac9b-15bc975ebbbc, b2543715-4744-4983-991b-7692e2062de1, 269e6f50-104c-41a7-81ee-d721cd3a91d2, 829265f6-c85e-4474-aaf2-49f7df8c4fdc, 508be4df-1cd0-478d-899c-f8ace1efcceb, 7ccdee1e-c91a-4c93-8bca-d671cab1ee1c, 94c77949-55cc-434b-84bc-f84bf875da63, 4af297bb-2e25-4dd1-b605-24163aca90a9, 9633ffe4-e43b-45b0-bfcb-2dbca471fa65, 1f630913-5ee3-402e-888f-b110767cbe8a, b5d2b77c-c780-4f35-abe6-9dad5fb55a4d, 99046129-d852-445c-9e6e-e140ec99b5e6, 32be4219-c156-41b6-acbe-6c29ce3b1ab5, cf91aac8-5758-4c0f-a494-f5546ea409f2, 5ab65f6f-c29a-44fa-b9ef-49d9d4c2638d, 5a1acb94-0ef4-4f8b-9f7d-57437fd99660, a49fd9cb-134f-4e40-9eb1-2312ee8edfad, b9469dd0-e836-453f-9fcd-2dd6db445448, ca361779-0059-451e-9369-c2dfaa3cc971, b894ddc9-38f5-4d48-82e5-294c23eba97c, d3f1ee4d-fc50-4e1f-af67-99bbbd2e9555, 529a23e0-baa8-4824-9554-416ceba464ae, 35b75714-6aed-44bf-9a87-1d8054d5be98, 38dc178a-4ddd-401f-afc6-7b0f93637811, e8e6fd2f-86e8-47f8-b132-e196dc9e3b2f, 968f2078-d4ec-4bcf-81e6-a86f6b180600, 224d8516-f349-4d8a-9e73-e3ca1c47a992, a9466ce5-0cc8-4cad-96f3-fa3de8becf7e, b3984824-9eea-4ad9-ae37-b07782ecc313, 7c3fbe06-7d31-49b6-986f-3be196b84687, 8279cb8e-2947-4222-a8cc-264f45853a95, 7699f206-edd0-4079-894b-46f1ed354789, 0830bec5-fb12-4f38-b3bc-62a461f9fa65, 1c0de40e-9796-48e1-ad7e-144d809f7f41, 564f0976-781b-44e7-96c8-7377097d0101, e67a8a04-2e7d-45a3-8374-73380b09a47b, 0306487b-37be-4eda-bd8e-ad0a60886480, 89fa73f0-4341-4de4-bb2a-e429ef96bd43, 6a671356-2e7b-43c5-b6cf-e7ce6164dd58, cf11fa34-912a-4744-99dc-c40d177a9802, 33069a3e-5238-46f8-adf6-334dbd05aa68, 159f0c5f-1531-4dbd-99d6-edf3ab98d520, f522684f-b737-4344-b73d-da6fe1cf76d9, 51fcb534-1b46-44c2-b237-e6b6d774cec7, ff3e8c61-d72a-42bf-a84a-ecf5409468dd, 9927129f-ebc0-44c4-a66e-99cf356bf4a4, e2cd1c23-e372-4525-8b2b-b6886428f444, ed3d9139-d31a-494c-8cfa-4ba5f94f6f35, 6a0c14a6-63a7-4783-a35a-52a4986a32ea, c007289b-96cb-4420-a31c-b9db85fe8db8, 9c8465e1-65d5-44d6-817e-a8657d38fd32, 106e6c31-5aa8-4d21-8d76-2fd90d35dba1, 91415a53-ddfd-4669-bb5e-7175e0ec544f, 999f8b86-8f29-44b5-942a-79d1174efb6b, af78a1d5-f351-4ab4-8710-5c0015fd81d1, 2a6d85db-5d21-4958-af4d-42dcaab01dae, ec4f15d5-22ed-4c28-a1e7-1841998c44d4, fd3c2179-09b0-4b2c-96a9-2d8822f28851, 120a7b88-a7a8-42c9-85a2-7c25c5477384, 9f5b2341-2a52-49cc-8fd3-c20bc63082f4, 5ef8124d-495e-4de3-af19-48c14b92dbd4, b4e732ba-beed-413b-9c5a-7c409992dcfe, 63c15988-9cf3-40c4-8e38-ceb414e56e7c, 2b271fd6-d438-4e0a-b5a4-9fcf16b64b93, 557c8a00-db96-4e84-a1b0-4590affc63ce, 3a54bc78-a1f6-4a3c-a1f8-d541597eb6a0, 11e99467-b34d-48e8-a24a-b12a1ff2aeef, c4a64d0d-09b8-4f82-8e32-4d2ec6067226, b6ff34a6-65f6-43d4-a434-c72e009e32dd, f0f33418-5a4d-4fe6-8ba4-c65eff7c041f, 6dfc2f2f-fc3c-4594-9f67-ea22bc7d6310, 72e5a5af-c657-41c0-a859-d4fcc4b7b933, 1a3641be-fa6a-4d72-a5eb-9069686a88ee, 0429b941-98bf-45b8-b3bd-052a60c57c07, aefb53ca-5505-4a1f-968c-d2ffec0201af, ea12f8aa-58b6-4ad8-97c7-2a4266f95c57, 9e83ab48-e3fd-4111-8161-17813ace1c65, 9d780356-4f15-4feb-bad4-311edddf1826, 6be11f1b-fbcb-4bdc-9415-a52721d191fc, c1ee25ec-8981-48fd-8711-76f59870503d","1656694340961, 1656694368539, 1656722932725, 1656722961892, 1656722983648, 1656723223662, 1656818634228, 1656874509683, 1656970448096, 1656970456232, 1656977350581, 1656977375184, 1657030611048, 1657040312232, 1657047058386, 1657047103625, 1657063840772, 1657063874523, 1657063922510, 1657102705234, 1657102826486, 1657120878163, 1657123613531, 1657124628725, 1657135253905, 1657154412809, 1657206138132, 1657206361056, 1657221045002, 1657225917051, 1657225965678, 1657284620998, 1657298595057, 1657306415127, 1657314064715, 1657378264810, 1657378363868, 1657393688843, 1657499277405, 1657541242528, 1657544150969, 1657544151297, 1657559168835, 1657559172006, 1657577004772, 1657630633148, 1657630646393, 1657750971544, 1657752094733, 1657769040289, 1657769115872, 1657800193734, 1657831670243, 1657832414390, 1657886256770, 1657895744127, 1657903495461, 1657904445327, 1657916220778, 1657921368431, 1657940024743, 1657989745336, 1657989852392, 1657990081102, 1657990141220, 1658000226927, 1658000231402, 1658074061386, 1658074097947, 1658074131125, 1658089319499, 1658089488323, 1658090086359, 1658099835001, 1658177513408, 1658177514006, 1658177528637, 1658233617570, 1658236701349, 1658252469347, 1658264924105, 1658334520497, 1658334629981, 1658367295446, 1658399990129, 1658400075457, 1658436864791, 1658436942435, 1658436974643, 1658501810298, 1658501896647, 1658505697376, 1658505705032, 1658507943612, 1658507958242, 1658518811695, 1658586660708, 1658612638609, 1658619014090, 1658698580920, 1658701074687, 1658756996809, 1658775609374, 1658775637216, 1658775672129, 1658777955097, 1658843874731, 1658843918789, 1658853483478, 1658853530141, 1658868461047, 1658868486039, 1658868515568, 1658957609905, 1658958095781, 1659016283719, 1659016322854, 1659016354497, 1659037682329, 1659046091884, 1659059506657, 1659107475924, 1659123570170, 1659131201225, 1659133461094, 1659133471020, 1659141734531, 1659287397172, 1659288714885, 1659298066258, 1659312003477, 1659312006881, 1659361881170, 1659367769453, 1659367790787, 1659367803183, 1659372014977, 1659447897812, 1659447965840, 1659458870508, 1659461749172, 1659461758088, 1659476336704, 1659476343592, 1659476356230, 1659476366426, 1659539530623, 1659539665617, 1659551914589, 1659707366084, 1659714338339, 1659737674751, 1659737681810, 1659737717925, 1659748897620, 1659797805209, 1659882860174, 1659884983067, 1659897278743, 1659905349347, 1659905370869, 1659969870914, 1659996363067, 1659996425251, 1659996474328, 1660087466172, 1660153427079, 1660168799039, 1660168874972, 1660168893468, 1660254775850, 1660263039617, 1660309209767","0, 0, 19, 18, 31, 8, 5, 16, 1, 0, 21, 27, 10, 0, 0, 4, 16, 0, 0, 29, 23, 35, 1, 0, 0, 17, 0, 0, 1, 19, 14, 24, 11, 0, 0, 14, 0, 0, 30, 15, 4, 15, 5, 0, 0, 27, 12, 1, 0, 16, 4, 1, 0, 1, 14, 0, 31, 23, 2, 0, 0, 0, 1, 1, 0, 0, 1, 0, 0, 1, 1, 0, 0, 1, 17, 7, 11, 0, 0, 0, 10, 0, 1, 0, 1, 36, 14, 11, 5, 1, 1, 2, 1, 0, 0, 0, 42, 0, 0, 0, 0, 0, 0, 0, 0, 0, 0, 0, 0, 3, 0, 0, 0, 18, 4, 0, 0, 0, 0, 0, 12, 1, 0, 0, 0, 0, 18, 10, 7, 8, 0, 0, 0, 0, 1, 10, 0, 0, 0, 10, 27, 27, 1, 0, 0, 0, 0, 1, 7, 9, 12, 0, 0, 0, 22, 14, 17, 10, 9, 0, 0, 11, 1, 1, 3, 0, 1, 1, 0, 0, 0, 13, 0","81485, 13530, 53964, 60000, 70000, 23298, 20000, 59908, 178568, 57095, 50000, 40000, 35876, 58700, 45651, 162032, 130508, 24058, 48001, 40790, 71534, 277921, 98497, 9236, 17635, 71636, 78865, 9833, 33282, 67059, 50000, 83190, 57121, 43818, 18707, 60000, 40000, 6194, 100000, 38440, 36461, 40000, 249175, 124254, 79192, 85733, 10007, 78409, 129988, 33857, 70000, 21841, 8080, 87902, 43423, 50637, 60000, 72838, 290000, 27608, 12161, 60000, 59909, 47122, 36865, 5398, 50000, 152967, 54903, 150000, 135126, 30000, 11618, 20000, 50000, 10150, 37386, 52587, 41296, 49607, 20000, 15997, 97345, 10000, 12947, 80000, 81015, 38379, 23371, 20821, 150000, 50000, 56100, 77115, 14746, 15575, 228741, 15701, 50000, 23815, 10000, 19158, 16890, 18636, 14893, 80764, 38703, 50095, 240000, 78077, 81074, 45498, 17909, 50000, 10000, 9638, 47911, 31952, 121054, 40000, 35242, 31170, 50000, 16431, 20387, 19609, 47545, 23391, 35494, 20000, 56691, 127812, 157443, 24207, 23609, 126700, 11536, 53427, 7671, 40000, 149442, 115027, 80000, 23001, 13486, 13327, 75937, 40545, 60000, 11446, 38862, 60000, 74665, 40000, 72814, 74873, 20128, 10000, 30000, 90875, 137841, 38902, 48684, 90000, 62467, 109425, 275444, 171709, 19464, 20766, 73742, 30000, 30000","68.65, 42.11, 49.03, 34.48, 31.37, 29.35, 15.56, 41.0, 67.44, 70.94, 60.06, 14.76, 27.29, 73.12, 57.86, 61.72, 64.04, 38.08, 56.11, 52.95, 61.83, 59.68, 59.56, 46.75, 48.61, 28.81, 44.17, 50.4, 48.76, 57.41, 30.69, 51.84, 31.7, 44.67, 34.57, 38.57, 4.34, 43.97, 21.88, 38.85, 27.93, 40.86, 76.73, 60.87, 60.29, 35.26, 30.41, 28.88, 51.21, 37.61, 22.03, 10.74, 44.91, 71.03, 34.86, 36.0, 62.02, 48.4, 47.95, 48.8, 54.2, 44.29, 44.12, 33.55, 31.81, 46.88, 42.23, 69.78, 56.05, 24.13, 52.16, 40.29, 51.95, 35.46, 55.85, 23.03, 33.35, 37.8, 57.4, 57.36, 13.33, 61.83, 45.42, 11.35, 11.56, 51.46, 40.13, 34.39, 23.25, 52.89, 61.44, 60.45, 66.44, 60.47, 44.02, 12.19, 52.56, 54.47, 54.15, 42.65, 15.5, 43.58, 39.82, 44.0, 45.26, 43.93, 63.93, 62.87, 60.59, 58.74, 62.07, 62.88, 65.03, 14.58, 13.09, 56.84, 71.6, 57.57, 56.24, 51.98, 34.07, 42.27, 62.13, 30.32, 60.31, 50.44, 60.95, 33.04, 13.15, 29.86, 55.48, 53.38, 56.87, 47.71, 47.29, 32.63, 41.48, 30.36, 50.21, 40.51, 33.01, 47.31, 39.89, 53.6, 42.82, 29.91, 48.36, 46.61, 48.56, 41.92, 41.44, 17.18, 65.77, 54.31, 60.9, 44.77, 51.28, 29.39, 15.43, 42.07, 53.15, 34.57, 67.34, 63.13, 49.86, 28.49, 22.73, 75.71, 63.42, 38.78, 16.24, 42.8, 62.6","1, 1, 1, 1, 1, 1, 1, 1, 1, 1, 1, 1, 1, 1, 1, 1, 1, 1, 1, 1, 1, 3, 1, 1, 1, 1, 1, 1, 1, 1, 1, 1, 1, 1, 1, 1, 1, 1, 1, 1, 1, 1, 1, 1, 1, 1, 1, 2, 1, 1, 1, 1, 1, 1, 1, 2, 1, 1, 1, 1, 1, 1, 1, 1, 2, 1, 1, 1, 1, 1, 1, 1, 1, 1, 1, 1, 1, 1, 1, 1, 1, 1, 1, 1, 1, 1, 1, 1, 1, 1, 1, 1, 1, 1, 1, 1, 1, 1, 1, 1, 1, 1, 1, 1, 1, 1, 1, 1, 1, 1, 1, 1, 1, 1, 1, 1, 1, 1, 1, 1, 1, 1, 1, 1, 1, 1, 1, 1, 2, 1, 1, 1, 1, 1, 1, 3, 1, 1, 1, 1, 1, 2, 1, 1, 1, 1, 1, 1, 1, 1, 1, 1, 1, 1, 1, 1, 1, 1, 1, 1, 1, 1, 1, 1, 1, 3, 1, 1, 1, 1, 4, 1, 1","1656694340961, 1656694368539, 1656722932725, 1656722961892, 1656722983648, 1656723223662, 1656818634228, 1656874509683, 1656970448096, 1656970456232, 1656977350581, 1656977375184, 1657030611048, 1657040312232, 1657047058386, 1657047103625, 1657063840772, 1657063874523, 1657063922510, 1657102705234, 1657102826486, 1657120878163, 1657123613531, 1657124628725, 1657135253905, 1657154412809, 1657206138132, 1657206361056, 1657221045002, 1657225917051, 1657225965678, 1657284620998, 1657298595057, 1657306415127, 1657314064715, 1657378264810, 1657378363868, 1657393688843, 1657499277405, 1657541242528, 1657544150969, 1657544151297, 1657559168835, 1657559172006, 1657577004772, 1657630633148, 1657630646393, 1657750971544, 1657752094733, 1657769040289, 1657769115872, 1657800193734, 1657831670243, 1657832414390, 1657886256770, 1657895744127, 1657903495461, 1657904445327, 1657916220778, 1657921368431, 1657940024743, 1657989745336, 1657989852392, 1657990081102, 1657990141220, 1658000226927, 1658000231402, 1658074061386, 1658074097947, 1658074131125, 1658089319499, 1658089488323, 1658090086359, 1658099835001, 1658177513408, 1658177514006, 1658177528637, 1658233617570, 1658236701349, 1658252469347, 1658264924105, 1658334520497, 1658334629981, 1658367295446, 1658399990129, 1658400075457, 1658436864791, 1658436942435, 1658436974643, 1658501810298, 1658501896647, 1658505697376, 1658505705032, 1658507943612, 1658507958242, 1658518811695, 1658586660708, 1658612638609, 1658619014090, 1658698580920, 1658701074687, 1658756996809, 1658775609374, 1658775637216, 1658775672129, 1658777955097, 1658843874731, 1658843918789, 1658853483478, 1658853530141, 1658868461047, 1658868486039, 1658868515568, 1658957609905, 1658958095781, 1659016283719, 1659016322854, 1659016354497, 1659037682329, 1659046091884, 1659059506657, 1659107475924, 1659123570170, 1659131201225, 1659133461094, 1659133471020, 1659141734531, 1659287397172, 1659288714885, 1659298066258, 1659312003477, 1659312006881, 1659361881170, 1659367769453, 1659367790787, 1659367803183, 1659372014977, 1659447897812, 1659447965840, 1659458870508, 1659461749172, 1659461758088, 1659476336704, 1659476343592, 1659476356230, 1659476366426, 1659539530623, 1659539665617, 1659551914589, 1659707366084, 1659714338339, 1659737674751, 1659737681810, 1659737717925, 1659748897620, 1659797805209, 1659882860174, 1659884983067, 1659897278743, 1659905349347, 1659905370869, 1659969870914, 1659996363067, 1659996425251, 1659996474328, 1660087466172, 1660153427079, 1660168799039, 1660168874972, 1660168893468, 1660254775850, 1660263039617, 1660309209767"
ebc542c54b9ded1ff47e4b1b38475b9e304d7d13039eb224b3656d7d2b85d3e4,Non-Logged,1,df84f358-19dd-47b4-9557-63900f5504f9,1657407239485,51,155830,24.25,4,1657407239485
48a8776e5bc51909105adb2037c1240a6078fe9c714c3c0b39d1bebb0c461a46,Logged,156,"a22fa1cd-f11e-426e-bd09-57781b82f6e7, 8dbab4f7-06d4-447b-996f-b253f35160b0, 5f0ffb57-c88b-41bb-b427-ff9fe126dc7d, 54fd8bf0-d4f2-42f8-89c6-a6d49245954f, d57eb581-2a59-40d8-a0c0-972d96276025, d173164f-dcfc-4e32-8006-64ab44a57c66, 5728a8d1-005e-49fc-b627-d6244c0c9f28, 239430d1-9a03-4b7e-a928-2362102ab641, 68bc8994-ebef-4e48-8478-e7fe1619ae58, 29b6b142-4173-4ec4-832f-7d0a32255c10, 4fa06866-14bb-4536-9673-7bbeaf06ec9e, e5dff3ec-c282-4cdc-902a-797474029014, 1f32787b-de2b-49be-8c20-ddaeae34cc22, f4780a77-b7a1-47f8-ab87-a6c0ac26ac3b, 99cee40b-98dd-49a0-b741-41296aaea59e, d8e96969-c9d9-4c28-a9a8-403abc1e784a, 4884082c-b54b-4857-8a14-c2e39095cd03, d4623930-ae85-4058-aa4b-867696479d9a, c9f6922d-c67a-41e5-82d7-b283af240233, 5ff57c8a-8269-49e8-be21-5997c71ac566, 2db1a14c-afb7-435b-9cc7-3d85d5aecd09, 2c8d0162-7a7c-420b-ac35-1f7f1e9f7ba4, c3d868b2-002c-41bb-9833-f8f8d90c8cd8, 6452a218-de3c-4511-b482-d58f26b7ecda, dde2b732-bbb3-4930-86b9-756e2978a33a, af5d32bb-ab3d-47fa-96c2-bf44680ea0f7, 8f3d661a-9a9d-4080-baf0-422014067d7e, cca0a1c2-3e83-439c-bab8-a3bf7782572a, 230d19cf-28f8-459a-ad3a-da60aa640639, 4d16a079-ca73-4bb6-b6ce-872bdddf1aa4, be27248d-bf76-4373-91a2-f62b612d9916, bcb082df-30e5-44c0-926c-6172cacaaae3, 99566c41-bd03-4b37-9ed7-4ba3485e7de5, fb96b132-fcde-46cc-86ef-000cb250c361, f38d9b98-70c5-44c2-9a6d-fcee0df331ab, e2a81417-e811-46a4-b26e-f77c1c836046, 65880d47-8f02-4b60-9058-80ae8aca2d3a, 4e9c2825-ff13-41ca-8e91-edd848060d19, 73ed314a-a9f3-4b76-83f1-67063a4ca520, f598b137-5a37-40d8-8245-1e0395b51e83, 8c246d2b-81bd-4c1f-b563-2c905675f984, 840b6d5c-5201-453f-b106-19e1dc6d3dda, c88cebc3-e150-4efc-993b-76cda07dc6ef, 4f126ed4-66ca-4379-8779-6afa1b4d1662, 5512feb7-1489-48ba-a78b-457c9defcc51, 4d89c4b6-6827-4935-9ba1-0502025af270, e483ae2b-dc5c-46b2-acf1-aa433bb20851, ef221d13-ce4f-47ae-8567-8df605e9336f, da45f558-43ed-483a-ad2d-57ef3755d59c, 9410dadd-0d3b-43de-9186-e934a3da6be3, 58f350e5-cf09-4958-9703-84c0e56468ea, 2f030cca-97b0-4b03-bf8d-c20a44e3121d, 23acbbe8-30b8-4c4a-ba8b-88782e651380, 8c090bf7-f576-40c8-85a4-7bfd6686a292, 882e7c95-935a-4eab-9ece-f85f5f7d0f4e, 5ecc4b24-ff5d-4f8c-8449-53de3b34d213, 139c9e4d-b7eb-43d0-b2fc-1cb230f0adc8, 39959832-be7e-4420-94ab-9244f409bfe9, 1d0ff602-459a-415f-a3fb-8c7124284a3d, 149f1ba2-1069-44eb-86a1-5d3e8249d82c, b2558cf3-a968-4be9-be21-703a3f8f8285, 90bbe66f-f368-430d-b30a-9744fd116ba6, 6a83890a-d9e9-4f6b-a6c6-90d031785bbf, a0aba7f4-5e1f-4f92-8239-10575ffa9957, d7befaf2-a328-43b8-b89c-f4e86d89f438, 696c06e7-a338-4cf5-b9c3-ea8b9e775a94, e8fc4f0d-6d18-4690-824e-4869a1d2d12d, 27453ffd-5354-440a-a6b1-0b56eb6b6821, ec7dbae8-2ef3-4fa0-8b70-22b425f09f5f, d57cd3fc-5185-4b29-8a85-c2f04bf6921c, a9d50956-b9dd-475c-a3d5-20b141c3fcd8, 1c27cf97-b20c-4e40-b1f1-288b721517b3, c72509c4-8a2f-4dfd-b851-2e54a2d41af5, 90c1930d-6795-4daf-8efb-635b7ac3dfae, 91dd61bf-7c49-4276-bba6-1db2804921a9, cfaaf988-800f-4a3c-bd52-54160834cb93, f4e179e7-d4d2-416f-8997-51f421bcab2d, 58c69cde-570a-4558-bca6-987480110522, 13f2cc37-f575-44d5-b33f-045d0b0a912b, 4700f517-5c5d-483c-81b7-d77aca04991c, d1ca4660-38ad-493f-850c-548ecb1e6da0, f2a29f43-a9fe-42c6-8e4b-f727321403c6, 9659f9a7-c6b6-4772-9b59-7c085d3051de, f6b5d170-48b9-4f8e-88d4-c84b6668f3bd, d2205452-e07e-4625-b7c7-040196cf1ea8, f712cfd4-b1f3-49ec-82c7-5f3b366a5ac3, f43019b0-df5d-4f61-8e7e-d58e7f7233ba, c963b3af-46f5-40f7-a918-aebdfe46a653, 22bb0455-6973-40f3-97eb-579f6661317c, 100ff71c-da18-4182-9672-369324a71bb5, 7c2c0c12-6dee-4f32-ac9b-15bc975ebbbc, a1a27aa8-6ac4-4ff8-be0d-96b8c286059c, 85bc4131-511a-4374-a1fa-da0711995387, 71b01665-e9fb-405b-9aaf-cf58f5b04942, 652198b9-9634-4128-9858-9532c711c7ae, faec7707-99a5-406d-a1ea-f10df6ee1c06, 6452fa85-14ed-42cf-a9ea-625e1b4204b1, 15281e10-e6bc-48bc-9b1b-94402f83699b, d27fddcf-c3f4-48f7-8ea0-63dc4f07946c, 5b9271a4-a750-4dc8-bdf8-20653b1acfd8, 3f6e3a53-89da-4aaf-90b2-383fa28cfc1a, 8458c0c6-5e5d-4e50-a5f9-6aea23ac3ff8, 788b88f5-d957-4152-8a8e-4c8656405b24, 46726d44-b83a-4f34-bb8b-738f4205af48, e8e6fd2f-86e8-47f8-b132-e196dc9e3b2f, 62a87ceb-643a-409f-8097-830c2f3e248b, 4dab55ed-5eb0-4cc4-92e4-d91bd6e43861, 41e3d792-aa97-4098-9649-4221b2b79e54, 93361d4b-bb61-48ba-8e87-7234b7ebcec4, e22473a3-7a8a-46cb-8c86-1bda7a5c70de, a9edcef3-47c9-4be0-803d-6350d045a78b, ef24a6ec-e384-4c12-99ac-d50b80730e9a, 0b5bd097-f8c9-457b-8de8-32ef82585a62, 0e732efb-2e1b-46e6-8108-813531287e2c, 127dc467-cdde-4738-aa8c-e18ab0e3e81c, 5b82930f-fdd7-4e5e-b720-8b1b8eb709d8, ae6ab95e-0c43-4be4-8748-3eef5711fd10, b7e453a4-f138-4699-8600-33f9d1534a7e, ac1e6c6a-9403-45b1-902e-60f4b6914854, f4d46a04-e9dc-4cb1-a383-af5c2a6413d6, 4b5232ba-7405-48f0-9703-5f891910222e, 9d5bb1a5-43b7-403f-9687-6bebccd58aee, 7456c88d-6473-46ed-83a6-dfc406994162, 331e9697-e660-475c-9635-0225715d5ecd, 0b5caeed-ff6f-4b9d-8375-9ad25827a4ae, 9929eaae-7536-4dbb-a05d-8261c8df07e6, 542cbae0-40d6-49bb-b7cb-c869ea3192bc, 89fa73f0-4341-4de4-bb2a-e429ef96bd43, 399c1321-5d2b-494e-9025-2ba2b8b56117, 458bf0ec-efb4-4bfd-9446-c80295e6aa87, d2593c3d-2347-40d9-948c-b6065e8459a9, d5fe8ac5-a1f3-4287-a2b5-b12eb503abeb, ef311b58-fbd2-4690-be1d-dcf88b1c5361, 79fa537e-6643-4a83-8896-2e1ea3d18215, 106e6c31-5aa8-4d21-8d76-2fd90d35dba1, 18791a88-6b7b-4b1a-b563-4c508e594a0d, 5acaac71-a0c9-4d6f-897d-308409a37f01, bdbf6235-f421-4700-a5a9-bba9a8b51b5b, c21004f0-4d4b-4882-8718-e1d6d276b175, 6057d6c5-47f5-48ae-8aef-7fc16aa74c66, fcbb2ebd-7aab-4a39-b0fa-bfcc56fcb5b4, 56df2662-b10e-4c20-bbb4-be524dc8b6df, b572f38f-9b7b-4259-8b10-9928b77b36ed, e2f2e651-177b-4497-84cb-36de7166b0da, a25e68dd-1343-4dc5-be73-2ae40aaca5ee, 659e5659-b03c-4051-a13e-eb3bd2d2e7eb, 72e5a5af-c657-41c0-a859-d4fcc4b7b933, 1045a19a-a686-47b8-aa54-33c1063613d6, 9a9d7eab-eb79-4268-a3e1-da0515ea4815, 913dd22f-3dea-4e50-9ce9-e9081a2dc38a, a18391fd-7d12-41d4-bf2d-2eeed1f48c00, 362d282e-5d9d-4691-86a6-21bcac0703d7, 4911b621-be8b-43d9-b1ce-7f34ec19517b, 5ad189e3-77e6-4c5e-9eed-8979ba58e283, c041f6d7-df78-40ee-8832-6772a0db14bb, 029c4dd9-4231-469e-8eca-3de5f05ea046","1656680244863, 1656710278807, 1656937709199, 1656945944374, 1656965092419, 1656965262314, 1656965267388, 1657023960260, 1657029529253, 1657030305009, 1657037577528, 1657042268850, 1657049822703, 1657107500248, 1657111690286, 1657125754540, 1657140939394, 1657144470708, 1657194310135, 1657196313977, 1657203658068, 1657212365209, 1657215547400, 1657290149226, 1657292528053, 1657542138342, 1657542283149, 1657542820315, 1657553604660, 1657571296239, 1657573347554, 1657625746263, 1657625751667, 1657626489891, 1657626820247, 1657626868763, 1657630914083, 1657632117478, 1657632323987, 1657639833435, 1657711750151, 1657713809799, 1657716772068, 1657717617846, 1657725482389, 1657730157737, 1657733760253, 1657748470085, 1657798423107, 1657798424079, 1657819825152, 1657891732515, 1658142341626, 1658144818663, 1658145687059, 1658153211128, 1658156587904, 1658163894624, 1658166799798, 1658174321385, 1658228754986, 1658230704023, 1658235760683, 1658240600326, 1658249714186, 1658255047394, 1658258046502, 1658318735589, 1658325470886, 1658341161846, 1658342816521, 1658343856801, 1658344036981, 1658350004666, 1658403285311, 1658406553259, 1658432575291, 1658489736763, 1658499140598, 1658511714389, 1658516916134, 1658519790478, 1658764668893, 1658771457070, 1658780664312, 1658833854724, 1658853700356, 1658861042312, 1658867607919, 1658923985594, 1658924256518, 1658924368329, 1658926848007, 1658932100942, 1658932627577, 1658937216277, 1658940561045, 1658946202111, 1658947592615, 1659008415907, 1659008910950, 1659018369247, 1659028430896, 1659039203657, 1659358820259, 1659370649634, 1659375667620, 1659377355295, 1659378448838, 1659440427141, 1659442212494, 1659443023414, 1659443353242, 1659449321587, 1659450411206, 1659452125262, 1659452129118, 1659456946149, 1659461677876, 1659526998438, 1659527536282, 1659528107931, 1659530395164, 1659532512021, 1659546863414, 1659613920733, 1659614560999, 1659616459651, 1659616712099, 1659617507407, 1659625431995, 1659632958535, 1659641721091, 1659644418780, 1659645382700, 1659645486943, 1659969335915, 1659971160194, 1659976447429, 1660044979437, 1660049175084, 1660054372434, 1660054970776, 1660133507071, 1660133777458, 1660141087062, 1660218416915, 1660218595935, 1660218728762, 1660218943323, 1660247131508, 1660306567834, 1660308460792, 1660316823909, 1660318578367, 1660328138662","1, 1, 1, 1, 2, 1, 2, 2, 1, 1, 2, 1, 1, 1, 1, 1, 2, 1, 1, 1, 1, 1, 1, 1, 0, 0, 2, 1, 1, 0, 2, 1, 1, 0, 0, 1, 1, 1, 1, 1, 1, 1, 1, 2, 2, 1, 1, 1, 1, 1, 1, 1, 2, 1, 1, 2, 2, 1, 1, 1, 1, 1, 1, 1, 2, 1, 1, 1, 2, 2, 1, 1, 1, 2, 3, 1, 2, 2, 1, 1, 3, 1, 3, 1, 1, 2, 3, 2, 5, 1, 2, 1, 0, 1, 0, 2, 1, 2, 1, 2, 1, 3, 2, 1, 2, 1, 2, 3, 6, 1, 1, 2, 1, 1, 1, 3, 1, 1, 2, 1, 1, 1, 2, 1, 2, 2, 2, 0, 1, 2, 4, 1, 2, 1, 1, 1, 1, 1, 1, 1, 2, 1, 1, 1, 2, 0, 1, 1, 1, 2, 2, 1, 0, 1, 1, 1","167181, 45667, 11568, 10000, 151271, 10000, 80000, 91762, 49195, 69251, 70602, 36299, 104150, 65620, 175529, 128265, 43969, 54617, 65117, 93578, 94451, 16789, 101911, 20000, 14718, 132985, 116472, 140620, 240000, 10000, 50000, 85110, 119597, 60000, 44394, 81830, 106177, 120000, 71396, 270000, 19294, 210000, 159696, 190258, 90000, 160000, 60000, 40000, 114350, 90544, 131915, 75064, 60000, 43257, 120000, 72831, 130000, 72656, 6964, 29451, 120000, 104770, 87581, 51285, 76963, 33456, 100000, 120000, 28041, 117716, 20444, 136148, 41310, 79172, 64791, 60000, 60000, 540000, 118821, 84241, 110740, 89021, 70000, 72927, 113993, 120000, 60094, 125900, 342603, 185383, 60242, 40000, 80000, 205325, 62637, 100000, 90560, 103735, 47606, 119636, 109646, 63482, 92521, 54044, 185162, 79469, 65964, 120000, 250000, 93284, 51392, 144376, 110704, 61010, 137683, 189404, 66880, 82053, 130739, 200000, 90000, 114831, 242221, 67192, 82898, 201052, 139801, 139585, 9646, 128600, 228431, 25669, 26354, 104455, 24047, 8059, 108633, 70000, 48900, 210000, 112722, 8225, 80000, 220200, 166973, 30000, 100000, 124945, 206455, 94838, 28152, 48641, 65706, 42952, 70000, 205274","56.79, 33.49, 52.75, 30.68, 63.8, 19.6, 52.49, 44.94, 33.77, 58.31, 35.88, 54.21, 50.52, 53.44, 34.76, 58.93, 34.54, 42.42, 39.35, 37.09, 64.39, 49.32, 41.84, 33.37, 14.63, 54.55, 47.41, 60.51, 50.67, 5.9, 58.86, 32.48, 26.47, 50.09, 55.04, 51.12, 44.48, 39.18, 55.72, 77.85, 33.82, 70.67, 41.49, 61.95, 48.04, 58.62, 43.01, 36.41, 57.85, 49.37, 49.46, 63.48, 26.46, 31.77, 15.02, 45.36, 41.33, 48.64, 43.93, 56.85, 62.0, 38.59, 53.31, 35.06, 60.53, 52.13, 48.46, 50.4, 51.74, 59.88, 42.25, 50.6, 42.96, 50.1, 29.74, 46.95, 46.98, 73.3, 49.29, 47.1, 42.87, 48.9, 34.23, 49.1, 42.51, 55.81, 43.48, 43.61, 68.31, 51.2, 36.0, 47.36, 46.85, 57.58, 51.12, 47.81, 22.89, 69.25, 32.44, 68.63, 34.76, 54.36, 53.22, 42.09, 64.87, 52.58, 33.55, 47.86, 39.16, 31.91, 33.11, 58.05, 45.29, 39.56, 32.12, 47.9, 50.23, 56.74, 62.92, 46.63, 50.71, 39.83, 57.17, 30.52, 34.57, 47.88, 58.13, 49.09, 40.64, 58.68, 41.67, 40.32, 44.87, 34.8, 32.58, 40.28, 47.2, 40.9, 79.79, 36.19, 39.31, 28.82, 48.38, 62.97, 80.52, 40.9, 66.39, 55.46, 75.22, 41.2, 34.93, 60.15, 36.43, 36.75, 25.92, 61.09","1, 1, 1, 1, 1, 1, 1, 1, 1, 1, 1, 1, 1, 1, 1, 1, 1, 1, 1, 1, 1, 1, 1, 1, 1, 1, 1, 1, 2, 1, 1, 1, 1, 1, 1, 1, 1, 1, 1, 1, 1, 1, 1, 1, 1, 1, 1, 1, 1, 1, 1, 1, 1, 1, 1, 1, 1, 1, 1, 1, 1, 1, 1, 1, 1, 1, 1, 1, 1, 1, 1, 1, 1, 1, 2, 1, 1, 1, 1, 1, 1, 1, 1, 1, 1, 1, 1, 1, 1, 1, 1, 1, 1, 1, 1, 1, 1, 1, 1, 1, 1, 1, 1, 1, 1, 1, 1, 1, 1, 1, 1, 1, 1, 1, 1, 2, 1, 1, 1, 1, 1, 1, 1, 1, 1, 1, 1, 1, 1, 1, 1, 1, 1, 1, 1, 1, 1, 1, 1, 2, 1, 1, 1, 1, 1, 1, 1, 1, 1, 1, 1, 1, 1, 1, 1, 1","1656680244863, 1656710278807, 1656937709199, 1656945944374, 1656965092419, 1656965262314, 1656965267388, 1657023960260, 1657029529253, 1657030305009, 1657037577528, 1657042268850, 1657049822703, 1657107500248, 1657111690286, 1657125754540, 1657140939394, 1657144470708, 1657194310135, 1657196313977, 1657203658068, 1657212365209, 1657215547400, 1657290149226, 1657292528053, 1657542138342, 1657542283149, 1657542820315, 1657553604660, 1657571296239, 1657573347554, 1657625746263, 1657625751667, 1657626489891, 1657626820247, 1657626868763, 1657630914083, 1657632117478, 1657632323987, 1657639833435, 1657711750151, 1657713809799, 1657716772068, 1657717617846, 1657725482389, 1657730157737, 1657733760253, 1657748470085, 1657798423107, 1657798424079, 1657819825152, 1657891732515, 1658142341626, 1658144818663, 1658145687059, 1658153211128, 1658156587904, 1658163894624, 1658166799798, 1658174321385, 1658228754986, 1658230704023, 1658235760683, 1658240600326, 1658249714186, 1658255047394, 1658258046502, 1658318735589, 1658325470886, 1658341161846, 1658342816521, 1658343856801, 1658344036981, 1658350004666, 1658403285311, 1658406553259, 1658432575291, 1658489736763, 1658499140598, 1658511714389, 1658516916134, 1658519790478, 1658764668893, 1658771457070, 1658780664312, 1658833854724, 1658853700356, 1658861042312, 1658867607919, 1658923985594, 1658924256518, 1658924368329, 1658926848007, 1658932100942, 1658932627577, 1658937216277, 1658940561045, 1658946202111, 1658947592615, 1659008415907, 1659008910950, 1659018369247, 1659028430896, 1659039203657, 1659358820259, 1659370649634, 1659375667620, 1659377355295, 1659378448838, 1659440427141, 1659442212494, 1659443023414, 1659443353242, 1659449321587, 1659450411206, 1659452125262, 1659452129118, 1659456946149, 1659461677876, 1659526998438, 1659527536282, 1659528107931, 1659530395164, 1659532512021, 1659546863414, 1659613920733, 1659614560999, 1659616459651, 1659616712099, 1659617507407, 1659625431995, 1659632958535, 1659641721091, 1659644418780, 1659645382700, 1659645486943, 1659969335915, 1659971160194, 1659976447429, 1660044979437, 1660049175084, 1660054372434, 1660054970776, 1660133507071, 1660133777458, 1660141087062, 1660218416915, 1660218595935, 1660218728762, 1660218943323, 1660247131508, 1660306567834, 1660308460792, 1660316823909, 1660318578367, 1660328138662"
7092ba585c2ac4e0f1456361a10d62179bdccfc84de8b311c348323913d9df31,Non-Logged,1,3e54b313-2fde-4180-9948-74e889dd9430,1658695206581,81,280000,17.97,6,1658695206581
f841ff0eab0f242ed19a1e899580814725c2d9435cae2bbb7b951f795d4c4d88,Logged,3,"3c3eb737-2ac2-4e2a-b029-d733ff5eaa9b, 95823800-ceac-423b-b0d8-73a7f24c4c5e, 83506762-b582-4b54-8899-edc979d27891","1657580453927, 1658691651767, 1660086242641","0, 55, 61","10000, 265993, 128484","60.99, 64.27, 52.73","1, 1, 2","1657580453927, 1658691651767, 1660086242641"
f481a2b52b5cad6e9161a10512afeb66f201dab63599e8180b883e32b440ebb5,Logged,5,"8956c97a-6d85-4d4b-a6f7-6d42c6be97cc, bd4e7054-4043-4acf-9a49-7d883152189d, d2593c3d-2347-40d9-948c-b6065e8459a9, 61e07f64-cddf-46f2-b50c-ea0a39c22050, 4c63d7cd-4902-4ffb-9b94-578b1b2151f0","1657280498018, 1657280620846, 1657678542509, 1657678592793, 1659235452420","19, 6, 74, 32, 59","106832, 30088, 154229, 100963, 90000","66.53, 49.92, 81.1, 65.4, 36.85","1, 1, 2, 2, 2","1657280498018, 1657280620846, 1657678542509, 1657678592793, 1659235452420"
5db8b5012116b68513a8ef92384e078035e04f9a51b279421cadca1f28024ba1,Non-Logged,76,"95f2ee81-3e1f-4349-9bc6-f73de0189e69, 450d6500-b3bf-4217-a869-7303a818e226, 8816bdb4-b9d3-43db-9dac-3593bc4592e8, d61c5cc7-2a4f-42c5-ab06-bef4a6314808, 69cdf5cb-1f8c-44aa-a28e-030d8dddca89, a36c98b5-f159-48f8-9f5a-1fc6ea9956c8, 0981aa5a-7687-4aec-bcf7-6868ea563935, 57021bdd-9c31-4699-8d12-83ec6cb508d1, 797f1354-13ec-440a-8755-03080275cd0e, 7b41b70c-5434-4ecf-898a-e4315641ad41, e2a81417-e811-46a4-b26e-f77c1c836046, 3b8cd1b0-4cbf-44a5-9261-7b1dba64fcc2, 7fe849c0-4a55-429d-b480-11ee216909dd, 60d611ba-5bdf-41f3-b1cf-0f712879397a, ff1435df-7615-47f3-93da-0f5775f2cb84, 696c06e7-a338-4cf5-b9c3-ea8b9e775a94, 5590436e-cff1-4600-904f-8ad32ccd03f0, 5a2145bc-ceac-4170-8ffa-287a6b35dbf6, e7e40015-e5ba-423b-b7f3-4ccb1f26526d, 2c993196-8834-4a03-98a4-31e11e630650, 41d625fb-68cc-40dc-a229-440d131c4bff, 58c69cde-570a-4558-bca6-987480110522, 3734720c-0c95-43c4-8ad9-cb7ffbc6b3b1, 11cf4020-f10e-4eff-a3b1-b81113120198, e87e512f-5fb9-46b0-b93e-9ffa382a78c9, 795b6085-aa4f-4376-9ba7-85f7b84addd1, b954a1b6-d613-4012-8bb5-d60ffb9e94e6, 0f5d00e0-97cf-4bb2-890c-bc396aaef287, 63f5b857-6df9-4f65-862c-acd372870e6c, 146b7622-e82d-4f4c-a33a-103c51d7f1ef, e650aae9-2b05-4564-9ce7-108a31c4de20, f712cfd4-b1f3-49ec-82c7-5f3b366a5ac3, 29ef636b-1421-4ccc-8a39-3eafc1fe41b7, ab22e5cd-715a-46f0-99d8-613b981f202c, 0a449219-862a-4184-91c1-9af3bb6755c1, dad78a7b-1f43-48d5-b83e-46cb70eb71fc, f425b064-b8a0-4ee3-a4f9-7085873eba0f, 7607d321-56b7-4664-9e70-d84f6ddc46a5, 15281e10-e6bc-48bc-9b1b-94402f83699b, a10119c3-e3f9-4f76-82db-fcf22cec6d3f, 20615e3c-bcd8-438d-a2f4-0a72e59d23e4, 7a7db667-816c-479a-969d-6050b671d84d, dccce65b-8982-46e1-afcb-01db956e2cd6, 32be4219-c156-41b6-acbe-6c29ce3b1ab5, 86d55268-ea0d-4b71-a1e4-360a7c9705ae, f67d9f18-65f5-46be-92c6-214578b25948, eb681711-3c28-4f0d-b5a9-695dd5fdb8f6, dc7b2fb4-9cbd-4f06-bd53-d1ebb4b43ae7, 036dcfb9-f326-4274-9d43-aec662e02a40, cff9a532-75b3-4998-bfb7-556d632401a9, 5debc1a7-89b0-4828-a3f6-93de811b777d, bcbf252c-7d12-4756-bfb6-b507591117b5, f60ade54-c0aa-4650-88c7-2d26e31ced72, 818f0d18-937a-4391-b7db-9952e7a79e5e, e22473a3-7a8a-46cb-8c86-1bda7a5c70de, c4fa4a10-d95c-4b41-81bb-8ad16c40b5db, d50b7f4e-34d3-4cba-872b-f26aa96dd56f, e00a8958-3bc2-48dd-89ac-8c9635f5516b, c668841d-bf90-419e-b670-4f218fe642da, 458bf0ec-efb4-4bfd-9446-c80295e6aa87, ba7678a2-9b22-472b-8422-b6fb921fc672, d5c9cd87-e744-4120-825b-d82e0cf112ed, 62c44f19-520c-45b8-bea9-543668961099, 1b7ff567-9910-4c51-945e-aca71a45687e, 6760953a-6c40-461c-87ef-45639ea4909a, 41a37343-4203-4ddc-8f07-62798740ffb1, c4a64d0d-09b8-4f82-8e32-4d2ec6067226, eac4d9ee-1de2-4752-b44f-7e074517539d, 3a94824f-46b8-4d3f-8d43-c4591fcfeeca, 47e7dabf-cac0-4bab-ae38-b1075c89a5f1, 90742b11-51f4-46f2-bf58-24ffeb9f605c, 303e24c6-6232-4c7b-9170-e3dd69f50670, 82c7d3dd-b5a9-4e5e-ab9d-518cb333164a, c041f6d7-df78-40ee-8832-6772a0db14bb, ac43e7ee-c72d-47dd-9f89-4f2cb926e7bd, 5e644b75-011b-4a7c-a5e2-352fcb8fdff4","1656701976064, 1656704432041, 1656705836805, 1656757612892, 1656795484964, 1656810942117, 1656904310506, 1656957947789, 1656984939879, 1657032672088, 1657032709021, 1657053993657, 1657125211839, 1657148965779, 1657149606980, 1657549412797, 1657554837744, 1657560063022, 1657562749492, 1657597577226, 1657722835389, 1657731271696, 1657731509934, 1657797442552, 1657802876768, 1657802987374, 1657971481684, 1657971806524, 1657972903515, 1657973666470, 1658008020451, 1658008414574, 1658082734278, 1658083064481, 1658084288508, 1658087139662, 1658115009044, 1658178509899, 1658263968024, 1658288805377, 1658420461963, 1658420556854, 1658461159166, 1658487969258, 1658525612266, 1658598704866, 1658599008063, 1658602826728, 1658605315815, 1658605906291, 1658607635765, 1658607766747, 1658633972264, 1658662887968, 1658703791392, 1658767092800, 1658806977222, 1658807008565, 1658807267748, 1658928579715, 1658928617290, 1659182451287, 1659351640775, 1659351759164, 1659383978504, 1659531140875, 1659628684539, 1659785185438, 1659785372466, 1659787227366, 1659891316840, 1659905726556, 1659905870845, 1659976602781, 1659977336289, 1660395562121","0, 0, 0, 0, 0, 0, 0, 0, 0, 0, 0, 0, 0, 0, 0, 0, 0, 0, 0, 0, 0, 0, 0, 0, 0, 0, 0, 0, 0, 0, 0, 0, 0, 0, 0, 0, 0, 0, 0, 0, 0, 0, 0, 0, 0, 0, 0, 0, 0, 0, 0, 0, 0, 0, 0, 0, 0, 0, 0, 0, 0, 0, 0, 0, 0, 0, 0, 0, 0, 0, 0, 0, 0, 0, 0, 0","69080, 15885, 20443, 43251, 41146, 57999, 32914, 43379, 77883, 19568, 25079, 12962, 40218, 26116, 30001, 40000, 40000, 25110, 39996, 22687, 8157, 29814, 47246, 36034, 15581, 40000, 102437, 35589, 40745, 29948, 17918, 40000, 53598, 40000, 12810, 5453, 29205, 30003, 10000, 40000, 40000, 35031, 52190, 11701, 63104, 14038, 43918, 40000, 40000, 40000, 22638, 37569, 42820, 40000, 39499, 45093, 20450, 40000, 14267, 28220, 13576, 27191, 40000, 20001, 30001, 48495, 40000, 40000, 40000, 40000, 20002, 39210, 27225, 60000, 14429, 17974","12.5, 12.5, 12.5, 12.5, 12.5, 12.5, 12.5, 12.5, 12.5, 12.5, 12.5, 12.5, 12.5, 12.5, 12.5, 12.5, 12.5, 12.5, 12.5, 12.5, 12.5, 12.5, 12.5, 12.5, 12.5, 12.5, 12.5, 12.5, 12.5, 12.5, 12.5, 12.5, 23.53, 12.5, 12.5, 12.5, 12.5, 12.5, 12.5, 12.5, 12.5, 12.5, 12.5, 12.5, 12.5, 12.5, 12.5, 12.5, 12.5, 12.5, 12.5, 12.5, 12.5, 12.5, 12.5, 12.5, 12.5, 12.5, 12.5, 12.5, 12.5, 12.5, 12.5, 12.5, 12.5, 12.5, 12.5, 12.5, 12.5, 12.5, 12.5, 12.5, 12.5, 12.5, 12.5, 12.5","1, 1, 1, 1, 1, 1, 1, 1, 1, 1, 1, 1, 1, 1, 1, 1, 1, 1, 1, 1, 1, 1, 1, 1, 1, 1, 2, 1, 1, 1, 1, 1, 1, 1, 1, 1, 1, 1, 1, 1, 1, 1, 1, 1, 1, 1, 1, 1, 1, 1, 1, 1, 1, 1, 1, 1, 1, 1, 1, 1, 1, 1, 1, 1, 1, 1, 1, 1, 1, 1, 1, 1, 1, 1, 1, 1","1656701976064, 1656704432041, 1656705836805, 1656757612892, 1656795484964, 1656810942117, 1656904310506, 1656957947789, 1656984939879, 1657032672088, 1657032709021, 1657053993657, 1657125211839, 1657148965779, 1657149606980, 1657549412797, 1657554837744, 1657560063022, 1657562749492, 1657597577226, 1657722835389, 1657731271696, 1657731509934, 1657797442552, 1657802876768, 1657802987374, 1657971481684, 1657971806524, 1657972903515, 1657973666470, 1658008020451, 1658008414574, 1658082734278, 1658083064481, 1658084288508, 1658087139662, 1658115009044, 1658178509899, 1658263968024, 1658288805377, 1658420461963, 1658420556854, 1658461159166, 1658487969258, 1658525612266, 1658598704866, 1658599008063, 1658602826728, 1658605315815, 1658605906291, 1658607635765, 1658607766747, 1658633972264, 1658662887968, 1658703791392, 1658767092800, 1658806977222, 1658807008565, 1658807267748, 1658928579715, 1658928617290, 1659182451287, 1659351640775, 1659351759164, 1659383978504, 1659531140875, 1659628684539, 1659785185438, 1659785372466, 1659787227366, 1659891316840, 1659905726556, 1659905870845, 1659976602781, 1659977336289, 1660395562121"
721ed078071d40475e67f0e3766b3851a3f1f16612ed1df5da597a55a7090b7d,Non-Logged,665,"4e4ca3ff-8326-45ee-836f-fdb7cc50cc38, 51728e2a-3999-48f6-b762-ab305abc8b6d, 8634c420-35d5-4d2d-af72-542ade25b3d7, ce32e61c-07ae-4d54-8871-d3b59a198238, 18ae3d7a-a5a9-44a3-a2ed-ae2927d2fefd, 2b8ec241-ae57-4df7-bc72-f9539c3badce, 87e58e83-edf3-48fb-ae78-d1a0d4239eee, 12657735-75b8-4479-92c1-90fe902547d6, cc6db791-5660-470c-a4e2-d79366d1da30, dda7ac72-2500-43de-b630-56c6e8e5a913, 4d1189df-e0ba-425d-a5ef-3e3e36fbe955, f74aa0cb-fd5d-4f5f-a4cf-74e2c098bfb6, 94bb48e7-fa2e-482d-be7a-4f4353dffcce, 638df2a8-1719-4856-b7df-980e8349474f, 669ecf46-cbaa-45a9-bca7-969e2f7e047a, 2d0f9b5c-b7ec-46a6-8a80-6b054470e9df, c997f3ea-3a38-49d4-bacb-6dbdf415bd74, 7b65851b-2ab2-4c6f-a112-19ec1219d201, 8986091e-e534-4911-b257-62156be2988a, 4d985384-be53-43c5-88c5-c8ddec08580c, 4ad2b260-0f6d-4707-973a-043abead6c79, 426e9777-7ad8-4b0f-98f4-48e8ee96ace5, 2ed69f85-5012-492f-9f29-3fc0f3acfc45, aa4bd78e-4e60-4ee4-ae47-86df02fe29b3, bac33b99-5331-49be-bacc-6f86c0854a27, 53798cca-fb53-47d3-985b-b081b0f6c7f6, a22fa1cd-f11e-426e-bd09-57781b82f6e7, 94990e03-017a-4dcc-923e-2c2da8d62b57, 4878aa8f-2a61-4be1-af17-e2a15a3f12e2, 83ebda93-e1cf-422d-ae6b-18298c55ed8e, 122f6889-00a5-423a-a085-ac97b73c61c6, 5f0ffb57-c88b-41bb-b427-ff9fe126dc7d, c8d33cff-9e5a-4262-8368-364235d94615, a88558b6-8331-489b-9c83-979f39d53d08, d89e05fd-6a1f-4fb8-85ee-a3280ae97bdb, b1dded2f-04a2-4dce-ae0f-b6a7bd82e152, d2e2b151-41ed-44cb-b591-4279802e046b, 8dbab4f7-06d4-447b-996f-b253f35160b0, 2ad4930b-bd99-4884-9c07-12cc46f53417, 82d58756-2816-4322-a503-50f097aa2b38, 23b88d14-e107-4859-9879-67f96fbbfea4, a7aaddb2-4c5d-4d8d-b9c9-c2c8c136f36f, ce77644d-3da8-4985-b296-3578fde7df57, 35bcc2a0-6ce1-4166-9f6f-067a79748671, 7430a734-80f7-47c5-a880-2db4a7308e88, c4ab5277-4c11-444e-80e8-86ef7344d8a9, f8f8fe7a-1ca9-4c0b-8347-eee307a0c45c, 1f2b9c2f-a2d2-4192-b009-09065da8ec23, abf9b042-1205-465b-b24f-e3cc3907db83, 6617a8f7-712a-434f-a9bf-89148e7c78f5, cfed2dc7-c8a7-4a88-9ecd-165ae91391b6, e0f5b4c8-e751-42b1-a9eb-6f205cbb4e59, bc055232-aa0d-40c8-84b0-91b45237c590, 41468972-93fe-4b65-8c93-155764148e19, 18633c31-9144-419f-95b7-7bbac07695c8, dbd3e365-5ac9-456a-83f4-b177e57fdfab, 8db3c393-6fe0-46c4-9c8b-0fd3eca8b046, c3c87a5f-de61-42dd-8a9c-b9d3ea0e1acf, 9ce7a674-afa6-4bbf-b6cc-b4140d155806, c34bc409-bdbc-4d58-875c-16d9ab4cd209, b3aefc84-a738-42d9-bc4a-99cd1e569edd, d8b1b3cc-6e76-46f9-8502-392903906131, c0f8ca2c-526f-4a1a-b199-4577fa31e14e, 6110a74b-265a-41b4-b40e-e9c94842006c, ae306b4a-0acb-4b3b-b3ce-eaf8bcd5800c, 7b22469e-edce-4b30-9efa-eb789f47f59c, eb31f9ca-be90-4eef-81bb-b8208369c201, 31ac419c-b6fc-4691-a652-aec0e70e5328, 4f07d688-d3c6-4458-b2f1-58426e18fe5c, a65bc48a-6c2f-4abe-a8bd-593d7e389a15, 89aae87e-4c3c-4cab-ae0b-90454cd91e6f, 11f2b953-a0e1-4acc-aeac-c2d769ac9c02, ae269b25-916c-4ac3-bb5f-4ec5e67e163a, 749f0d28-c60b-49b3-9ebf-174f43d1d530, 5e0e0692-d30c-4fa2-8da8-3fd00a39290f, fe66b0f1-5028-45b0-b1c2-6ee6e993c73a, 5728a8d1-005e-49fc-b627-d6244c0c9f28, 68bc8994-ebef-4e48-8478-e7fe1619ae58, 239430d1-9a03-4b7e-a928-2362102ab641, 99c4a6d3-41f3-4bf0-bfba-a419e0e621f8, 44db03fa-78a8-4296-b8c6-f6aba1c995a9, 53215290-74a2-409c-bbbf-fd7966f22b10, 9c0c8ae9-4899-4e77-880b-0bf6abe6e08b, 50eb18db-d487-4f59-ab56-71dfcfee7e8d, b3b72028-9459-43d0-95c3-99f044fe3f36, 34506063-8fb6-4dc7-9db8-20b440f5aefe, 1a81a356-4803-40d4-a79a-e55865f5b0c8, 2c1a1f2a-40d4-4b99-aa33-d6c62e4eb49c, a7dcf97f-4fb4-4f3e-bdc6-e99e35377e51, c6ef110d-7837-47f2-84f6-cfea4da5e328, f3b090e6-5e68-4a54-8b97-f10a8cd4181b, 31ee748c-95bb-47b2-8e45-68cb695cff00, 48e83a6b-9f8b-4820-8c6f-9ef2222d2352, 684e94c2-e00d-4e87-821f-09d430031fcb, 0f43b739-78ed-4bfd-9c63-e97ff50e8d19, 1b477558-657d-473f-b496-f25d3a5d7e46, be418f8f-1209-4ae2-b85c-77d3507bb18d, 0a5923de-45ed-4142-b3a7-17546131670c, 8faee005-de21-4062-8c73-a2a7c5893bd6, 4fa06866-14bb-4536-9673-7bbeaf06ec9e, c42b91e5-1946-4803-80fa-c3c79f61f6cc, c985fb91-4f32-4944-92a7-b8088933fcf1, 212cf9dc-02e0-4ee6-a8f1-53f6f565cc55, db371152-2c40-4324-9154-ad9949c79e59, 99cee40b-98dd-49a0-b741-41296aaea59e, 1d1e8099-943f-4a05-9821-26813eec794e, 6121fa0d-997a-4133-975b-ec8cd9889768, 9caa81f8-3259-43c8-9ed4-c496795cc6e5, 44b857f6-75af-4b62-9372-b7e01293de5e, f2155cd9-6871-4a44-9b14-cbe5f64fd5f4, 80d2caa9-d5b3-4bd6-86ab-99fb79f350e7, be4a3141-72ce-4286-a424-84622cc4225c, a289fde1-2ea9-4c18-a489-b8ad09c6a3dd, 5ff57c8a-8269-49e8-be21-5997c71ac566, 4417885b-7243-4348-bbac-1e99a63253ae, 6c2690f6-f5d6-4ed1-8054-bd7c6937e8b1, c9f6922d-c67a-41e5-82d7-b283af240233, 8c482f4f-3e84-4e18-9b34-08862c8122ed, 0ae24930-7901-4cd8-bed9-f0243d4f0644, 6f9e6791-dfb0-42dd-9835-bf2273604389, 24038c16-23b7-404c-b1b8-f720efacf02e, 3bd9f24b-cb02-4cc4-b6b7-da5c1389463d, 7482cc53-9cd4-46cb-a15f-fdbcbdf26bd0, 25d54fe7-248b-4e1d-89a1-20b36aba6159, 4571d9d8-84b2-4802-a86f-311653fa6bc8, 8fac1c90-0a8a-492d-8288-782fb05481d2, bcd21623-9a80-4127-91e3-e572ce938dcb, a79263c6-22ad-4f6d-87f0-d7065c7f0661, 089e4a31-571e-4f4e-90e7-65f0fd31afaa, 0389458e-8ed4-418a-97f8-dd090fca4508, ea651e56-a9fb-44d5-a8eb-ccbc18cc047e, 4b715f78-cfb2-4cef-bce4-7f50c8c9ecd4, 20926639-2ada-4559-a1c4-ce2418877dad, 6ec665b4-dbef-4574-b941-043953679a1b, cabf87e1-e0f1-4001-b369-09298be6b395, 7de31812-bbae-485e-a118-64d3a6fb3896, ff9be06f-f41e-4778-8511-26ab1a045106, fef1cbc3-bfa4-4172-b3c2-42096a5af563, b555170f-2ab7-4c92-92c0-138555f0bed8, dbe79e5d-6364-4efa-bba0-d22c880a073a, 77934187-5890-4a35-9657-323a5557df2e, 40a1e4f4-6daa-45f9-8c26-79fc9bf04bf3, 57c8339a-f570-4d5d-8e9d-e79b0d22bf82, e41fb01f-4ce3-4a59-b037-97bbaa947740, ae794b51-2d24-4e1f-95f3-b235dd3ffc08, 8e244f01-65d8-4b99-8b48-62ac5a9598d1, ca59f520-2e8e-4abf-9cc1-54eda81bb978, 6d4717ca-8617-4486-96b9-88667704116d, d54c05ca-5fe9-467b-810a-d2e307256173, 6a0a29b7-fd22-4f48-8047-135f1df14580, 1bc0e4d4-c88e-4d9d-9f54-021d69e190f8, 9a7695fe-83b3-44f3-aa45-a02d75e5052a, c6142cff-2cc0-4cf0-86d7-ae74be6baace, c2de64a5-4384-4037-878c-fed812916136, 6452a218-de3c-4511-b482-d58f26b7ecda, 2e4689c4-0f15-4cac-9510-5fb35b74d54c, a49f6333-f760-4775-a051-e03d57b95c7f, aaa05264-0dd7-4f3f-a621-a030ad912e76, 2d640374-2d90-46a3-8c41-7838810e159b, ea5e8c85-6228-47bc-958b-bcbdec05e2e5, 7b41b70c-5434-4ecf-898a-e4315641ad41, e417b976-d8bc-44c2-9273-04bc2e27e458, 230d19cf-28f8-459a-ad3a-da60aa640639, af5d32bb-ab3d-47fa-96c2-bf44680ea0f7, ac07d970-c72b-4a70-b841-21e6256d068f, 2aaaaa49-edc7-42f0-816e-5f8332627d34, 70595e29-bf66-4ecf-85a2-46290b93cd18, 68a1de5f-9a2f-4491-a551-5f30eff594c2, 001b9bec-b1e2-4df2-9c43-8135627ce4c1, 7a4a5e67-063f-459e-b6f2-522359ceb586, e77bbebe-cd7c-4936-a72e-a6d0496f0c6c, 58b9aff8-b94f-481f-ad87-6c69a254f3c7, 4d16a079-ca73-4bb6-b6ce-872bdddf1aa4, 87fe6747-4698-4add-bad1-8c9fd6f949b6, be27248d-bf76-4373-91a2-f62b612d9916, c2d9a2c5-fc0c-4bc1-811c-5ad7b4f482d9, 5c97f82e-2a63-4a9c-8cc6-2af65c45869c, f86803f1-cbdd-47b8-a711-92bc0d432e65, 9ce4b202-e8af-4904-93a3-c7141dc97166, 55455526-a0e9-40c7-94e1-08824f4e1b52, 03e0dcff-f203-43e6-ae68-6e9f50a009a5, ac02c7f7-b1bd-4af3-896d-7b99f4e0431c, 3215d22a-724d-49c9-ba70-0ba31df4949b, b80450c6-2099-4c59-b311-9fe733104de9, ecd63535-1875-4f84-b7c1-3aabcadd316f, 1b766afe-e05c-43a5-a414-27ac7fb7e7e4, 2b52a54f-10f5-4d4f-b7a6-bbe48c7e87ae, 0b21344d-afb7-4fc6-bd73-ed188d564935, 7eccf7d4-6cbf-4c1c-85e9-8bbe40610c23, 9533c13d-53db-4493-a53e-3414eb42f0c4, bcb082df-30e5-44c0-926c-6172cacaaae3, 0458efca-6f84-4223-bb16-68096059b07b, eab170c5-d482-42b9-8179-db89b17e0cc4, 3c224395-467b-4ffc-bcaf-a95484b729e0, f975af6e-a695-49b4-b1a5-1f6e5ebe32ba, 728a72ab-c72b-4953-b95d-ba335c90de40, 6b467c89-66df-4cc7-ba87-f0a6939c7282, 564ca071-5872-4020-a4f5-3421a29498a7, f38d9b98-70c5-44c2-9a6d-fcee0df331ab, 86164891-81b4-4474-998a-7eb5167738b5, 8f9a92cd-b06f-4d90-b8c8-35ba92c848f2, bfc2eff5-a678-4895-a577-6b329c7e261d, 22a373aa-fa45-468f-ad32-b7cdc4108a77, 8e3924c7-ba91-4811-9ed7-e58758cb3912, 0159b796-7d97-423f-88d0-675a9c9ece14, 05dac5cc-64cd-499a-893b-e6ae963bc81d, 98d3ca1d-9fe2-46da-80f1-11c160364169, e5b31e24-1bfe-49d5-a0b2-8af464411fda, 99566c41-bd03-4b37-9ed7-4ba3485e7de5, 477453ac-53bd-42c9-81d8-2f37c8367309, 00b338aa-5bee-4abd-b4f8-6f0d19b32fee, 3e61f213-179e-4854-81b8-a5a45fb9dd9c, 9472dc53-33c1-4d80-be4a-b3c9a599a2cf, 6be357e5-8bdd-492f-bdda-04bf3c04af4b, e2a81417-e811-46a4-b26e-f77c1c836046, 65880d47-8f02-4b60-9058-80ae8aca2d3a, e9c52220-44fc-4093-bfb2-a4941eeceb47, afb60617-1813-4e1b-93cd-e4f7c7a564cb, 99d635f6-b0fe-4c18-85c9-d6ea881993e9, 987125e2-5cc6-4440-be38-22cd4434ddb8, 8c246d2b-81bd-4c1f-b563-2c905675f984, 73ed314a-a9f3-4b76-83f1-67063a4ca520, c88cebc3-e150-4efc-993b-76cda07dc6ef, 4f126ed4-66ca-4379-8779-6afa1b4d1662, 9a45767b-ea02-495d-bb79-6be84b106fc7, a91fa98d-66e1-4244-b31a-142e72edb655, e5c33566-eac2-487a-a55a-827d97f77b9f, 80315b7d-5801-4318-b508-8a160dd2b7da, 4d89c4b6-6827-4935-9ba1-0502025af270, b246d010-1bac-4550-ad00-466be2e69486, e02f2891-3c95-4522-9ea1-1c9888b30d00, cfe6b8be-db8f-4269-a3f5-c861e298a10b, eb6c7d28-8b8b-4be2-9ac6-906782ce8751, f9f520de-ff6f-4cad-afa0-6e092f258378, 048f9e44-705a-4d0e-bf50-2a4de0aa5d21, 4b07ccd2-9a77-4ea9-80d6-6a16c60133a1, a79ae788-c532-4029-951d-c2fbf522eed3, 9f6fe57b-66f4-445d-83aa-54e07b536ec8, 84475a89-38d0-47f5-b26b-58078f824530, 1ce7d5fe-d447-45c6-8c58-ae173fae6bf5, 0bbc1438-eaf4-4f30-905e-65d296839e17, 0cc25f95-facb-4a8e-a82a-004667543d82, 62bd40ea-5428-4d9b-a62f-1e81d19749d6, bf156242-00b4-42cf-905d-a5dc83537a97, 7e9f2b32-7dae-4c45-a7b5-d1bc2a1733dd, c9950b84-2c6c-46b2-baea-357e07a74ca3, 99c148d1-781e-486b-97b1-722548829323, 5f97e09c-3109-46d8-8222-70be5ea56d36, 750230c6-eda6-46b6-bde0-41b11c1997d8, 855d7f14-0d48-4f42-9733-edc4345e9b66, de219ad1-32c7-4880-8a7c-b372b4188a20, a82a7777-f88f-4aab-957c-7d69d9051147, 996c1d09-9229-45d6-8163-5002ab07b943, 939a4847-0392-4e27-97ce-fc9770789282, 87e3e65b-d057-48a7-9020-fb6a60e9090b, 0c060313-9ecb-446a-800f-1242ed98feff, 0ab3092f-590b-4caa-a4ad-17bfeef0fd0d, c4b2b8b6-8a10-49ca-9259-6a6b1599078c, e77ae307-18b9-4174-bca0-afed4139e03c, 7fa14e33-c167-4a27-a6be-c73bf4c9b9b4, b6bdf42c-e375-4e32-b02d-00da4e09c7f1, 6d3d7ed2-bd28-4acf-b888-5440c23b1690, b2e0fc5f-b999-4cda-b004-5e7da2430ba0, e23030ff-1386-4bb2-b220-bc57edcc0d27, 17f9cb6a-ec41-49ad-a52c-748b318c7e4c, ef257a04-4ad2-46ab-b30e-eb2a2db66284, 73beef3a-dab7-43b5-a84b-7920cc8706c1, 5cec3ec0-33c6-4fff-8d28-9a2f44ae2d23, 12749e53-1279-422c-9013-2ade8bd4c28d, 41acf1b0-926b-46da-a3d7-30ea39d4ee45, 3beb9788-4eee-4c88-a3de-dda387333710, e45e0153-9863-46d8-95c5-be504144e9d0, 6b87f422-3b1e-4e7d-a170-c72c80ab9380, 30a03e2f-327f-42b2-babf-fbc8e9a208fd, 64eece7b-87c8-4ea4-a223-c450a77973b5, b01cdc6a-a2b9-44d1-b7cd-7d373516a5b4, 2f4708f4-b054-4910-8169-4b6d20b2faa6, f6c171a0-e188-4709-ba79-676ca7e20b10, 7216cefe-eb57-434a-81cf-4512db2dbc7f, e98a3169-1474-45fe-a677-a48203c9e8d0, c2a1c2bd-fa37-4b39-9558-8204c19f13ef, 1c3da657-e1c2-4290-a42f-02916c475d92, 5f0ee205-c2e4-40be-b103-876453c693e3, b5d8e494-7ba8-4415-9f40-62514c3de9d8, 882e7c95-935a-4eab-9ece-f85f5f7d0f4e, 7f4f8989-de58-49bf-a882-c3cc180a189c, 95cf0358-614e-46f2-84c8-66c5bb8b33c1, f362e0de-1cd1-4597-83d2-1286a04f04da, 6248a7ee-a82b-4cf6-8fea-6289c1919336, 89b305cc-45b5-4a9a-b648-d2c7a5add460, 6d0dcfb3-9c6c-48a7-9050-401760e89d47, 347a01fa-6f39-49c7-9a61-72db9eca0d19, 3d009bbc-65cc-4ba7-b93b-056543dd80db, 2614bf9d-e811-4d0a-afbc-d7fecdb62a82, 5ecc4b24-ff5d-4f8c-8449-53de3b34d213, de0beb67-5582-49e5-ab3b-8899610b7a6e, 4b762622-7d6c-4ee3-ac57-0255df5d44a4, 139c9e4d-b7eb-43d0-b2fc-1cb230f0adc8, 04e22ac2-5dc4-43eb-a52e-22b448c96c2d, 39959832-be7e-4420-94ab-9244f409bfe9, 4db03e9e-386e-494a-97a4-a56b570df2f0, a0aba7f4-5e1f-4f92-8239-10575ffa9957, 09430240-0596-4b14-a609-7a05c7fa529b, ca8f3cf8-431e-48e6-a2d4-1fafc4f2224f, d7befaf2-a328-43b8-b89c-f4e86d89f438, 0ca6238e-51b3-4d82-b50a-c6756934370b, e93ddb82-fcd9-4445-9dfb-503285b193c5, 6a83890a-d9e9-4f6b-a6c6-90d031785bbf, 355ce257-7b0d-4e73-b366-6fd07be699ad, 0882f8bb-17bb-47b0-a9b1-86e07aea977b, 87f0a6b2-5802-408a-b1bf-995db15e7c2b, 756f1fd7-703f-4ba3-ac49-a7c9bff1b1ec, 3936f6c7-3f6c-4205-8cda-3178160b6cd4, da710bce-d77e-4d7c-a6f2-6c88a250367b, 0c8faa82-5bd0-47a6-bc35-d659e4037647, f14ffcb3-49c4-4718-962b-862a655494b0, 949a81ac-5df1-4e7b-9f4e-e364b5603e68, 270dc24c-7c6d-4536-b7a3-9fbcd383867c, 07d86b0a-993d-4f78-8437-c1eadd2b3c46, 4b9914f1-be96-41f3-978f-3a8bc479846d, d0b5ac09-591f-4f39-a325-25c242fe84b2, 56b83b31-ea22-4d55-a66d-79c6205d4374, d6b4d7b3-1721-4721-aa00-29fc7b97a567, d5f0468e-a67c-496d-ab1c-eec0c29dc89e, e564e494-6598-498f-8a83-e92c1db90570, 6bcbb52a-e77b-4fba-a944-f0553f41b845, 2f7b2ec9-62e8-4253-9d6f-dd350bae3f67, 75432862-84da-430f-bdb2-ece65dfb0679, 1c27cf97-b20c-4e40-b1f1-288b721517b3, 73151e02-dd2a-4509-968e-b9c16ec1c5db, a94ec35e-0ef4-4b83-ac96-034d409c82e0, 76d0f66c-9c34-4e0c-83f5-2ca7fc53c574, 49b790ed-8512-4649-965a-057773c50997, 14a44b11-2835-4d3d-8947-4f63b50ca296, 6fe53826-37dc-4fd2-a60f-ce7334832556, 5e2ec8d8-0e56-4f88-a462-7d1e3be878ae, a61751ed-cf1b-4929-bfc4-66e6916bc5d4, e0b8e742-f94f-4361-b662-9e9d24c99803, 16ebb527-9b48-4219-a139-248885bc636f, 34bb4f9d-0c0a-4685-b26a-47721c59c039, 10db7533-c62e-4fc7-a010-9d30fa502c67, a4c6c4ba-0143-47a3-832f-3f6cc1235cc8, c72509c4-8a2f-4dfd-b851-2e54a2d41af5, ab9960c8-44cf-4059-acf8-f1bd61ced51b, 7852e864-ab0a-4f66-a8df-de3a5238654c, a26c923e-c158-4136-a669-57d9f21f638b, e865923b-67a1-4b13-9c05-5fdf7e83fd6d, d973bcc5-eb9d-4c11-8017-c88828858da4, 7680179f-d208-4ac2-8da1-5ea8c200bbb1, 02e4c8f2-12ac-45bd-82ee-06db6fa15b50, 587b7560-fb7c-4ecb-a88c-d6970b193c94, cb479713-8d66-4c95-9642-b753ac908721, 69907600-692e-476c-9798-af05a4c0a76a, a622f609-5afe-4e42-a85c-b5c6effb1037, 51249060-1934-42ee-8db7-6b97b50fe513, bc9b4aa7-308b-42e4-8620-1eb25085c93a, 4ef1d1e4-01aa-4aea-8a31-51598feef18a, dead8761-5778-409b-afc6-0161962e54ff, ee4c7604-3433-4b26-81a8-b01a5a7384b0, cfaaf988-800f-4a3c-bd52-54160834cb93, 91dd61bf-7c49-4276-bba6-1db2804921a9, 872c37bc-4570-4f86-ad92-b4933baeb80a, d717376c-63fe-4ad3-91a4-1848f859b87c, d6c6e4c7-489b-414f-a22e-41b63b4b8fdd, 750ec729-cd61-4227-85fe-a1e0ebbf7d50, 45a4ed6e-4f6e-4fd4-8997-864b3a68c85c, 03b2975b-7493-462b-a851-711ce6beb6c0, 6cfefe32-99ae-43d6-aa24-5973842cd65e, 11055e00-6ed9-46c9-9795-392ab21c61ef, 13f2cc37-f575-44d5-b33f-045d0b0a912b, ab7e03d1-082f-4b06-9bdc-c73f38d10d48, 4700f517-5c5d-483c-81b7-d77aca04991c, fcd1a40f-d5d9-42f8-abb9-bddfe3adbc7d, 4c0134a9-82db-46f3-9b90-0d71bd97f0cb, e77e093c-d944-4d4c-9143-e67c75c616c5, 437bbb96-dbfd-4398-8dfc-14d41300c00f, 4e986ba0-ca6f-479f-979c-a111d0a2b7dc, 1770d9f9-cafb-409a-8008-72655ec84a88, 3dcbac52-7e62-4bb8-b923-5a9b2eec367b, ee58686b-c703-4fc6-93dd-acdffd30f2de, 4155c639-9abf-4137-9243-9e23e8134b41, 1dc0c4a8-0e13-454d-b3cc-16181bdf727d, 68b9bee4-8716-4a13-a156-e8270e6ca836, 34c36e03-f8ef-4419-8899-69ffe777dd9f, 77c75c78-54bd-46c8-a917-c32387b2e9e4, 1836c3e2-2956-4658-a481-0de9f7a4c86a, 23157cb0-e16b-4cce-865e-37abbbd14725, 8f45b5a8-397f-46f8-83f8-c28cecbafe8b, 6e7e1778-cffd-40cc-88f4-e294edd29b03, 8d8ce0b2-fc69-4c09-9377-ea26b0250f7e, 58c69cde-570a-4558-bca6-987480110522, f2a29f43-a9fe-42c6-8e4b-f727321403c6, 716b7083-352a-4203-a6cc-706d9cda4960, 39cbd3e9-641b-4f70-bcf6-e3f844fcc982, d990e448-1d89-4a3a-bedf-07d26b6e742b, bd1bc41b-79a2-4b09-9ca1-b1e26805810c, 955553d5-ebb6-4647-8c90-04ca93af4f50, 272528d4-d1eb-491f-b728-998060415566, 12c44ec3-3624-4c0d-990d-27c38e7a5848, d303158c-8b2c-45de-ad18-2fdf67d06397, f6b5d170-48b9-4f8e-88d4-c84b6668f3bd, 28965b9d-24c7-45d7-9922-0f965e47e92b, 0d7a4ac2-b38c-42f9-a2f9-9d69c745d7b9, a38bc885-4765-47e9-b477-e80665f101ae, 0df0c8d8-c6ac-470c-9aa3-36fb840d62dd, 9152f555-bc19-45a1-92d7-21ee3270924f, be1dd943-7f08-4fd6-9068-f08dbd2a0a72, f271111b-bf67-4239-8f1c-fe59ea7fbff3, 0afb7e89-ae34-4985-91ff-2125e590447f, 401ae1cd-ad1d-4929-b815-3e7fa98f55e7, ad42c4b0-dfb5-49fb-87bf-7b5d055b6e8e, ca2ebab1-b058-45f6-b834-42641f918aa6, d0adf700-2b62-4545-80b7-43637dcd8edc, 048be13a-d1a4-4c55-9fb5-952818b9bead, 56936cc6-bd9c-4cae-94a1-306fbe0e59c9, 45a2068f-7dd0-4244-89c1-9119d1937bd4, d209d257-067e-4559-8d79-090b51ca032e, 9e90b927-2749-4a8a-b53f-216bc50d8e9b, bab9cd10-0a26-430d-bef2-f3be516abbf6, 8d7b5fcd-c82b-4796-a8ad-d86cf14df697, e6832f7e-74fc-4ac5-8ce8-d913697cde19, 2b42c74c-5eca-4dd1-afab-f5de95d03e76, 61b8a2cf-9d7a-418c-86f5-32daaaf5efe2, e85cca6c-73c4-438d-8b3d-94f41b75cfb1, b2543715-4744-4983-991b-7692e2062de1, 890b3738-5e60-42cf-b688-4305471a8aca, 0396f828-3984-44ec-95aa-511dbb40fa88, ffeea3a6-d969-4a9a-baf0-101da68da3f9, 9ff804f0-d800-4180-b1b0-ae727821a20f, 6452fa85-14ed-42cf-a9ea-625e1b4204b1, deb4f0ad-1fec-4c25-832f-f0607c9add95, e1b45ea0-7cb8-40f4-b016-e24c2c2338d7, 3105785a-2ffb-4173-9b42-501324cb673d, d27fddcf-c3f4-48f7-8ea0-63dc4f07946c, 41ba16f0-7ca3-4da2-8a3f-6d248eabd12c, 08e32df8-e8c9-45d8-826f-e444b580cd16, 720028e1-d260-48b6-8331-c2dd92d45cf2, 407ecab0-6d66-4526-9884-a3a6cb8b3f7b, c8f6fd3c-d76f-43bd-8ee7-6806fefd657e, ac3f6df3-a9dc-4bb8-8671-9c28a7697074, 857a13e0-28f3-448b-b4c9-b78cc9cb751e, 7ccdee1e-c91a-4c93-8bca-d671cab1ee1c, 3dc3e84a-ef7b-4daf-9902-e0026d3fe84b, 15281e10-e6bc-48bc-9b1b-94402f83699b, 9f118826-ea10-4b44-8f15-929abadbbb43, 6d0a4a90-821e-4a01-9e2f-5bec389167f9, e0425f71-24b4-46e7-b800-408a4de2ca73, bfb489b2-b686-4f2d-bb6e-08337dce539d, fa319820-539c-46f1-82be-9bfb4ef8ddd3, 801d8ece-5a4c-4ce7-b31b-2ecbd49578fb, 12473c40-b262-425b-aab3-629208690705, 64b4a1c2-e451-4c4d-944d-983babc0f767, a9bafe9b-fd98-4e6c-b239-01152c4636db, 3b4fee18-204d-47f7-b860-bfc03f165e81, 94c77949-55cc-434b-84bc-f84bf875da63, 2ae5aab4-3e84-441f-8e24-d57f1d8c2830, 7a01fdb1-c5c0-4833-a252-8593f91eed3d, 47e1ddae-8f6c-41ae-9bdc-6a2acff86bfa, 8458c0c6-5e5d-4e50-a5f9-6aea23ac3ff8, 788b88f5-d957-4152-8a8e-4c8656405b24, b943006f-bf05-47ec-8666-4dbe5866ac55, 32267537-2e10-4eb8-98c9-133b6aa9f9e8, d60563cb-18f7-4e89-a687-fec6728f7632, b9469dd0-e836-453f-9fcd-2dd6db445448, 534dff37-8965-4567-9569-725e1beff6e4, 59fa21cf-1ae3-49e7-9e45-ede7d17d56e8, f3e4630d-2b67-48d1-80f8-b222d2064adb, 9d90ba07-c195-4335-a4d1-d5874540f16b, 19d2e500-2ff1-4ddd-a954-0e40a8ec5414, 8864af44-c4a2-4862-82de-be58579ac4f3, 1321a7ad-20a7-4690-ab79-f8de41483008, 2f022fe5-67d4-4058-903b-482324891e13, 939e5666-9049-4aec-8e93-f8f620abe00e, 251269d5-3194-4fa1-a62d-fab4971dcbaf, 34c9da29-421f-4983-bd32-19a7daaace13, 07c6780c-b130-4721-9922-1f085ca636cb, 88873d22-734a-4038-bc56-3e3179ed744e, 5ec653e7-dfaa-4f1d-8946-78b7e56d3870, 7f747187-72e4-4791-996b-4518742dc672, 35b75714-6aed-44bf-9a87-1d8054d5be98, ca35decb-6955-44b5-b2fa-eb4529c3cb5c, e8e6fd2f-86e8-47f8-b132-e196dc9e3b2f, e384ec29-136e-4241-9321-49b367b8cbd5, b9df6aea-595d-4f60-acbc-239c4473c07a, 296e5ec3-fb81-4a50-80dc-b6fdb8086ce1, 62a87ceb-643a-409f-8097-830c2f3e248b, c8e371e6-41a9-454b-9045-fcf94854e496, 2c398adb-228f-4149-a751-e7aebb0a3b17, dfaa73f1-a591-43fc-ac1f-240708c0ef5f, ff6e7987-c84d-4147-8de1-e8acf8a93df7, 3ca1a139-c835-4536-be84-a4f9befa1e92, c9c666a0-7f19-4f48-9678-8b6cfd7e1369, 09131b7e-f907-423c-93e0-5ef8913d8c7f, 3ddb4144-e34b-471d-a2d9-2e85a1e7a034, e22473a3-7a8a-46cb-8c86-1bda7a5c70de, 7c3fbe06-7d31-49b6-986f-3be196b84687, 296e2a0a-e331-4339-8031-015699efd123, d18ec630-d7b7-4089-a599-6e4d2696bfde, e43e9799-305f-430e-bae3-477e98b3dfc0, c9009fa5-0581-4bc7-a152-25cbc6a251c2, 177e58be-2a70-490c-8aaa-e2247919b282, f2b1d1e5-9081-4251-a17c-d8ed6127f5ba, 7918ecef-ec87-410d-a839-8356b9c27231, 25252b0f-9b1a-4d11-b74f-d51f5261be1c, 9d5bb1a5-43b7-403f-9687-6bebccd58aee, 220237db-5e44-45d1-a240-724b28428d1c, 7456c88d-6473-46ed-83a6-dfc406994162, f4d46a04-e9dc-4cb1-a383-af5c2a6413d6, e8ee236a-ab4c-466a-97dc-0811aea169c2, c37a0a8e-f664-4905-85a3-4e8785d5f3d5, ebbefbe9-1027-4d45-a365-441e5c02b081, 040f21ce-30b5-4b82-85d3-272f4c55f028, 0a68431c-3b76-4a68-833a-ea56eaa718b5, b45d3be3-1172-4a62-8b29-a7c0faba7124, 6fd7873c-74c8-4344-bdf0-e9c3ac2be4aa, 3341c893-248a-452a-8cbb-2423a1d136fd, edfb59b9-4713-42b3-89a6-a09b0debfe78, e428a817-8f18-498f-9b89-2a8fa6db928c, 1c4bec68-91dd-4479-9604-055b82700747, b214f0b3-30af-43ac-af46-0bb252d4e5d2, f122809a-5097-4ff1-a4c7-760b528acedf, ef8d4f8e-59a2-4de8-a9ce-3a4299a9e41a, 82d5ad79-433e-42af-b8d7-9d56ab3a9033, 54cb252a-78b5-463d-b31f-f54f63d85a29, 7edfc0ba-6f3a-4792-af3a-f25d3348f6d6, bd200a85-fdc9-41c3-99a4-2a78984fbc6d, 5dc238f3-93be-4fbe-ab76-ec09c9cdcbd3, 297b588c-4cf0-4eee-93cf-5ba6f805117a, 0cbdd9df-627a-4b85-a60f-99e60e596e68, f6b3173d-42d6-4385-a2e2-173306a53251, 79c9a668-47aa-4131-b621-e7c0195bbdd5, 310b1025-6924-4dd2-b26c-b4069fe8b547, e27d180b-e977-46d5-9ba2-751250708721, e4a3fa96-63ba-479b-98bd-201177aae011, 9385dbf2-3c15-4a39-94da-728d3b3436fa, 1a732119-0975-4bc2-8077-cb2ae8d249af, fc2cdc1c-767d-4501-9595-2b7ee763dbfd, 399c1321-5d2b-494e-9025-2ba2b8b56117, 91266575-23d3-4ce6-91b1-5d0ad7c3936d, 6fe0f4b2-2798-461e-920c-05285538b4bf, ed3d9139-d31a-494c-8cfa-4ba5f94f6f35, 379c45d6-0c3a-4130-baa1-465290a0d01f, f1310ff3-c7b1-4f72-8a9e-e86355e8b9a7, fa571e66-a5b4-448f-905f-59e398a673b5, edef47a9-e0db-426c-ac6c-62167a6321dd, a73257bc-863d-4dc8-90eb-8c1828d2c2c0, b48b67f7-8842-4c3b-8c50-21de81e7c7cd, fef3e640-6ec8-4cb8-a41b-ed3d7e358a7b, bf44b8ea-c737-4eec-a51b-01006202f303, b79a9385-ab79-4949-a953-2320bfb28bc0, 54581ea1-1c7f-445c-a01d-e0efb0e3ad5b, 38649664-c580-4864-97c6-faf98f372b64, c48c4f8d-b3c7-4d3f-82c4-84091bd4e401, 8ee1f5d0-b43b-41e9-b362-a0d812b587bf, 4c63d7cd-4902-4ffb-9b94-578b1b2151f0, 61e07f64-cddf-46f2-b50c-ea0a39c22050, a5079540-8809-4ae4-9ea1-2871500fea2e, 50f85bf5-c153-4611-bf35-2f781ae4e234, c3ab8c0a-c9a4-4211-a478-821766ef7fda, def9afa8-81d1-448d-9251-6edf2216796b, 77c04c2b-6446-44d2-b76f-9b871a27a3e1, cfad0a74-0516-4ba1-9a37-de5e31ae8a4e, ddf529ad-154e-4d9c-89ec-44b4aeb4b51a, 32ce1636-a06b-452c-a62e-fdaaac8d83a7, 3eef9e4a-d289-4490-b050-46db92b82094, 2d0a3566-f4a2-4daa-8d40-d19506624014, b69697f1-416d-4bd7-b9eb-dd9a678c2764, 8ec5a445-26f9-4343-b9e3-73943d55ddd9, db8e6fde-8afc-49cc-8b0a-6763c4aeaabf, 57de0c43-d7e5-406a-b153-71ea00d3d153, 79fa537e-6643-4a83-8896-2e1ea3d18215, 3f8bbc65-5465-49ca-b2e2-271be9d3a640, 7ff0d8a1-55d6-4459-bdbe-c51f85e58bf6, 7db50ab0-83c7-4be9-9c4e-d619faacfcf3, 6329820f-1dfd-4f34-b8ba-0bc81b10298b, 59844ac0-13b4-4f43-8cf2-7df971eacbdd, 2a6d85db-5d21-4958-af4d-42dcaab01dae, 7f4b6b98-84f5-4e66-96c7-27febc05ecfe, a0a372a8-e928-4dce-b873-6d53349023e6, d5fc6cbd-fb1f-4eaf-a410-8c9bed21657a, a44e9fc2-e1be-4d68-b6bb-8f2910e4ec40, fcbb2ebd-7aab-4a39-b0fa-bfcc56fcb5b4, 73616b00-a0a6-4191-a668-8a9b69cd59c6, 0a243e0b-d86c-4165-b111-a9c1cbd7dc86, 9f5b2341-2a52-49cc-8fd3-c20bc63082f4, b572f38f-9b7b-4259-8b10-9928b77b36ed, fa338bec-b8d0-4e40-939b-df1314041010, 4eab9734-d1e3-439a-8d7e-ba48ad5aa52c, 104f9a7d-f159-441d-bbed-665534a7211a, 3250d2e5-a83a-4955-9dd3-d97a25c278b5, 29500c37-d19c-45f0-8317-9e145b7093eb, 17b9d75b-b630-426e-a84c-b4c73bf1041a, 8db9dd26-2e40-4426-8583-84f4aa3e2f45, f6c1dada-7c43-499f-b15a-633c05b3bd55, d8b899f1-afa8-478d-897c-c8f41fc0be18, 98473c0a-bbe2-4bc3-b1c7-12053701d2c7, 0ed208f9-de0c-4eb8-b388-fae371891670, 29968834-b336-4bbf-95a9-3e802ef62536, aa780931-d918-4394-821e-7a23b0d92b2a, 659e5659-b03c-4051-a13e-eb3bd2d2e7eb, 1098d9f0-cf82-4e9a-87cc-64a241821d00, 11e99467-b34d-48e8-a24a-b12a1ff2aeef, 47d4edeb-7705-4e8c-a380-777d52b0ef2d, cab337c4-cbcf-4f10-8586-2bef1794cc50, bb1327e4-e23c-4709-a28c-ecd94f1f6d67, a22480d4-2dc0-4b39-b2f8-262e104e1e2d, b88a955a-111f-423a-ad79-01ed533774ea, 711e5d2b-d280-41c4-970b-19dbd30feff6, b983ec13-6581-4a89-a800-ab2bffc1fcbe, 70a4f87e-8231-40e6-bccb-a14180a87258, c8ca0f97-6890-4901-831e-14364a32a865, 39155663-356f-4d11-a471-32209ba83a6d, 6641e42e-d882-4e3c-a5de-ae79b4107bc8, 5d62d256-238e-4516-a750-68799c6ec2e1, ddcc902b-1548-4e62-ae74-253635795f61, 43f21744-09f9-467e-b611-8af70a8a4def, 4911b621-be8b-43d9-b1ce-7f34ec19517b, 61036bbe-19f2-4a13-86af-6acd53ef0d53, d4efc426-0590-4ad3-b8c0-26deee7ffa08, 037155f4-4db8-4f07-8d0a-3e559605b8ad, 41ff49c6-a469-4a85-ad6b-d160f357ef5c, f475cc1b-20a7-4b12-9ec5-56f8b7540b59, 6669d086-2f7e-4020-90cf-5a1fb9dfa7c1, df2d9052-6367-4a26-a565-6b496abc734a, d8fa06af-ea93-47bc-b754-5c4314fbf888, d44e8343-b03a-4432-8c7f-fc7b50eb4c6c, b8d82962-962a-4cbc-9481-cafcdd2dd7fd, 11f4c892-9b7a-4d83-aaad-3c7d527ad11f, c1ee25ec-8981-48fd-8711-76f59870503d, 8491c896-c81c-41b4-b47f-161f7ea53830, e5185368-70f8-4998-a738-ca22f300da7b, 38578b5c-4509-49df-ad79-c62cc914e4a5, b13c6dc2-917e-479a-ae30-dfe6fc3ae0c5, ea12f8aa-58b6-4ad8-97c7-2a4266f95c57, fc5ff6fb-c060-4dcb-9320-e8ea2de6890c, 0db9ad37-9ed7-44fd-8267-ff8a0c65fd81, 5a3c9cd0-a7e4-4b19-8201-0e65e62e613a, b63a6c49-8ff4-417e-a783-d4c64755f638, 747e0c9e-8fcd-4bee-9179-47ffab419746, 9d886110-c81d-4063-b775-6edfe2549b87, 7f9daff4-6546-41af-a3fb-f930d782da3a, 6232f234-665d-436c-995a-f6fe9a071293, 12357cfa-a434-4e71-9347-8d39fdeb9232, 67a7e905-e70a-484e-a6c9-98922de2fad2, 6435fe6e-ab11-4348-8fb0-aaf823cdd5f9, cd846499-f5eb-41a5-b2b2-627a8a66c12e, c19a697c-09ce-4c57-b0da-9c50d693aaa9, 301c798c-d743-4550-8ef2-5181bff398ec, 120e8d3d-4bef-4dfe-8128-170c76a6c730, de1a80b2-24eb-4815-af5a-793f2f1810a9, cfa7d18d-6f01-421b-9027-f7989188551f, c9d431cc-a473-46e5-8f27-da1bcc3fcc4f, 6867c681-1abc-43ae-97aa-7015ea14b226, cbf4853d-d0d1-419d-b6ab-65d4dd118a1a, 2cd27908-e5b1-4b43-938d-ee8a65d90872, ece7f38e-1744-4885-83d9-2ffb89e40b11, a5f3f74d-1180-4bbd-b1df-7a725331b7b8, 5bf432e1-691b-4c94-86f3-07a0ab874d46, 7988830d-28a4-4e32-9abb-f3b0d6f2b124, f3e13e3e-fc3e-44a7-a17a-1a8aca25fe66, d16eb446-12c9-40e3-a0f4-1a59f52fd179, c214b4d7-8658-4308-9603-e64c3cd8dec4, 53b758d2-aebd-4b02-9ebf-8eab6d5bc70c, 5e644b75-011b-4a7c-a5e2-352fcb8fdff4, 97ac6c4c-5b3d-4e36-9816-0791226573e5","1656672254074, 1656672366033, 1656672496284, 1656674222930, 1656674302194, 1656680594398, 1656680608638, 1656681042193, 1656681070259, 1656683051453, 1656683318035, 1656684702096, 1656686219176, 1656686296753, 1656686338346, 1656692255491, 1656692519974, 1656692577602, 1656692587660, 1656695125664, 1656695177350, 1656695186131, 1656695577160, 1656695594174, 1656695684811, 1656696531882, 1656696555033, 1656696629511, 1656696637884, 1656696666921, 1656696683602, 1656699806905, 1656699867080, 1656699992971, 1656703376122, 1656703396240, 1656704005756, 1656704010151, 1656933150123, 1656936725235, 1656936940976, 1656937018434, 1656937071639, 1656937074778, 1656940478201, 1656940615875, 1656940859428, 1656944184263, 1656946098864, 1656946151327, 1656946346680, 1656950746961, 1656950957587, 1656951761253, 1656961982497, 1656962006035, 1656962157043, 1656962173724, 1656962197820, 1656962214090, 1657023056724, 1657023082507, 1657026324166, 1657026592713, 1657033394722, 1657033406249, 1657033935295, 1657034051314, 1657038625847, 1657043978118, 1657044032175, 1657044123417, 1657044160450, 1657044321544, 1657051072914, 1657110951201, 1657112793929, 1657112829307, 1657117453940, 1657117618105, 1657117679626, 1657123653747, 1657123808543, 1657130827059, 1657130836956, 1657132518555, 1657132693420, 1657132700500, 1657134659009, 1657197884607, 1657200123807, 1657209612077, 1657209806222, 1657210483388, 1657210879728, 1657210901457, 1657210909403, 1657210975851, 1657210979476, 1657210993295, 1657211104877, 1657219010203, 1657219026590, 1657219039357, 1657219067638, 1657219099975, 1657219110166, 1657220554470, 1657278115496, 1657278132266, 1657278178324, 1657278601810, 1657278737879, 1657278770304, 1657279019606, 1657281347020, 1657281629004, 1657281640424, 1657281644668, 1657287273109, 1657287281802, 1657296824952, 1657298314020, 1657298424761, 1657303806341, 1657303939156, 1657537697497, 1657537701448, 1657538276327, 1657538356752, 1657538434218, 1657538492934, 1657538537749, 1657538600300, 1657541677942, 1657541722924, 1657541768363, 1657541812041, 1657545001116, 1657549631674, 1657549868533, 1657555439294, 1657555445205, 1657555498619, 1657555508202, 1657555648784, 1657557936130, 1657558286785, 1657558323846, 1657558374037, 1657568052678, 1657568075785, 1657568087047, 1657568520566, 1657568688186, 1657568695549, 1657622555201, 1657631834723, 1657634960014, 1657635038911, 1657635041436, 1657635197585, 1657635206343, 1657635219421, 1657635255998, 1657635817740, 1657708838825, 1657708883909, 1657709024810, 1657722539145, 1657722767980, 1657729034392, 1657740898882, 1657741153058, 1657804986505, 1657804991636, 1657810243444, 1657810250344, 1657814899946, 1657821537577, 1657821596407, 1657821619567, 1657884670679, 1657884839127, 1657884850524, 1657884861173, 1657884941403, 1657885076621, 1657886824389, 1657886834273, 1657889286523, 1657889294192, 1657896854489, 1657901950686, 1657908916339, 1657908924788, 1657908928851, 1657908932507, 1657914806884, 1657914815888, 1657976047402, 1657976131964, 1657976137762, 1658141508648, 1658141523872, 1658146790492, 1658146795762, 1658146986464, 1658147008602, 1658147025139, 1658147034624, 1658147489562, 1658147502706, 1658147572931, 1658151034770, 1658151050307, 1658152570027, 1658152871781, 1658154914158, 1658155249874, 1658155275174, 1658160561452, 1658160658020, 1658160675514, 1658160688930, 1658161013521, 1658161069352, 1658161090563, 1658161102037, 1658163708230, 1658163723631, 1658164889847, 1658164897712, 1658164905955, 1658168896510, 1658171866201, 1658171882445, 1658172794708, 1658172816131, 1658174327457, 1658228306989, 1658228680297, 1658228799718, 1658233444185, 1658235035184, 1658235118672, 1658235175351, 1658235220639, 1658235257004, 1658239823736, 1658249729875, 1658249794399, 1658249824775, 1658250252239, 1658253667704, 1658255655144, 1658255657131, 1658255659538, 1658257691604, 1658314882064, 1658314940939, 1658314970030, 1658314994803, 1658315144701, 1658317220630, 1658317257634, 1658322098899, 1658322155035, 1658333135228, 1658333195401, 1658333245130, 1658346221082, 1658346228367, 1658407998975, 1658408060381, 1658408069602, 1658408928685, 1658409067953, 1658409115803, 1658409135951, 1658409166417, 1658409201137, 1658409210801, 1658412288025, 1658412293993, 1658419247554, 1658424884828, 1658424907420, 1658425072755, 1658425086793, 1658425816702, 1658426310306, 1658426350056, 1658432561986, 1658432583845, 1658486836272, 1658491154101, 1658491195020, 1658505626208, 1658505647781, 1658505666904, 1658505670986, 1658506372697, 1658506402117, 1658509539329, 1658514229199, 1658514374652, 1658515738696, 1658574791917, 1658574968733, 1658575913922, 1658579539949, 1658579584644, 1658579626818, 1658579714133, 1658582395249, 1658582558654, 1658752880553, 1658753109552, 1658753345811, 1658755220658, 1658755327657, 1658757917236, 1658757920098, 1658759313050, 1658759585297, 1658759593061, 1658764913742, 1658765017787, 1658765104225, 1658766838885, 1658766907874, 1658766956708, 1658767002785, 1658769804555, 1658771668603, 1658771675902, 1658777606722, 1658778010046, 1658778340131, 1658778771572, 1658832182057, 1658841019421, 1658841375545, 1658841516216, 1658841914188, 1658843576332, 1658851585603, 1658851599296, 1658851914911, 1658852048418, 1658852060987, 1658864657379, 1658920230053, 1658920264632, 1658920329314, 1658920347526, 1658932184018, 1658932192032, 1658932206208, 1658932593095, 1658932835682, 1658932839010, 1658932855095, 1658940154767, 1658940165810, 1658947648835, 1659007959703, 1659008141813, 1659008214392, 1659008371471, 1659008389781, 1659008558954, 1659008897029, 1659008916174, 1659009036697, 1659009158105, 1659009170344, 1659009193780, 1659015046913, 1659015088327, 1659015093599, 1659015565996, 1659015604808, 1659016026306, 1659024126230, 1659024130151, 1659024543421, 1659024558913, 1659024904905, 1659024965694, 1659091500308, 1659091643188, 1659096430385, 1659096582422, 1659096600408, 1659096613552, 1659097633811, 1659097725128, 1659097825902, 1659104227184, 1659104311694, 1659104335808, 1659104357933, 1659178975097, 1659179037088, 1659179556669, 1659179615623, 1659179620529, 1659179777151, 1659179782037, 1659185775935, 1659185808801, 1659185851658, 1659186180567, 1659186197812, 1659186252756, 1659186349922, 1659186414111, 1659192434541, 1659352437812, 1659352633088, 1659352638632, 1659352830149, 1659352840797, 1659356825438, 1659360485359, 1659360525260, 1659360537106, 1659360575228, 1659360593978, 1659360619545, 1659360622990, 1659363949499, 1659369998637, 1659370040682, 1659441477030, 1659441702363, 1659441741263, 1659441775076, 1659442168226, 1659444522684, 1659448575335, 1659462573338, 1659462578875, 1659463561468, 1659463685923, 1659463756691, 1659464371953, 1659524318865, 1659524496732, 1659524508189, 1659524638778, 1659524804481, 1659524943387, 1659529667538, 1659529771820, 1659529777828, 1659529787692, 1659529828843, 1659529867016, 1659530380548, 1659530470239, 1659530569591, 1659530617821, 1659530639892, 1659532616000, 1659534725544, 1659535613043, 1659535658854, 1659535684357, 1659535706580, 1659535743943, 1659542576907, 1659542625444, 1659542707463, 1659542874664, 1659542896489, 1659543561083, 1659543578458, 1659552122870, 1659552138985, 1659552159738, 1659553395153, 1659553452194, 1659553503760, 1659556384750, 1659556410673, 1659556662809, 1659611062349, 1659611123615, 1659611669851, 1659611748618, 1659612194018, 1659612364569, 1659612381067, 1659612385081, 1659613042749, 1659613093391, 1659613377573, 1659613597949, 1659624153501, 1659624166310, 1659624657649, 1659624829305, 1659633091861, 1659633624279, 1659633639460, 1659633662430, 1659633726747, 1659635871364, 1659636003008, 1659636082843, 1659639108616, 1659639130851, 1659640746465, 1659640754637, 1659715511574, 1659715751478, 1659728364620, 1659728468027, 1659728762619, 1659783964908, 1659783973607, 1659784265594, 1659784298919, 1659784437462, 1659784552051, 1659784584916, 1659786554332, 1659786648097, 1659789105142, 1659789128079, 1659789159921, 1659789448827, 1659789459972, 1659789465573, 1659789756255, 1659789828414, 1659789836555, 1659789850008, 1659796007323, 1659797215470, 1659961346004, 1659962350202, 1659962410320, 1659962416243, 1659962446098, 1659966832604, 1659966858654, 1659967862239, 1659970440996, 1659970452202, 1659970534894, 1659970572016, 1659970636497, 1659970667523, 1659974950144, 1659985834027, 1659985842601, 1660049592431, 1660049863824, 1660054677276, 1660056820880, 1660139899024, 1660139972105, 1660139984499, 1660139990947, 1660141023816, 1660141069506, 1660141111453, 1660141126248, 1660141187508, 1660141215495, 1660142667590, 1660153375231, 1660153380398, 1660153430132, 1660154192212, 1660154208764, 1660154219024, 1660159171961, 1660161117931, 1660161190018, 1660161255830, 1660216783625, 1660216791247, 1660216796455, 1660217593069, 1660217680073, 1660217755283, 1660217785778, 1660219162403, 1660219167096, 1660219625649, 1660219638390, 1660219656666, 1660219722806, 1660219742436, 1660219786849, 1660219863552, 1660223390214, 1660223769643, 1660223827824, 1660226217633, 1660236625510, 1660236648666, 1660236711640, 1660241311385, 1660241335645, 1660241342033, 1660241778938, 1660241816260, 1660241838258, 1660241842945, 1660306542413, 1660306561176, 1660306632968, 1660306655982, 1660306665998, 1660306680288, 1660307572285, 1660307604781, 1660307651729, 1660307703778, 1660307708361, 1660308205033, 1660313663271, 1660313693319, 1660313733112, 1660313771325, 1660313787360, 1660313799679, 1660316055739, 1660320203238, 1660329488209, 1660329490622, 1660329502306, 1660329791316, 1660329830826, 1660329838041, 1660329857131, 1660332553299, 1660332562980, 1660333335772, 1660333435150, 1660389687553, 1660390157977, 1660390335627, 1660392107030, 1660392135535, 1660392187321, 1660392288050, 1660394078817, 1660394177767, 1660394295784, 1660394695981, 1660395563649, 1660395790933, 1660395829146, 1660395835631, 1660398399585, 1660398960416, 1660398983745, 1660399004592","0, 2, 2, 0, 1, 0, 1, 0, 0, 1, 1, 0, 0, 0, 0, 0, 1, 0, 0, 0, 0, 0, 0, 0, 0, 1, 0, 0, 0, 0, 1, 1, 0, 0, 0, 0, 0, 2, 0, 0, 0, 1, 0, 0, 0, 0, 0, 0, 0, 0, 0, 1, 1, 2, 0, 0, 0, 0, 0, 0, 1, 0, 0, 0, 0, 0, 0, 0, 0, 0, 0, 0, 0, 1, 0, 1, 0, 0, 0, 0, 1, 0, 0, 0, 0, 0, 0, 0, 0, 0, 0, 0, 0, 0, 0, 0, 0, 0, 0, 0, 1, 0, 0, 0, 0, 1, 0, 0, 0, 0, 0, 0, 0, 0, 0, 0, 1, 0, 0, 0, 0, 0, 0, 0, 0, 0, 0, 4, 0, 0, 1, 0, 2, 0, 0, 0, 0, 1, 0, 0, 0, 0, 0, 0, 0, 0, 0, 0, 0, 0, 0, 0, 0, 0, 0, 0, 1, 4, 0, 0, 0, 0, 0, 0, 1, 0, 0, 0, 0, 0, 0, 1, 0, 0, 0, 0, 0, 0, 0, 0, 0, 0, 0, 0, 1, 0, 1, 0, 0, 0, 0, 0, 0, 0, 0, 0, 0, 0, 2, 0, 0, 0, 0, 0, 0, 0, 0, 1, 0, 0, 1, 3, 1, 0, 0, 0, 0, 1, 0, 0, 1, 0, 0, 0, 0, 0, 0, 2, 1, 0, 0, 0, 1, 1, 0, 0, 0, 0, 0, 0, 1, 0, 0, 0, 0, 0, 1, 0, 1, 0, 0, 0, 0, 0, 0, 0, 0, 0, 1, 0, 0, 0, 0, 7, 0, 0, 1, 1, 1, 0, 0, 0, 0, 0, 0, 0, 0, 0, 0, 0, 0, 0, 5, 0, 1, 1, 1, 0, 2, 0, 0, 1, 0, 0, 0, 0, 0, 0, 0, 2, 0, 0, 0, 0, 0, 0, 0, 0, 0, 1, 0, 0, 0, 0, 1, 0, 1, 0, 6, 0, 0, 1, 0, 0, 0, 0, 0, 0, 0, 8, 0, 0, 0, 0, 0, 0, 0, 0, 1, 1, 0, 1, 0, 0, 0, 0, 3, 0, 0, 0, 1, 0, 2, 0, 0, 0, 0, 0, 0, 0, 0, 0, 0, 0, 0, 0, 1, 0, 0, 0, 11, 0, 0, 0, 0, 0, 0, 1, 1, 0, 2, 0, 1, 0, 0, 0, 0, 0, 0, 0, 0, 0, 0, 0, 0, 0, 0, 1, 0, 0, 1, 0, 0, 0, 0, 0, 0, 0, 0, 0, 0, 0, 0, 0, 0, 0, 0, 0, 0, 1, 0, 0, 0, 1, 0, 0, 0, 0, 0, 0, 1, 0, 0, 0, 0, 1, 0, 0, 0, 0, 0, 0, 0, 1, 0, 0, 0, 0, 0, 0, 0, 1, 0, 0, 0, 0, 0, 0, 0, 0, 0, 0, 0, 0, 0, 0, 0, 0, 0, 0, 0, 1, 0, 1, 0, 0, 0, 0, 0, 0, 0, 0, 0, 0, 0, 0, 0, 0, 6, 0, 0, 0, 1, 0, 0, 0, 0, 0, 0, 0, 0, 0, 0, 0, 0, 0, 1, 0, 0, 0, 0, 1, 1, 0, 0, 0, 0, 0, 0, 0, 0, 0, 0, 0, 0, 0, 0, 0, 1, 0, 0, 0, 0, 0, 0, 0, 0, 0, 0, 0, 1, 0, 1, 0, 0, 0, 0, 0, 0, 0, 0, 0, 0, 0, 0, 0, 0, 1, 0, 0, 0, 0, 0, 0, 0, 0, 0, 0, 0, 0, 0, 0, 0, 0, 0, 0, 0, 0, 0, 0, 0, 0, 0, 0, 0, 0, 0, 0, 0, 0, 0, 0, 0, 0, 0, 0, 0, 0, 0, 0, 1, 1, 0, 2, 0, 0, 0, 0, 0, 0, 0, 0, 0, 0, 1, 0, 0, 0, 0, 0, 0, 11, 0, 0, 0, 0, 0, 1, 0, 0, 0, 0, 0, 1, 0, 0, 2, 0, 0, 0, 0, 0, 0, 0, 0, 0, 0, 0, 0, 0, 1, 0, 0, 0, 1, 0, 0, 0, 0, 0, 1, 0, 0, 0, 0","120000, 129993, 217665, 104263, 145144, 110000, 60000, 38745, 50000, 188233, 100000, 30000, 42076, 60000, 110000, 110989, 143633, 138013, 25832, 66502, 79873, 60000, 50000, 130000, 220000, 100000, 46137, 66554, 36909, 133694, 57611, 130000, 99455, 40000, 90000, 130000, 94463, 90000, 10000, 125948, 55236, 130000, 61181, 21104, 113228, 74272, 19805, 56720, 50000, 187028, 59607, 176498, 55494, 130000, 94070, 38669, 153100, 96773, 70393, 100000, 100000, 14638, 20000, 44009, 105649, 68693, 82559, 95768, 360000, 21284, 59359, 51134, 50961, 39834, 80000, 150000, 30982, 30000, 70000, 190000, 110000, 40000, 167264, 179106, 140000, 89511, 120000, 26605, 50000, 10000, 100000, 131271, 320566, 276846, 100000, 120000, 104818, 50000, 39696, 160000, 140000, 10000, 80000, 29049, 94031, 130000, 120000, 100000, 130000, 134348, 10000, 55139, 41833, 40000, 58815, 45172, 128066, 46256, 51007, 29536, 55603, 234696, 94769, 75857, 44892, 160000, 201652, 220000, 43232, 296626, 90000, 470000, 140000, 50000, 89862, 140000, 64771, 19409, 110000, 10000, 151623, 111879, 47877, 51370, 23920, 160000, 218393, 20000, 31369, 11259, 100000, 40000, 70000, 57697, 99602, 79786, 90000, 290000, 64631, 9148, 65224, 229964, 51395, 90096, 45834, 45081, 75867, 81550, 36561, 40000, 10000, 100000, 199881, 106998, 46263, 100000, 22772, 50293, 55265, 109871, 100000, 93112, 46888, 172471, 80000, 57041, 61050, 84192, 161686, 23403, 70000, 30000, 27037, 140000, 60000, 152057, 22392, 88810, 90000, 56828, 67871, 63196, 60743, 90937, 44982, 90884, 84986, 67269, 87508, 65610, 200327, 81267, 250000, 220000, 76712, 81826, 111884, 33008, 61076, 126622, 120000, 85589, 67169, 83511, 50061, 230000, 59056, 100000, 171528, 226979, 165130, 51608, 60000, 40000, 112581, 180000, 70000, 49325, 50000, 34587, 100000, 134224, 47606, 50000, 40000, 30000, 61946, 53909, 89606, 67435, 81062, 113832, 82741, 104812, 51372, 70000, 82318, 41025, 123580, 77636, 92650, 72056, 44928, 150000, 31510, 16549, 80000, 43490, 130000, 70000, 10000, 90907, 58705, 80000, 119789, 80000, 41044, 89242, 40000, 50000, 122495, 40000, 80000, 190582, 110000, 29919, 34590, 50000, 100000, 50000, 156350, 90000, 45365, 55680, 67978, 408092, 160000, 210000, 140000, 32540, 100000, 50000, 55294, 75951, 135885, 70017, 117684, 211856, 121511, 85523, 26876, 260314, 106446, 166103, 54295, 102765, 120000, 109310, 190000, 48115, 80000, 280000, 67045, 261763, 179560, 100000, 60000, 73746, 133619, 150000, 72859, 47835, 77373, 140372, 70000, 55986, 80496, 121142, 187875, 80000, 89510, 83493, 70000, 6840, 137591, 33912, 120000, 109830, 75611, 67515, 94038, 129863, 110000, 51464, 160000, 18023, 30000, 144615, 70000, 56999, 70000, 50000, 280000, 149104, 40000, 83417, 120000, 80000, 75186, 47372, 72558, 127988, 126151, 114825, 91803, 134166, 155047, 156033, 100000, 130000, 141912, 111263, 60000, 78087, 25844, 209080, 177824, 60864, 80000, 50000, 80000, 90000, 266138, 105171, 100000, 60000, 80000, 76268, 37465, 40000, 46434, 71676, 90000, 34381, 89224, 60000, 330000, 96445, 129557, 69896, 79853, 62896, 103473, 60000, 80000, 44864, 112837, 102400, 106374, 38136, 110000, 38923, 162198, 204920, 60000, 98451, 40000, 89515, 17001, 30000, 40000, 46427, 119863, 47912, 90000, 81161, 46360, 29103, 9197, 69145, 89307, 6836, 61605, 82904, 120000, 79879, 124977, 97654, 68726, 10000, 100000, 110000, 90000, 107035, 168948, 72280, 49463, 80000, 78639, 60000, 81168, 69861, 80000, 50000, 110243, 70000, 87274, 90000, 123853, 100000, 140000, 92551, 28544, 40473, 64207, 180000, 30000, 100000, 150000, 66295, 160000, 80000, 133013, 110000, 50000, 122318, 30000, 60000, 180000, 120000, 160000, 121450, 273800, 150000, 139099, 45223, 103449, 166147, 84947, 141530, 85104, 104172, 60000, 138213, 122830, 89307, 87030, 246440, 80000, 29168, 93165, 181191, 198924, 17408, 36999, 111337, 242966, 90000, 50000, 188360, 89940, 10000, 44585, 170034, 31202, 40000, 54748, 259580, 131902, 52026, 56968, 70000, 15603, 86601, 123363, 111327, 31454, 33906, 55236, 130000, 119377, 30080, 90327, 120000, 38962, 20343, 30944, 78211, 60000, 80000, 40000, 14325, 30000, 31135, 63508, 35099, 10000, 60831, 81449, 33539, 34396, 151942, 50000, 50000, 56097, 19303, 99398, 40649, 31698, 45296, 18350, 139662, 42336, 81668, 51427, 28401, 62401, 147671, 110000, 178259, 60000, 80000, 60040, 60541, 96056, 66988, 350000, 88061, 73210, 25320, 45798, 96124, 120000, 50000, 27500, 110125, 243199, 43698, 31518, 70000, 110000, 198683, 28677, 104438, 87081, 54475, 192526, 37054, 127464, 86711, 134551, 79258, 119715, 63212, 46532, 74316, 50627, 73322, 153485, 80000, 129754, 261306, 36368, 26532, 60372, 116689, 63068, 70000, 70000, 36505, 82391, 100000, 68769, 50000, 80000, 79639, 110170, 30000, 68191, 70750, 19131, 60500, 84225, 130000, 61306, 57952, 84570, 169222, 203689, 103385, 140000, 184148, 49569, 100000, 115368, 120000, 63757, 99271, 80000, 27302, 42843, 80000, 57460, 83455, 64887","55.36, 26.9, 31.86, 44.12, 48.5, 59.87, 46.01, 48.38, 38.59, 64.81, 49.18, 47.89, 18.55, 36.56, 45.04, 38.14, 54.72, 55.09, 29.98, 39.4, 51.82, 41.34, 46.28, 63.56, 48.38, 41.43, 39.25, 41.88, 39.41, 41.7, 39.97, 21.41, 44.39, 38.17, 59.64, 54.81, 64.17, 52.52, 13.79, 43.81, 32.82, 60.07, 41.47, 42.85, 60.55, 47.42, 69.99, 42.13, 39.72, 62.67, 40.05, 71.16, 73.79, 54.94, 55.62, 39.33, 55.85, 47.12, 40.14, 39.09, 58.8, 16.87, 16.76, 52.33, 48.94, 37.42, 40.38, 51.96, 69.93, 15.79, 39.89, 40.0, 42.93, 35.33, 51.08, 46.33, 28.2, 18.52, 54.8, 66.66, 70.21, 42.48, 60.79, 56.87, 49.36, 26.69, 27.54, 36.93, 40.32, 8.54, 81.12, 59.49, 64.1, 90.37, 50.32, 47.44, 42.84, 46.22, 48.34, 79.8, 46.28, 7.52, 45.9, 39.7, 47.32, 41.85, 81.55, 72.42, 64.85, 51.91, 13.52, 18.51, 55.51, 35.44, 30.43, 40.05, 67.84, 60.84, 48.55, 43.71, 60.68, 81.12, 62.59, 55.69, 43.57, 82.25, 61.45, 60.41, 26.66, 67.25, 17.35, 78.15, 35.49, 28.83, 57.2, 61.97, 54.81, 81.32, 52.85, 8.39, 47.84, 76.64, 48.33, 52.88, 26.62, 66.42, 62.7, 43.23, 53.46, 19.83, 61.25, 40.63, 55.3, 56.01, 39.44, 50.64, 61.23, 41.52, 41.3, 58.7, 55.33, 66.33, 51.4, 47.82, 24.73, 31.99, 52.16, 47.02, 34.66, 22.92, 8.59, 45.26, 63.54, 53.51, 35.08, 51.04, 48.5, 41.07, 50.97, 51.09, 46.71, 64.95, 50.39, 58.74, 48.96, 52.85, 58.03, 47.69, 64.07, 42.43, 58.06, 38.52, 43.49, 66.61, 57.94, 64.88, 52.77, 46.61, 42.73, 37.79, 47.22, 53.12, 48.47, 52.58, 83.32, 45.07, 54.97, 43.74, 62.52, 62.52, 62.68, 68.87, 65.91, 70.72, 61.49, 53.79, 55.22, 51.65, 35.53, 39.24, 60.19, 46.64, 44.83, 45.43, 51.09, 66.48, 36.26, 47.04, 65.8, 73.73, 62.17, 41.72, 53.92, 30.14, 54.4, 57.68, 47.84, 52.19, 57.79, 41.48, 53.48, 63.04, 56.12, 40.15, 46.74, 31.21, 51.54, 39.36, 57.54, 48.36, 44.03, 58.16, 50.7, 46.23, 36.21, 67.24, 56.92, 39.15, 51.67, 54.09, 44.03, 61.86, 34.2, 53.31, 39.28, 37.18, 47.0, 39.53, 71.36, 52.55, 61.08, 44.01, 34.23, 70.98, 52.37, 44.47, 31.23, 45.36, 56.86, 55.44, 39.49, 31.21, 31.39, 73.62, 51.22, 50.17, 38.04, 54.62, 60.95, 41.83, 42.14, 46.24, 41.52, 42.52, 41.61, 68.74, 65.59, 70.96, 68.05, 33.95, 49.62, 45.15, 59.94, 34.96, 53.22, 59.27, 55.85, 64.19, 51.96, 60.03, 42.23, 72.61, 63.5, 61.28, 37.66, 47.3, 63.51, 46.58, 47.39, 41.39, 47.42, 50.47, 52.89, 70.65, 61.7, 41.4, 47.43, 51.22, 58.7, 57.95, 51.57, 41.17, 56.38, 54.53, 33.38, 49.2, 40.69, 53.57, 56.35, 49.22, 44.07, 29.1, 57.54, 36.74, 56.37, 35.23, 49.95, 49.86, 56.66, 64.0, 49.96, 48.32, 59.02, 53.89, 73.27, 43.61, 18.01, 61.4, 50.16, 59.23, 53.84, 53.92, 71.55, 52.61, 53.02, 48.13, 58.39, 48.11, 53.64, 45.92, 44.68, 67.5, 57.81, 48.82, 50.58, 54.33, 58.96, 59.91, 49.66, 71.92, 60.68, 38.93, 37.28, 60.67, 45.89, 64.51, 55.92, 46.2, 49.27, 51.39, 62.65, 61.46, 64.99, 46.63, 52.56, 47.47, 55.73, 63.19, 55.33, 64.67, 47.54, 60.02, 47.85, 27.67, 45.99, 34.46, 79.04, 69.9, 64.05, 38.7, 29.28, 56.29, 59.72, 60.22, 38.72, 41.7, 52.16, 21.88, 47.7, 50.81, 57.13, 45.13, 63.38, 32.9, 25.34, 46.2, 39.77, 39.83, 43.81, 30.38, 24.21, 40.56, 49.84, 51.18, 50.27, 46.03, 39.98, 35.25, 22.95, 38.44, 59.14, 54.65, 51.04, 62.39, 64.45, 50.17, 67.12, 46.23, 47.05, 5.52, 55.53, 48.95, 53.81, 40.31, 60.8, 46.04, 40.59, 15.39, 49.02, 47.0, 41.48, 35.97, 55.57, 41.1, 45.24, 36.87, 64.72, 39.75, 56.4, 32.12, 55.85, 49.22, 40.43, 27.95, 47.41, 63.77, 35.26, 39.83, 26.95, 41.62, 61.24, 44.9, 44.8, 60.7, 28.38, 44.18, 48.78, 48.29, 49.71, 57.69, 63.5, 47.96, 64.24, 62.92, 62.11, 34.43, 42.1, 82.61, 18.5, 67.55, 55.13, 56.31, 58.85, 58.43, 58.84, 62.5, 53.12, 67.59, 41.58, 43.27, 50.99, 64.35, 43.52, 21.81, 43.86, 48.0, 57.85, 48.27, 42.69, 51.92, 43.76, 6.85, 42.11, 61.52, 31.89, 49.9, 45.2, 66.9, 53.06, 36.43, 41.52, 70.65, 21.57, 64.98, 50.14, 65.1, 47.2, 53.39, 60.85, 50.27, 51.5, 61.77, 52.43, 46.48, 32.3, 41.61, 46.35, 54.24, 34.54, 49.14, 26.41, 20.21, 44.44, 43.25, 56.5, 30.32, 8.91, 34.51, 43.89, 35.35, 45.82, 60.28, 52.09, 25.82, 60.03, 36.59, 49.13, 49.12, 47.38, 37.1, 33.56, 65.17, 37.27, 43.03, 36.59, 40.17, 44.79, 43.99, 51.44, 58.59, 42.58, 49.14, 36.59, 49.86, 35.85, 49.16, 79.79, 65.58, 42.76, 51.0, 39.09, 43.75, 56.94, 38.52, 37.77, 48.85, 66.21, 33.45, 31.78, 43.49, 63.73, 40.21, 43.0, 51.81, 56.2, 27.41, 62.99, 41.61, 53.07, 59.86, 53.85, 56.33, 52.72, 42.49, 51.4, 47.85, 38.43, 50.27, 61.9, 52.82, 37.82, 40.22, 52.13, 37.94, 58.69, 51.0, 40.4, 32.16, 37.42, 39.45, 51.76, 50.12, 48.58, 36.9, 48.92, 54.0, 34.75, 22.49, 65.47, 52.83, 70.06, 22.26, 35.3, 51.32, 38.59, 49.8, 38.98, 64.95, 48.79, 46.77, 58.97, 66.19, 42.57, 62.4, 75.48, 58.55, 63.5, 32.15, 53.26, 49.98, 32.59, 54.42, 58.21, 51.61, 54.68","1, 1, 2, 1, 1, 1, 1, 1, 1, 1, 1, 1, 1, 1, 1, 1, 2, 1, 1, 1, 1, 1, 1, 1, 1, 1, 1, 1, 1, 1, 1, 1, 1, 1, 1, 1, 1, 1, 1, 1, 1, 1, 1, 1, 1, 1, 1, 1, 1, 1, 1, 1, 1, 1, 1, 1, 1, 1, 1, 1, 1, 1, 1, 1, 1, 1, 1, 1, 1, 1, 1, 1, 1, 1, 1, 1, 1, 1, 1, 1, 1, 1, 1, 1, 1, 1, 1, 1, 1, 1, 1, 1, 2, 1, 1, 2, 1, 1, 1, 1, 1, 1, 1, 1, 1, 1, 1, 1, 1, 1, 1, 1, 1, 1, 1, 1, 1, 1, 1, 1, 1, 1, 1, 1, 1, 1, 2, 2, 1, 1, 1, 1, 2, 1, 1, 1, 1, 1, 1, 1, 1, 1, 1, 1, 1, 1, 1, 1, 1, 1, 1, 1, 1, 1, 1, 1, 1, 1, 1, 1, 1, 1, 1, 1, 1, 1, 1, 1, 1, 1, 1, 1, 1, 1, 1, 1, 1, 1, 1, 1, 1, 1, 1, 1, 1, 1, 1, 1, 1, 1, 1, 1, 1, 1, 1, 1, 1, 1, 1, 1, 1, 1, 1, 1, 1, 1, 1, 1, 1, 1, 1, 1, 1, 1, 1, 1, 1, 1, 1, 2, 1, 1, 1, 1, 1, 1, 1, 1, 1, 1, 1, 1, 1, 1, 1, 1, 1, 1, 1, 1, 1, 1, 1, 1, 1, 1, 1, 1, 1, 1, 1, 1, 1, 1, 1, 1, 1, 1, 1, 1, 1, 1, 1, 1, 1, 1, 1, 1, 1, 1, 1, 1, 1, 1, 1, 1, 1, 1, 1, 1, 1, 1, 1, 1, 1, 1, 1, 1, 1, 1, 1, 1, 1, 1, 1, 1, 1, 1, 1, 1, 1, 1, 1, 2, 1, 1, 1, 1, 1, 1, 1, 1, 1, 1, 1, 1, 1, 1, 1, 1, 1, 1, 1, 1, 1, 1, 1, 1, 1, 1, 1, 1, 1, 1, 1, 1, 1, 1, 1, 1, 2, 1, 1, 1, 1, 1, 1, 1, 1, 1, 1, 1, 1, 1, 1, 1, 1, 1, 1, 1, 1, 1, 1, 1, 1, 1, 1, 1, 1, 1, 1, 1, 1, 1, 1, 1, 1, 1, 1, 1, 1, 1, 1, 1, 1, 1, 1, 1, 1, 1, 1, 1, 1, 1, 1, 1, 1, 1, 1, 1, 1, 1, 1, 1, 1, 1, 1, 1, 1, 1, 1, 1, 1, 1, 1, 1, 1, 1, 1, 1, 1, 1, 1, 1, 1, 1, 1, 1, 1, 1, 1, 1, 1, 1, 1, 1, 1, 1, 1, 1, 1, 1, 1, 1, 1, 1, 1, 1, 1, 1, 1, 1, 1, 1, 1, 1, 1, 1, 1, 1, 1, 1, 1, 1, 1, 1, 1, 1, 1, 1, 1, 1, 1, 1, 1, 1, 1, 1, 1, 1, 1, 1, 2, 1, 1, 1, 1, 1, 1, 1, 1, 1, 1, 1, 1, 1, 1, 1, 1, 1, 1, 1, 1, 1, 1, 1, 1, 1, 1, 1, 1, 1, 2, 1, 1, 1, 1, 1, 1, 2, 1, 1, 1, 1, 1, 1, 1, 1, 1, 1, 1, 1, 1, 1, 1, 1, 1, 1, 1, 1, 1, 1, 1, 1, 1, 1, 1, 1, 1, 1, 1, 1, 1, 1, 1, 1, 1, 2, 1, 1, 1, 1, 1, 1, 1, 1, 1, 1, 1, 1, 1, 1, 1, 1, 1, 1, 1, 1, 1, 1, 1, 1, 1, 1, 1, 1, 1, 1, 1, 1, 1, 1, 1, 1, 1, 1, 1, 1, 1, 1, 1, 3, 1, 1, 1, 1, 1, 1, 1, 1, 1, 1, 1, 1, 1, 1, 1, 1, 1, 1, 2, 1, 1, 1, 1, 1, 1, 1, 1, 1, 1, 1, 1, 1, 1, 1, 1, 1, 1, 1, 1, 1, 1, 1, 1, 1, 2, 1, 1, 1, 1, 1, 1, 1, 1, 1, 1, 1, 1, 1, 1, 1, 1, 1, 1","1656672254074, 1656672366033, 1656672496284, 1656674222930, 1656674302194, 1656680594398, 1656680608638, 1656681042193, 1656681070259, 1656683051453, 1656683318035, 1656684702096, 1656686219176, 1656686296753, 1656686338346, 1656692255491, 1656692519974, 1656692577602, 1656692587660, 1656695125664, 1656695177350, 1656695186131, 1656695577160, 1656695594174, 1656695684811, 1656696531882, 1656696555033, 1656696629511, 1656696637884, 1656696666921, 1656696683602, 1656699806905, 1656699867080, 1656699992971, 1656703376122, 1656703396240, 1656704005756, 1656704010151, 1656933150123, 1656936725235, 1656936940976, 1656937018434, 1656937071639, 1656937074778, 1656940478201, 1656940615875, 1656940859428, 1656944184263, 1656946098864, 1656946151327, 1656946346680, 1656950746961, 1656950957587, 1656951761253, 1656961982497, 1656962006035, 1656962157043, 1656962173724, 1656962197820, 1656962214090, 1657023056724, 1657023082507, 1657026324166, 1657026592713, 1657033394722, 1657033406249, 1657033935295, 1657034051314, 1657038625847, 1657043978118, 1657044032175, 1657044123417, 1657044160450, 1657044321544, 1657051072914, 1657110951201, 1657112793929, 1657112829307, 1657117453940, 1657117618105, 1657117679626, 1657123653747, 1657123808543, 1657130827059, 1657130836956, 1657132518555, 1657132693420, 1657132700500, 1657134659009, 1657197884607, 1657200123807, 1657209612077, 1657209806222, 1657210483388, 1657210879728, 1657210901457, 1657210909403, 1657210975851, 1657210979476, 1657210993295, 1657211104877, 1657219010203, 1657219026590, 1657219039357, 1657219067638, 1657219099975, 1657219110166, 1657220554470, 1657278115496, 1657278132266, 1657278178324, 1657278601810, 1657278737879, 1657278770304, 1657279019606, 1657281347020, 1657281629004, 1657281640424, 1657281644668, 1657287273109, 1657287281802, 1657296824952, 1657298314020, 1657298424761, 1657303806341, 1657303939156, 1657537697497, 1657537701448, 1657538276327, 1657538356752, 1657538434218, 1657538492934, 1657538537749, 1657538600300, 1657541677942, 1657541722924, 1657541768363, 1657541812041, 1657545001116, 1657549631674, 1657549868533, 1657555439294, 1657555445205, 1657555498619, 1657555508202, 1657555648784, 1657557936130, 1657558286785, 1657558323846, 1657558374037, 1657568052678, 1657568075785, 1657568087047, 1657568520566, 1657568688186, 1657568695549, 1657622555201, 1657631834723, 1657634960014, 1657635038911, 1657635041436, 1657635197585, 1657635206343, 1657635219421, 1657635255998, 1657635817740, 1657708838825, 1657708883909, 1657709024810, 1657722539145, 1657722767980, 1657729034392, 1657740898882, 1657741153058, 1657804986505, 1657804991636, 1657810243444, 1657810250344, 1657814899946, 1657821537577, 1657821596407, 1657821619567, 1657884670679, 1657884839127, 1657884850524, 1657884861173, 1657884941403, 1657885076621, 1657886824389, 1657886834273, 1657889286523, 1657889294192, 1657896854489, 1657901950686, 1657908916339, 1657908924788, 1657908928851, 1657908932507, 1657914806884, 1657914815888, 1657976047402, 1657976131964, 1657976137762, 1658141508648, 1658141523872, 1658146790492, 1658146795762, 1658146986464, 1658147008602, 1658147025139, 1658147034624, 1658147489562, 1658147502706, 1658147572931, 1658151034770, 1658151050307, 1658152570027, 1658152871781, 1658154914158, 1658155249874, 1658155275174, 1658160561452, 1658160658020, 1658160675514, 1658160688930, 1658161013521, 1658161069352, 1658161090563, 1658161102037, 1658163708230, 1658163723631, 1658164889847, 1658164897712, 1658164905955, 1658168896510, 1658171866201, 1658171882445, 1658172794708, 1658172816131, 1658174327457, 1658228306989, 1658228680297, 1658228799718, 1658233444185, 1658235035184, 1658235118672, 1658235175351, 1658235220639, 1658235257004, 1658239823736, 1658249729875, 1658249794399, 1658249824775, 1658250252239, 1658253667704, 1658255655144, 1658255657131, 1658255659538, 1658257691604, 1658314882064, 1658314940939, 1658314970030, 1658314994803, 1658315144701, 1658317220630, 1658317257634, 1658322098899, 1658322155035, 1658333135228, 1658333195401, 1658333245130, 1658346221082, 1658346228367, 1658407998975, 1658408060381, 1658408069602, 1658408928685, 1658409067953, 1658409115803, 1658409135951, 1658409166417, 1658409201137, 1658409210801, 1658412288025, 1658412293993, 1658419247554, 1658424884828, 1658424907420, 1658425072755, 1658425086793, 1658425816702, 1658426310306, 1658426350056, 1658432561986, 1658432583845, 1658486836272, 1658491154101, 1658491195020, 1658505626208, 1658505647781, 1658505666904, 1658505670986, 1658506372697, 1658506402117, 1658509539329, 1658514229199, 1658514374652, 1658515738696, 1658574791917, 1658574968733, 1658575913922, 1658579539949, 1658579584644, 1658579626818, 1658579714133, 1658582395249, 1658582558654, 1658752880553, 1658753109552, 1658753345811, 1658755220658, 1658755327657, 1658757917236, 1658757920098, 1658759313050, 1658759585297, 1658759593061, 1658764913742, 1658765017787, 1658765104225, 1658766838885, 1658766907874, 1658766956708, 1658767002785, 1658769804555, 1658771668603, 1658771675902, 1658777606722, 1658778010046, 1658778340131, 1658778771572, 1658832182057, 1658841019421, 1658841375545, 1658841516216, 1658841914188, 1658843576332, 1658851585603, 1658851599296, 1658851914911, 1658852048418, 1658852060987, 1658864657379, 1658920230053, 1658920264632, 1658920329314, 1658920347526, 1658932184018, 1658932192032, 1658932206208, 1658932593095, 1658932835682, 1658932839010, 1658932855095, 1658940154767, 1658940165810, 1658947648835, 1659007959703, 1659008141813, 1659008214392, 1659008371471, 1659008389781, 1659008558954, 1659008897029, 1659008916174, 1659009036697, 1659009158105, 1659009170344, 1659009193780, 1659015046913, 1659015088327, 1659015093599, 1659015565996, 1659015604808, 1659016026306, 1659024126230, 1659024130151, 1659024543421, 1659024558913, 1659024904905, 1659024965694, 1659091500308, 1659091643188, 1659096430385, 1659096582422, 1659096600408, 1659096613552, 1659097633811, 1659097725128, 1659097825902, 1659104227184, 1659104311694, 1659104335808, 1659104357933, 1659178975097, 1659179037088, 1659179556669, 1659179615623, 1659179620529, 1659179777151, 1659179782037, 1659185775935, 1659185808801, 1659185851658, 1659186180567, 1659186197812, 1659186252756, 1659186349922, 1659186414111, 1659192434541, 1659352437812, 1659352633088, 1659352638632, 1659352830149, 1659352840797, 1659356825438, 1659360485359, 1659360525260, 1659360537106, 1659360575228, 1659360593978, 1659360619545, 1659360622990, 1659363949499, 1659369998637, 1659370040682, 1659441477030, 1659441702363, 1659441741263, 1659441775076, 1659442168226, 1659444522684, 1659448575335, 1659462573338, 1659462578875, 1659463561468, 1659463685923, 1659463756691, 1659464371953, 1659524318865, 1659524496732, 1659524508189, 1659524638778, 1659524804481, 1659524943387, 1659529667538, 1659529771820, 1659529777828, 1659529787692, 1659529828843, 1659529867016, 1659530380548, 1659530470239, 1659530569591, 1659530617821, 1659530639892, 1659532616000, 1659534725544, 1659535613043, 1659535658854, 1659535684357, 1659535706580, 1659535743943, 1659542576907, 1659542625444, 1659542707463, 1659542874664, 1659542896489, 1659543561083, 1659543578458, 1659552122870, 1659552138985, 1659552159738, 1659553395153, 1659553452194, 1659553503760, 1659556384750, 1659556410673, 1659556662809, 1659611062349, 1659611123615, 1659611669851, 1659611748618, 1659612194018, 1659612364569, 1659612381067, 1659612385081, 1659613042749, 1659613093391, 1659613377573, 1659613597949, 1659624153501, 1659624166310, 1659624657649, 1659624829305, 1659633091861, 1659633624279, 1659633639460, 1659633662430, 1659633726747, 1659635871364, 1659636003008, 1659636082843, 1659639108616, 1659639130851, 1659640746465, 1659640754637, 1659715511574, 1659715751478, 1659728364620, 1659728468027, 1659728762619, 1659783964908, 1659783973607, 1659784265594, 1659784298919, 1659784437462, 1659784552051, 1659784584916, 1659786554332, 1659786648097, 1659789105142, 1659789128079, 1659789159921, 1659789448827, 1659789459972, 1659789465573, 1659789756255, 1659789828414, 1659789836555, 1659789850008, 1659796007323, 1659797215470, 1659961346004, 1659962350202, 1659962410320, 1659962416243, 1659962446098, 1659966832604, 1659966858654, 1659967862239, 1659970440996, 1659970452202, 1659970534894, 1659970572016, 1659970636497, 1659970667523, 1659974950144, 1659985834027, 1659985842601, 1660049592431, 1660049863824, 1660054677276, 1660056820880, 1660139899024, 1660139972105, 1660139984499, 1660139990947, 1660141023816, 1660141069506, 1660141111453, 1660141126248, 1660141187508, 1660141215495, 1660142667590, 1660153375231, 1660153380398, 1660153430132, 1660154192212, 1660154208764, 1660154219024, 1660159171961, 1660161117931, 1660161190018, 1660161255830, 1660216783625, 1660216791247, 1660216796455, 1660217593069, 1660217680073, 1660217755283, 1660217785778, 1660219162403, 1660219167096, 1660219625649, 1660219638390, 1660219656666, 1660219722806, 1660219742436, 1660219786849, 1660219863552, 1660223390214, 1660223769643, 1660223827824, 1660226217633, 1660236625510, 1660236648666, 1660236711640, 1660241311385, 1660241335645, 1660241342033, 1660241778938, 1660241816260, 1660241838258, 1660241842945, 1660306542413, 1660306561176, 1660306632968, 1660306655982, 1660306665998, 1660306680288, 1660307572285, 1660307604781, 1660307651729, 1660307703778, 1660307708361, 1660308205033, 1660313663271, 1660313693319, 1660313733112, 1660313771325, 1660313787360, 1660313799679, 1660316055739, 1660320203238, 1660329488209, 1660329490622, 1660329502306, 1660329791316, 1660329830826, 1660329838041, 1660329857131, 1660332553299, 1660332562980, 1660333335772, 1660333435150, 1660389687553, 1660390157977, 1660390335627, 1660392107030, 1660392135535, 1660392187321, 1660392288050, 1660394078817, 1660394177767, 1660394295784, 1660394695981, 1660395563649, 1660395790933, 1660395829146, 1660395835631, 1660398399585, 1660398960416, 1660398983745, 1660399004592"
0a3c23319650aaa682beba53204ef516b683d25b4a2b9acdad8d0b73fddfaca8,Non-Logged,17,"9ce7a674-afa6-4bbf-b6cc-b4140d155806, 6b703a47-09f7-465b-975d-4d3ff551cb49, b182c3ed-17bd-457e-9b60-2afb6b2971f4, 6a0a29b7-fd22-4f48-8047-135f1df14580, 1dccb854-b09e-4c3c-8c2d-fb45cd6e5b2b, 6b87f422-3b1e-4e7d-a170-c72c80ab9380, 62c033c2-103d-4c76-8dbf-19c1cc869ddf, e45e0153-9863-46d8-95c5-be504144e9d0, be57fa17-972a-46b7-bb25-ba2346e6b7e6, 949a81ac-5df1-4e7b-9f4e-e364b5603e68, af7fbf78-f10e-40ca-969d-60c0c62f27cf, a3be043d-805e-4be3-bd59-98226c4a6c0b, 7245edb5-3517-4f77-a4ee-9dc989615aeb, 91dd61bf-7c49-4276-bba6-1db2804921a9, 78f42bd4-4281-49e2-abd2-2da58ed56dad, 1dc0c4a8-0e13-454d-b3cc-16181bdf727d, bd1bc41b-79a2-4b09-9ca1-b1e26805810c","1658330143718, 1658421112177, 1658491722015, 1658513830891, 1658513918082, 1658514001043, 1658841525168, 1658847013946, 1658847099905, 1659100603370, 1659100781732, 1659102444519, 1659629834499, 1659649128716, 1659649368099, 1659719980902, 1660248770509","2, 0, 2, 0, 0, 0, 0, 0, 0, 2, 0, 0, 0, 1, 0, 2, 4","58215, 43696, 111092, 80931, 8241, 13028, 67538, 65170, 41568, 30000, 104968, 80267, 12210, 190184, 150807, 17350, 150000","50.01, 23.88, 49.9, 55.79, 24.58, 28.65, 66.92, 43.32, 47.04, 39.84, 21.4, 79.38, 23.18, 72.0, 61.93, 24.07, 82.89","1, 1, 2, 1, 1, 1, 1, 1, 1, 2, 1, 1, 1, 1, 1, 1, 1","1658330143718, 1658421112177, 1658491722015, 1658513830891, 1658513918082, 1658514001043, 1658841525168, 1658847013946, 1658847099905, 1659100603370, 1659100781732, 1659102444519, 1659629834499, 1659649128716, 1659649368099, 1659719980902, 1660248770509"
787644d3aa15862a9a730ec5823f000dcb8506cb5375b30b5a8c06bd425f3934,Non-Logged,11,"9971bdc4-7a95-45e4-a087-83ff44baa7f5, 1c27cf97-b20c-4e40-b1f1-288b721517b3, 91dd61bf-7c49-4276-bba6-1db2804921a9, 13f2cc37-f575-44d5-b33f-045d0b0a912b, f712cfd4-b1f3-49ec-82c7-5f3b366a5ac3, 2968b302-6e02-493b-b192-cdd7f6038e03, bb8a99cb-83ad-44b6-854b-8e3f8c492164, 68371e8b-8e81-461b-90f9-f824eb52b609, c62d930e-8618-42af-aaa4-e0814cbc4d2a, esid:conteudo_editorial_g1#materia#https://especiais.g1.globo.com/economia/concursos-e-emprego/lista-de-concursos-publicos-e-vagas-de-emprego/, esid:conteudo_editorial_g1#materia#http://especiais.g1.globo.com/economia/concursos-e-emprego/lista-de-concursos-publicos-e-vagas-de-emprego/","1656974122094, 1656974122094, 1656974222064, 1657479567927, 1657659037733, 1658067564802, 1658338628309, 1658498079429, 1658521784687, 1658769964770, 1659836179258","109, 109, 9, 29, 163, 9, 24, 217, 23, 42, 14","97200, 97200, 6015, 40000, 296582, 25709, 50000, 284016, 43117, 46683, 10000","62.86, 62.86, 39.97, 35.44, 42.8, 24.43, 40.53, 82.47, 42.44, 55.04, 43.02","1, 1, 1, 1, 3, 2, 1, 1, 1, 1, 1","1656974122094, 1656974122094, 1656974222064, 1657479567927, 1657659037733, 1658067564802, 1658338628309, 1658498079429, 1658521784687, 1658769964770, 1659836179258"
32757c9d700ba3ba375df3f4411984b0fd6768854db4986dd45c914933fe1d05,Non-Logged,13,"a90de9a7-b219-4853-8f37-72677581a0a9, 8dcf7739-3455-4087-8b67-742586bcff47, 03b2975b-7493-462b-a851-711ce6beb6c0, 287087d8-b745-4be3-9526-a71c07ec960f, faec7707-99a5-406d-a1ea-f10df6ee1c06, 8d0c7a5c-a0ae-4341-874a-7759ab55e630, 9ff804f0-d800-4180-b1b0-ae727821a20f, 5a826aa7-fe29-42c9-8b14-a487f6d790b3, b700691b-33b7-4a7f-a227-dcd0b5b21c6a, 7edfc0ba-6f3a-4792-af3a-f25d3348f6d6, 9385dbf2-3c15-4a39-94da-728d3b3436fa, 54cb252a-78b5-463d-b31f-f54f63d85a29, 0a567d7c-ead0-4d3c-b9e3-df0413e737c4","1656949111019, 1657550855181, 1657551280352, 1657554088655, 1658171793483, 1658175451756, 1658177635043, 1658177865575, 1658266482156, 1658415264779, 1658752803235, 1658785994260, 1658840904726","1, 0, 2, 2, 3, 0, 1, 0, 0, 0, 1, 1, 0","110000, 206583, 100000, 341749, 483002, 436919, 228511, 80000, 150822, 146241, 220000, 75802, 180000","36.76, 51.28, 21.48, 50.38, 56.85, 33.01, 47.01, 18.12, 36.22, 49.83, 72.53, 43.36, 56.5","1, 1, 1, 1, 3, 1, 1, 1, 1, 1, 1, 1, 1","1656949111019, 1657550855181, 1657551280352, 1657554088655, 1658171793483, 1658175451756, 1658177635043, 1658177865575, 1658266482156, 1658415264779, 1658752803235, 1658785994260, 1658840904726"
a7f755e1a7b80a5123951d619d6f00600381e589027dafae36a5b17de16be0f0,Non-Logged,4,"a0f74504-482f-4042-97a6-54b25b05f7da, 4862bdaa-8e7c-443b-a941-c22c3c933a5f, fd3c2179-09b0-4b2c-96a9-2d8822f28851, 462af4d5-8e94-4c42-a388-b9a5fb334aa1","1657116227102, 1657116665729, 1658155508704, 1658159838442","5, 0, 1, 2","102262, 118369, 49327, 130252","17.0, 52.73, 38.33, 33.28","2, 1, 1, 2","1657116227102, 1657116665729, 1658155508704, 1658159838442"
759f523b6fe274c38d726f6ed6874c31f247858873bc7244a9c509b08a368477,Logged,144,"27d9047e-e42a-46e1-862b-6089b1707d6f, d730c4a6-e8f6-4fde-b73a-afbe148479cd, 728ad811-2243-4e0e-a70f-ee050a707178, 561850c2-9ade-4985-bf36-402abf02153d, 9442c690-21b3-42bc-9e5a-f880de0fa0a8, 38e587ad-1ccd-41e7-9925-c863da80e7f4, c6ef110d-7837-47f2-84f6-cfea4da5e328, ad2c51f7-26ff-4f7e-98c8-32462c62874e, 1f32787b-de2b-49be-8c20-ddaeae34cc22, c9aa2e7d-baf3-48c2-9fe2-d44bac474d68, 2c1a1f2a-40d4-4b99-aa33-d6c62e4eb49c, 35d5bc14-33bc-429c-9d18-1d12e721d3a4, 2a9226ae-a3a7-40b5-b800-ebabe6229a29, 700d8181-ed28-48f9-b716-40c18325909a, b7f30490-0b67-4ccc-b032-1eeeb179b464, 0eed57b2-1281-440f-86d6-02d3603eec54, 51873d9c-baec-4c18-bc90-d083a282719d, 21532265-cfd0-4301-a58d-dd615d0189d6, 470bac7a-d454-43c7-b36d-7b075b7f353b, 09d074f5-0cc9-4c31-9bb4-bc1c0d315675, 7d10e1ef-9826-4050-ae1f-373366950442, 63060f8a-6c84-4222-94ca-20a5ab8c5661, 4cdc82eb-458a-4dde-8079-49dee20284d2, a36c98b5-f159-48f8-9f5a-1fc6ea9956c8, 4b715f78-cfb2-4cef-bce4-7f50c8c9ecd4, 5dff8fb2-73e6-4c22-a34f-c367aa2677df, b182c3ed-17bd-457e-9b60-2afb6b2971f4, 17d4177d-eb44-4693-b453-4ecc3a6b47a4, f4ac3eb5-e145-4685-b9e9-b61f3551aa58, f0a78e58-ec7e-494c-9462-fbd6446a9a89, ac02c7f7-b1bd-4af3-896d-7b99f4e0431c, 96d328b9-5da7-4389-a9ac-765e98971ab7, 3ffb80eb-0ae9-457e-883c-d52f57c124c0, 8c37ed33-976c-4100-b831-5a776c7a6716, 4d89c4b6-6827-4935-9ba1-0502025af270, 4154f103-9e39-49f5-8982-cdf13c576928, 1fd81f89-cca7-4122-8749-db21b14c25b1, 1aaa53f5-750c-4860-a79e-fe7ffac3d71f, 2ff74cfb-89d5-4741-8ee3-1e5d99464a18, 66a9efac-fd43-4fd1-9824-c404b08efa5d, 7fcf82cf-6a19-4e1f-a054-d5356546bf31, cd3b041e-6889-41d3-a37a-9376057ba632, db037f57-5594-47e8-a523-076c8c83914c, dd3babeb-856a-43ad-8c2d-5aa6695b9173, 3baffb92-7d52-423f-929c-fd9e49f60abe, a38a85d9-660d-4768-9e17-f956c9d875cd, 7b056bf6-c232-46bd-8903-59145ff7ce46, a914d5fa-fc62-4c20-b1e9-7fbf28fbae98, 25779386-76af-4b0b-8ef7-487754f01409, 47874b53-ac2e-4ccc-ad5b-6b2669d59340, 26ded75d-93e0-4e1b-8b78-01b90ea9c5b4, b6d38b8c-1463-4c63-bb27-021a93e5b2be, 8956c97a-6d85-4d4b-a6f7-6d42c6be97cc, 29af02af-2cfe-4384-800c-6b0536c5d56d, e8fc4f0d-6d18-4690-824e-4869a1d2d12d, b72418ea-f1d8-488e-ae06-637b8d70629c, 73151e02-dd2a-4509-968e-b9c16ec1c5db, 1c27cf97-b20c-4e40-b1f1-288b721517b3, 28fca3e6-060c-4ed5-be2a-54634bc89bd1, d973bcc5-eb9d-4c11-8017-c88828858da4, f234620f-65c4-44e7-9770-77ce31bc75d8, f952a05f-df4f-43f3-af8c-6e7599309edd, 0305a46a-fe62-4666-9742-f5fe5db890ab, b954a1b6-d613-4012-8bb5-d60ffb9e94e6, 91dd61bf-7c49-4276-bba6-1db2804921a9, 43cc5638-6dda-4f23-be83-647bac748e70, ad4b88a5-3018-4770-93dc-ce4c0f530fca, 6f9cd630-0a48-4149-a332-3a13abbe457a, 9468d948-25cc-49d2-a659-167496e0892a, bfd7eaa8-9116-4382-b00e-afc35498dbf1, 4e986ba0-ca6f-479f-979c-a111d0a2b7dc, cbbc09bb-d46e-4542-86bd-f6df649bf88a, 4700f517-5c5d-483c-81b7-d77aca04991c, 1bdfba8e-e98b-4647-8003-62c6a17319c0, 231f5613-cc76-4d2b-9b71-06ddaf1b7547, 100ff71c-da18-4182-9672-369324a71bb5, 35ac99cf-d916-4ae5-935f-2cf4f156f51f, a9c454c8-9493-4622-a499-43d20c525f81, b6837e5b-7246-4993-961e-3334733977ce, a1a27aa8-6ac4-4ff8-be0d-96b8c286059c, 3b4fee18-204d-47f7-b860-bfc03f165e81, 29debb87-6d66-4aa1-a7e1-7c8f023f9811, 1186f5b2-26f8-4da9-a230-d2acb5f3c5aa, bfb489b2-b686-4f2d-bb6e-08337dce539d, 3b94c985-903b-45db-89a2-24d3d4459509, 47e1ddae-8f6c-41ae-9bdc-6a2acff86bfa, deb67aed-1855-4636-9d9d-7d7e70481c66, 84c68fc4-68d9-4987-b740-2e32d30f7069, b442d94e-f0c5-4fc1-9406-a4b64b595d71, ae6ab95e-0c43-4be4-8748-3eef5711fd10, a4a90685-5ce6-4c6f-9fd3-0316c052bb0a, b4edb070-fa34-449a-b082-cf2db0dc04b2, db6f552a-f2e7-426e-869c-65aa51f8cced, 9e49825f-6567-4ede-90d5-46a1af9a127f, c4fa4a10-d95c-4b41-81bb-8ad16c40b5db, 71ad98cd-efeb-4d04-ac87-d8406cd038b6, 564f0976-781b-44e7-96c8-7377097d0101, 47c45f11-fc4e-4bba-a94a-2f6477c9bed0, d6603499-ce89-43ba-b8aa-2b0c54a80f0f, 5ebb080a-e96f-4ece-87af-e276fd9d42eb, 1c6341f3-ca86-4f0a-ba3c-5f2ecc924bc3, 8d477e04-3bab-4ad9-8fe3-799059238a9c, b45d3be3-1172-4a62-8b29-a7c0faba7124, 542cbae0-40d6-49bb-b7cb-c869ea3192bc, d2593c3d-2347-40d9-948c-b6065e8459a9, c79a5b47-963a-4ff8-87ad-85d311fd713a, 3422afb1-dea7-4e62-a4c5-1fc3bd0c9a44, 26bc71af-6768-492f-86fc-14c72ce43931, a8f0cda0-6c9c-45f6-b72a-3c20ba9624ea, 6dd8c365-0f41-484b-91cb-f7e2fe84b461, 46fd2c8e-9759-4c39-91e4-94255a55c994, a71126aa-b2f8-4060-ae30-453e525e48b6, e4a32f87-4d4a-42dd-b1d0-b4d0564b03bf, 2a6d85db-5d21-4958-af4d-42dcaab01dae, 3cd06f5f-a3bb-4589-a592-07a1c6121a99, 5944d980-70dc-45ef-84af-e31ec2d7de41, 3250d2e5-a83a-4955-9dd3-d97a25c278b5, 6144af8d-bd8e-415b-9cc6-b463c6de4bed, fd3c2179-09b0-4b2c-96a9-2d8822f28851, d59a4285-bb13-443f-9e86-4d17af9b5ac8, b4e732ba-beed-413b-9c5a-7c409992dcfe, 6760953a-6c40-461c-87ef-45639ea4909a, 2b271fd6-d438-4e0a-b5a4-9fcf16b64b93, bdb06cb5-fff1-41d6-bf24-ed081d9317f2, cc405c03-58a8-4f39-841f-3ead7ae62722, 7be36af6-8c33-4c5c-83ec-06297eddab33, 1045a19a-a686-47b8-aa54-33c1063613d6, 8c972deb-c174-4efc-a18c-b78df3a63669, 362d282e-5d9d-4691-86a6-21bcac0703d7, 1a251d56-b8be-4a17-afe8-e702a40d13e7, 855d20b7-53f2-4678-a10f-55402d085018, c309c7aa-b438-416a-b3a2-bd433614c6ab, de98c205-7420-4c8f-af15-d00eecd92873, ede8f363-4c27-4f5e-a70e-33f8aa31d94b, fade3fca-a743-496c-8841-e0d98e8675df, c9a8b0ef-c185-4b8c-beb3-2bdf99ea5b49, cd81f330-0480-4da3-bc7e-7b6fc33aabcd, 8e0884e2-50ba-44c0-87b9-d64d913288af, ce475034-d93f-411a-bc9a-98c77a511ac0, 499d0367-d1bb-4da0-9d6a-0eb4479a5899, 07b5ae90-4161-4463-945e-41a48fdced21, 5ae221b5-eeca-434a-95f8-8c2705cf69bb, 4f431d51-81b2-478f-ad25-b62ee779630a, cee3cc71-129d-4b61-8715-0df0b13b3b40","1656644458730, 1656649361689, 1656670540612, 1656796589819, 1656796988713, 1656797392282, 1656890437547, 1656890520992, 1656890973652, 1656899790772, 1656899959343, 1656900603905, 1656935670160, 1656944206852, 1656965627052, 1656984701318, 1656984745971, 1657025861390, 1657032206193, 1657073437138, 1657073742041, 1657074201672, 1657074332903, 1657074603846, 1657074910298, 1657122520967, 1657122701268, 1657124452687, 1657135060930, 1657135476301, 1657135761843, 1657223698666, 1657289114703, 1657389837325, 1657423168668, 1657474048362, 1657498637236, 1657498971806, 1657499154034, 1657541535640, 1657568544068, 1657568968850, 1657569269561, 1657569749115, 1657570267285, 1657570891323, 1657630912729, 1657631419519, 1657631763116, 1657715144085, 1657737234987, 1657737504637, 1657737846113, 1657738235806, 1657738552329, 1657768971865, 1657905893074, 1657978983117, 1658113065915, 1658113198578, 1658113474932, 1658113568956, 1658113659322, 1658114387624, 1658260281955, 1658260830421, 1658261166775, 1658261434071, 1658261647141, 1658371279354, 1658426355242, 1658433091818, 1658433325289, 1658433467412, 1658433765022, 1658500989990, 1658501102271, 1658501254671, 1658501737262, 1658517475576, 1658518363366, 1658692720188, 1658693183090, 1658716514412, 1658716672366, 1658717065760, 1658775337000, 1658783126583, 1658896975787, 1658924445112, 1659024638659, 1659105858667, 1659221360788, 1659221688039, 1659222084069, 1659222316028, 1659240143182, 1659293719198, 1659293882359, 1659294384552, 1659294662640, 1659311137309, 1659319663897, 1659357660520, 1659358725893, 1659412170212, 1659466147604, 1659466346199, 1659466498116, 1659466783346, 1659492119620, 1659531112211, 1659549571040, 1659549904970, 1659571939691, 1659640221572, 1659640840687, 1659662752046, 1659727865850, 1659753091604, 1659889974373, 1659890509504, 1659926639899, 1659926799624, 1659926981227, 1659965327035, 1659995148157, 1659995366516, 1660001646042, 1660096013768, 1660096423972, 1660096638050, 1660129187081, 1660152696502, 1660152726652, 1660155097274, 1660155522794, 1660156057814, 1660245409326, 1660332289237, 1660360448897, 1660488707990, 1660488756814, 1660495727982","27, 108, 108, 40, 81, 35, 34, 59, 69, 53, 64, 4, 64, 50, 1, 15, 28, 20, 70, 87, 134, 43, 76, 87, 37, 55, 92, 7, 46, 61, 33, 58, 4, 185, 17, 3, 67, 6, 38, 81, 71, 89, 154, 66, 40, 19, 125, 85, 89, 53, 91, 70, 94, 81, 78, 121, 23, 40, 73, 0, 29, 33, 89, 22, 0, 19, 25, 26, 49, 64, 1, 33, 15, 70, 100, 18, 43, 57, 9, 46, 59, 74, 74, 20, 60, 34, 28, 34, 39, 68, 43, 102, 46, 105, 36, 44, 85, 13, 37, 23, 55, 10, 32, 43, 64, 57, 22, 28, 25, 194, 20, 66, 89, 56, 85, 33, 56, 60, 58, 54, 30, 166, 24, 32, 24, 11, 42, 64, 141, 44, 34, 67, 54, 4, 0, 99, 29, 25, 0, 33, 38, 24, 55, 168","96763, 358447, 454035, 156944, 223038, 172040, 70343, 127750, 160000, 122281, 120000, 10468, 265030, 156307, 30000, 25379, 101022, 41390, 220000, 204815, 438957, 102788, 160656, 256527, 119399, 160091, 234887, 40000, 139217, 245718, 66783, 120240, 70000, 519381, 56660, 110000, 296479, 26473, 143063, 172755, 250899, 293164, 443520, 196635, 90000, 90218, 336214, 278882, 242071, 220210, 262318, 302844, 382504, 309230, 230000, 536912, 60052, 70516, 294082, 10000, 66304, 73946, 189419, 39196, 30000, 119898, 123518, 114870, 248720, 185621, 6683, 73702, 36373, 277767, 267431, 63434, 124728, 276805, 40000, 296938, 222045, 397668, 298514, 57270, 210000, 100862, 161639, 123805, 129615, 293998, 135978, 253752, 255545, 282921, 173992, 160000, 319584, 126176, 166043, 69859, 215647, 34200, 130000, 140931, 210448, 221778, 167020, 111302, 158963, 435479, 73113, 194989, 305510, 282796, 269016, 164798, 189600, 309473, 131893, 124927, 73531, 493924, 84173, 144960, 66963, 60622, 89751, 307184, 492197, 163322, 106099, 309379, 153133, 80409, 30000, 388162, 127239, 84715, 20000, 143159, 116343, 40934, 170000, 765676","41.82, 37.67, 61.78, 27.16, 33.73, 53.06, 28.87, 49.3, 43.1, 39.43, 81.94, 16.88, 38.71, 57.9, 18.48, 37.8, 38.91, 36.57, 68.8, 59.7, 72.1, 52.85, 63.15, 63.68, 43.31, 38.97, 60.8, 23.48, 49.54, 61.24, 34.61, 73.48, 43.57, 67.78, 19.21, 56.96, 61.73, 41.17, 51.74, 64.99, 52.7, 32.8, 75.83, 46.01, 40.6, 55.2, 64.78, 39.99, 74.57, 41.29, 83.86, 60.57, 85.91, 90.51, 72.07, 94.55, 40.9, 38.05, 41.6, 20.91, 34.78, 47.31, 67.54, 34.06, 40.47, 50.31, 44.15, 44.36, 53.59, 57.18, 16.16, 48.9, 53.61, 63.7, 76.44, 19.66, 50.42, 64.53, 37.34, 67.08, 54.85, 61.08, 60.52, 46.04, 54.91, 55.34, 48.26, 51.68, 38.0, 65.35, 93.12, 67.88, 55.81, 70.86, 55.57, 38.8, 55.11, 45.47, 87.46, 38.28, 49.68, 31.04, 49.16, 51.29, 54.94, 58.9, 45.63, 47.72, 40.71, 43.37, 49.57, 54.39, 67.67, 76.64, 62.24, 48.19, 59.89, 63.05, 54.21, 58.25, 50.05, 74.51, 55.5, 45.36, 72.92, 31.25, 49.54, 52.43, 73.1, 58.8, 66.59, 68.52, 70.84, 49.59, 52.2, 71.05, 49.34, 49.75, 4.89, 54.76, 43.9, 51.71, 52.3, 80.89","1, 7, 1, 2, 2, 1, 1, 1, 1, 1, 1, 1, 1, 1, 1, 1, 1, 1, 1, 1, 1, 1, 1, 1, 1, 1, 1, 1, 1, 1, 1, 1, 1, 2, 2, 1, 1, 1, 1, 1, 1, 1, 1, 1, 1, 1, 1, 1, 1, 1, 1, 1, 1, 1, 1, 1, 1, 2, 2, 1, 1, 1, 1, 1, 1, 1, 1, 1, 1, 1, 1, 1, 1, 1, 1, 1, 1, 1, 1, 1, 1, 1, 1, 1, 1, 1, 1, 1, 1, 1, 1, 1, 1, 1, 1, 1, 1, 1, 1, 1, 1, 1, 1, 1, 1, 1, 1, 1, 1, 2, 1, 1, 1, 1, 1, 1, 1, 1, 1, 1, 1, 1, 1, 1, 1, 1, 1, 1, 1, 1, 1, 1, 1, 2, 1, 1, 1, 1, 2, 1, 1, 1, 1, 1","1656644458730, 1656649361689, 1656670540612, 1656796589819, 1656796988713, 1656797392282, 1656890437547, 1656890520992, 1656890973652, 1656899790772, 1656899959343, 1656900603905, 1656935670160, 1656944206852, 1656965627052, 1656984701318, 1656984745971, 1657025861390, 1657032206193, 1657073437138, 1657073742041, 1657074201672, 1657074332903, 1657074603846, 1657074910298, 1657122520967, 1657122701268, 1657124452687, 1657135060930, 1657135476301, 1657135761843, 1657223698666, 1657289114703, 1657389837325, 1657423168668, 1657474048362, 1657498637236, 1657498971806, 1657499154034, 1657541535640, 1657568544068, 1657568968850, 1657569269561, 1657569749115, 1657570267285, 1657570891323, 1657630912729, 1657631419519, 1657631763116, 1657715144085, 1657737234987, 1657737504637, 1657737846113, 1657738235806, 1657738552329, 1657768971865, 1657905893074, 1657978983117, 1658113065915, 1658113198578, 1658113474932, 1658113568956, 1658113659322, 1658114387624, 1658260281955, 1658260830421, 1658261166775, 1658261434071, 1658261647141, 1658371279354, 1658426355242, 1658433091818, 1658433325289, 1658433467412, 1658433765022, 1658500989990, 1658501102271, 1658501254671, 1658501737262, 1658517475576, 1658518363366, 1658692720188, 1658693183090, 1658716514412, 1658716672366, 1658717065760, 1658775337000, 1658783126583, 1658896975787, 1658924445112, 1659024638659, 1659105858667, 1659221360788, 1659221688039, 1659222084069, 1659222316028, 1659240143182, 1659293719198, 1659293882359, 1659294384552, 1659294662640, 1659311137309, 1659319663897, 1659357660520, 1659358725893, 1659412170212, 1659466147604, 1659466346199, 1659466498116, 1659466783346, 1659492119620, 1659531112211, 1659549571040, 1659549904970, 1659571939691, 1659640221572, 1659640840687, 1659662752046, 1659727865850, 1659753091604, 1659889974373, 1659890509504, 1659926639899, 1659926799624, 1659926981227, 1659965327035, 1659995148157, 1659995366516, 1660001646042, 1660096013768, 1660096423972, 1660096638050, 1660129187081, 1660152696502, 1660152726652, 1660155097274, 1660155522794, 1660156057814, 1660245409326, 1660332289237, 1660360448897, 1660488707990, 1660488756814, 1660495727982"
ed061caba6b30121f4a9b1df61154a4aeea45fd42b0fe02bcd8d5689e5204504,Logged,14,"88ad851f-b69d-41a6-81d3-12f354df2e17, 9663d9e1-ce9f-42aa-981c-ef9e527d1427, 94bb48e7-fa2e-482d-be7a-4f4353dffcce, 974717c5-28aa-4769-8b29-2a53eb9be6a9, 7caf0079-a39e-4f7d-9d5b-7f8d8a625f2f, ff7421ee-fc6f-4c5d-846a-1143fae40832, 500df15c-57a0-4c2c-80e0-2d304c0b7477, d7f17a3c-3885-4b47-95a8-c4204a3698f5, b4a49678-5253-4918-9738-d5462fe44175, 286428b0-dd16-46e6-8189-2908a23967ea, 533fa432-73d3-4d01-8819-0e23bdd0e8dc, 1f32787b-de2b-49be-8c20-ddaeae34cc22, 3ff029e8-9626-4bd0-b134-ed262fe189da, 1e60dca8-e1e7-4cc6-b2b1-8a6d9f9017b7","1656884490280, 1660096978533, 1660142639143, 1660170327083, 1660170493743, 1660186402490, 1660186777470, 1660187013055, 1660307695165, 1660307739888, 1660318183481, 1660349951613, 1660349979626, 1660350019002","64, 16, 71, 41, 11, 7, 2, 7, 0, 0, 23, 4, 11, 1","211742, 104554, 361880, 157615, 50000, 27042, 10335, 23645, 175259, 50000, 221636, 16506, 50000, 12160","55.07, 39.61, 91.4, 91.98, 17.41, 30.07, 20.32, 38.29, 60.92, 43.48, 35.73, 32.89, 20.23, 28.31","1, 1, 1, 1, 1, 1, 1, 1, 1, 1, 1, 1, 1, 1","1656884490280, 1660096978533, 1660142639143, 1660170327083, 1660170493743, 1660186402490, 1660186777470, 1660187013055, 1660307695165, 1660307739888, 1660318183481, 1660349951613, 1660349979626, 1660350019002"
692918402c7f1aa165733ceec1ea3e2b85dc0cdf108b475ea1764a25d327a236,Non-Logged,14,"25779386-76af-4b0b-8ef7-487754f01409, be57fa17-972a-46b7-bb25-ba2346e6b7e6, 448546e9-833e-4350-826b-ea05064224f7, 949a81ac-5df1-4e7b-9f4e-e364b5603e68, 08fa440a-0d26-4405-b143-6960eefdd4c2, 2b42c74c-5eca-4dd1-afab-f5de95d03e76, 06294fd4-5d1e-498f-9a46-b0631ebcb60e, 34c9da29-421f-4983-bd32-19a7daaace13, 55b8b612-1d17-41c1-ac22-ef45ef7e9e3c, 1d76c297-c8f2-456c-b73e-589ddc7312d1, b442d94e-f0c5-4fc1-9406-a4b64b595d71, 6f63b96a-cba2-4f79-88c7-928bdce45a8e, bd02229a-c123-4e55-9623-9094f04101c5, 5c41aaf7-0080-4739-9fca-3bdd0425ce6a","1657153606188, 1657601323307, 1657663820533, 1657778178274, 1657835579403, 1657881756204, 1657881773813, 1658237911721, 1658237981337, 1658312934223, 1658851999097, 1658852036747, 1658852077880, 1659214893732","42, 5, 12, 0, 8, 0, 4, 20, 10, 21, 9, 18, 5, 5","116647, 30000, 18192, 6102, 14419, 10000, 14794, 60830, 19070, 69773, 25571, 36301, 10538, 11744","40.15, 25.05, 31.14, 7.95, 34.9, 12.18, 37.65, 48.73, 35.52, 49.3, 33.78, 40.51, 22.4, 45.53","1, 1, 1, 1, 1, 1, 1, 1, 1, 1, 1, 1, 1, 1","1657153606188, 1657601323307, 1657663820533, 1657778178274, 1657835579403, 1657881756204, 1657881773813, 1658237911721, 1658237981337, 1658312934223, 1658851999097, 1658852036747, 1658852077880, 1659214893732"
48ff97cf85d6e408f9c056f04d8e4888f0cd045efa51319ad7ff08a9bbd3330e,Logged,114,"9c764c3a-f9f8-4fb2-b2c4-6331eaeb3dd6, fb0938f6-52bb-49a6-997f-29e0d91c5e9c, 279ccbff-f203-4c6d-aa48-83d97f085302, 1c4dd193-af76-4d6e-ada2-ef9e6979b6be, aeab0e46-f1e4-41e9-821b-571255c41f69, 41742d22-1763-4602-9298-4d87b1a39ea1, 561850c2-9ade-4985-bf36-402abf02153d, 6ec5702a-68b1-4095-9e52-c8d5c8c7eb67, b3e0d13d-3f65-4bcd-8a0f-c8c0f954dade, c44af7c6-88e9-4ce2-81d6-7b8adc4e085b, b7e17c35-a165-4afc-9057-eab54a9036b0, a06ca82c-2c64-48a9-9142-d062313e291a, 598ed114-fd5a-4d82-90d8-f1e893cb0892, e1c41007-6658-4e86-ba0e-eac67a8bd0c2, d7f17a3c-3885-4b47-95a8-c4204a3698f5, c39e92a5-7d43-49e2-8d96-143070462e82, 44fdcedf-e9ae-4748-8ab3-0cdb466672a6, 78f442cc-1fb3-4bf0-a9c7-ab6cf5a73526, 6f40710c-dcca-4697-9e87-9868cee203a6, acda3f2d-9b4f-4618-a45e-0d4d1771801f, 82206221-05a0-4f89-aa10-e8c8dc0cc418, c31953bb-c126-47ad-9112-d82f8776db2e, 39637899-fc4a-47f2-b5aa-266a97d54cb0, 9682baf5-9bae-42c2-9ec9-04eec06ec26f, a36c98b5-f159-48f8-9f5a-1fc6ea9956c8, d61c5cc7-2a4f-42c5-ab06-bef4a6314808, f82aca8d-3fdb-433b-b245-980d9a040d77, df5d45f4-5d75-4f49-90ea-c71e6e56ded8, 5dff8fb2-73e6-4c22-a34f-c367aa2677df, 444db2d3-2856-4307-8a36-09b15651fb8b, 230d19cf-28f8-459a-ad3a-da60aa640639, cca0a1c2-3e83-439c-bab8-a3bf7782572a, 3ffb80eb-0ae9-457e-883c-d52f57c124c0, 9f308c6b-57dc-4d97-9ac9-6afd30483e67, 49090da0-4b17-4cf9-b9cf-a98ff9bf4fdb, 7e9f2b32-7dae-4c45-a7b5-d1bc2a1733dd, b57fa2d2-0a34-4117-b22d-29ad42c8e063, 3baffb92-7d52-423f-929c-fd9e49f60abe, 4fe175de-b2bb-414f-8bb6-ab9ebf564dbe, a9e5c64c-192a-4698-bb26-4f7935f3b77f, a38a85d9-660d-4768-9e17-f956c9d875cd, 7b056bf6-c232-46bd-8903-59145ff7ce46, 18214963-8542-4ce9-ae94-769332edd06a, 25779386-76af-4b0b-8ef7-487754f01409, 47874b53-ac2e-4ccc-ad5b-6b2669d59340, bacab81b-4dd0-4047-8d51-a9cb03a8e18e, 1174b598-3728-44b3-bb06-a2def5d29a3b, 756f1fd7-703f-4ba3-ac49-a7c9bff1b1ec, 9a995df9-084f-4a39-a623-4ef1b06a36ed, 28fca3e6-060c-4ed5-be2a-54634bc89bd1, 3e54b313-2fde-4180-9948-74e889dd9430, 6c04dc83-e523-4a23-9329-5499a899392c, a7d0a18d-f34b-4d81-bc60-01fa2891f8b5, e6bbb32e-35da-4cd9-b76e-61451b94d3db, 3ee8ff4c-2dae-4394-8ff6-abd22556e323, 262d5975-7440-473f-8811-9560bb209dba, 02e4c8f2-12ac-45bd-82ee-06db6fa15b50, 4a983c7c-cd3d-4ef8-9584-eb83fd7fa90e, e93f13f3-466e-4a34-8cb3-09460b909d29, c55b5b0f-9cd7-416c-a87c-e781c6e9bdaf, 56dc794e-5c74-42b7-98e8-2f8e62c7f044, 4700f517-5c5d-483c-81b7-d77aca04991c, d57f0e9a-445b-465d-b757-be4f32e75fb9, 0e69fd2a-7bf7-487b-8da0-6e41a7950fd4, 6a64daa7-32ec-4d35-a7ec-f3df800f6d5e, 21de16a9-3de8-4619-85c9-7c7f78f8e0fd, 8458c0c6-5e5d-4e50-a5f9-6aea23ac3ff8, 99046129-d852-445c-9e6e-e140ec99b5e6, 87dfb73c-6645-47d4-a205-1abaeab76ad4, 8be03387-6c44-43cc-93ad-65824af9c22a, e6e1c46a-ab7f-4946-8d46-074e9575741c, 84c68fc4-68d9-4987-b740-2e32d30f7069, 529a23e0-baa8-4824-9554-416ceba464ae, e8e6fd2f-86e8-47f8-b132-e196dc9e3b2f, f2d1fc0f-0a39-4ba9-896b-a4f736031067, ca35decb-6955-44b5-b2fa-eb4529c3cb5c, 2e3300c6-3a18-4908-b9a9-a955cfcdcfcc, 7f747187-72e4-4791-996b-4518742dc672, 33277860-2ce2-484e-9488-f2b368734cb9, 08c468cd-0135-40f4-9961-736f9be3bbcf, 5a70ddfc-8a9b-4a7e-ab92-c64252008427, 7c3fbe06-7d31-49b6-986f-3be196b84687, bd4e7054-4043-4acf-9a49-7d883152189d, 83568c85-7264-4e45-8a2e-eeb246118465, 5b90df37-0b8b-44d6-abdb-6fad31217c26, 25252b0f-9b1a-4d11-b74f-d51f5261be1c, 564f0976-781b-44e7-96c8-7377097d0101, 9929eaae-7536-4dbb-a05d-8261c8df07e6, 0306487b-37be-4eda-bd8e-ad0a60886480, esid:conteudo_editorial_g1#materia#https://especiais.g1.globo.com/economia/concursos-e-emprego/lista-de-concursos-publicos-e-vagas-de-emprego/, esid:conteudo_editorial_g1#materia#http://especiais.g1.globo.com/economia/concursos-e-emprego/lista-de-concursos-publicos-e-vagas-de-emprego/, 661064de-acc8-48bd-93ee-b83500e718c5, 5af99ef3-adff-464d-9976-5c5d6391b014, df32a3eb-9b0f-467c-a2e3-146a2a58920a, 44afad69-6dff-4068-9e10-3092b659e6d4, 4a3729ed-5f96-4bd3-9a20-90b06b58c46e, f399b893-e696-4f8a-9dbe-e49fdecddfa0, 4ee34b3b-921c-4545-ad82-354f5d8187c5, 81554b6d-3d0d-45ea-a5f5-15c09331690d, fd3cef8e-7a96-4c4e-a76f-983b7de8931f, f9e25790-0de0-4b13-a34c-0d88d18b79d2, 399318fb-a6ca-4ef2-9297-c1c3b0ce955d, 698ce0ed-49f8-4a09-bee8-f3be6b6c9ebe, a2200d09-93d3-406a-93f0-b29d93b9cb0d, ff206a3e-400e-4530-8cec-9d3b7de2620b, c4a64d0d-09b8-4f82-8e32-4d2ec6067226, 6dfc2f2f-fc3c-4594-9f67-ea22bc7d6310, 215bb7a9-8777-4327-89ee-005464d731ee, 548c2b5f-3895-41f2-a4df-7cd37b3bae72, 255e1677-8abb-47d5-9480-915bc1fce36c, 07b5ae90-4161-4463-945e-41a48fdced21, 499d0367-d1bb-4da0-9d6a-0eb4479a5899, 6fb556ba-1a88-4787-a242-39b6cbfc0b5f, c041f6d7-df78-40ee-8832-6772a0db14bb","1656726518797, 1656769285105, 1656796665768, 1656801140075, 1656812939275, 1656851821941, 1656899399114, 1656971214680, 1656985037223, 1657013985199, 1657124739242, 1657319583796, 1657327263049, 1657327665501, 1657366916343, 1657397923872, 1657398007370, 1657422562741, 1657470201178, 1657475340588, 1657490611328, 1657502846987, 1657544683383, 1657544704726, 1657544704726, 1657563024064, 1657575731704, 1657627713234, 1657627804514, 1657643081649, 1657662891935, 1657676828398, 1657735344535, 1657748084230, 1657814663814, 1657828786587, 1657841699413, 1657842843448, 1657877809278, 1657879946395, 1657901535045, 1657901741944, 1657902629002, 1657931868639, 1657971518030, 1658019034248, 1658057582659, 1658105552042, 1658229999811, 1658280778014, 1658307750706, 1658372371523, 1658440884786, 1658551556468, 1658551605607, 1658571627701, 1658586775523, 1658586796218, 1658587113547, 1658601769155, 1658601852587, 1658621755307, 1658673317543, 1658681973840, 1658714599713, 1658879228932, 1658916221773, 1659134330164, 1659175884227, 1659199688521, 1659211561635, 1659234436360, 1659285661279, 1659295717079, 1659305720539, 1659308534506, 1659308570480, 1659309503951, 1659314873380, 1659346990841, 1659486510196, 1659529481995, 1659610606943, 1659620060983, 1659738150495, 1659741127280, 1659742886303, 1659782181820, 1659874904631, 1659881704559, 1659901864943, 1659955480603, 1659974826735, 1659998076081, 1660011459414, 1660052009120, 1660147686453, 1660167389414, 1660173088652, 1660180462580, 1660197052836, 1660234176278, 1660262241621, 1660273389155, 1660291950356, 1660296346777, 1660346184634, 1660385078725, 1660413587812, 1660418175304, 1660418794812, 1660440818178, 1660500424063, 1660531570410","86, 3, 45, 80, 0, 6, 23, 99, 40, 0, 51, 19, 6, 68, 21, 24, 30, 66, 65, 45, 161, 69, 7, 136, 136, 232, 179, 13, 24, 2, 64, 31, 14, 1, 87, 22, 41, 59, 85, 42, 51, 77, 41, 0, 35, 32, 92, 78, 13, 163, 11, 13, 19, 13, 108, 45, 5, 39, 4, 49, 124, 7, 13, 26, 52, 9, 29, 41, 45, 62, 55, 143, 87, 61, 63, 12, 25, 27, 5, 19, 21, 20, 9, 6, 41, 69, 32, 56, 4, 36, 32, 71, 0, 5, 9, 1, 19, 4, 0, 43, 27, 49, 76, 3, 12, 31, 8, 29, 45, 299, 34, 17, 23, 85","110980, 8727, 103146, 94092, 10000, 12270, 33526, 113965, 71735, 10000, 40015, 30000, 6209, 115964, 32058, 26747, 66294, 147784, 138734, 90692, 190000, 107418, 11618, 134988, 134988, 590183, 252275, 27309, 49151, 10000, 100000, 43110, 20000, 7991, 140000, 49008, 111484, 107648, 130000, 66019, 108035, 189161, 81977, 10000, 60000, 61043, 93403, 130000, 10047, 326410, 20000, 24782, 49920, 45640, 148518, 79244, 12459, 45089, 7693, 65426, 181707, 10016, 19033, 40000, 81339, 20000, 47212, 79981, 60000, 79217, 110000, 218954, 222396, 108193, 88127, 17245, 47039, 60199, 10029, 29940, 50835, 40000, 9492, 10000, 75118, 88547, 68668, 161630, 9833, 50661, 110679, 128680, 10000, 8582, 25374, 20000, 50897, 6000, 10000, 72110, 52028, 87300, 94912, 12230, 44892, 42231, 20000, 64401, 83337, 616446, 55521, 20000, 48207, 190000","63.53, 18.58, 37.74, 38.62, 12.95, 14.68, 44.48, 60.86, 36.4, 9.32, 68.33, 46.66, 16.38, 27.31, 44.5, 40.67, 41.98, 45.91, 46.7, 46.25, 42.26, 52.36, 29.67, 100.0, 100.0, 51.94, 22.47, 16.37, 33.29, 78.38, 47.95, 33.7, 30.6, 9.36, 50.27, 23.2, 30.08, 46.79, 32.41, 41.27, 80.11, 32.25, 33.98, 15.87, 46.14, 37.6, 78.69, 41.04, 32.24, 56.46, 13.01, 30.85, 27.37, 24.93, 59.6, 30.37, 23.02, 27.76, 9.31, 45.85, 65.33, 23.64, 30.71, 28.85, 39.14, 18.35, 37.23, 65.89, 40.37, 37.59, 33.69, 59.76, 56.39, 40.29, 46.42, 25.36, 29.61, 35.46, 10.11, 36.06, 56.54, 33.93, 9.29, 8.62, 33.52, 47.94, 40.56, 53.47, 13.5, 42.97, 41.24, 51.18, 14.02, 30.9, 40.41, 9.92, 51.05, 30.49, 45.24, 42.33, 29.33, 37.22, 67.62, 14.11, 30.25, 56.57, 8.91, 35.13, 51.44, 57.36, 39.37, 31.25, 32.81, 36.49","1, 1, 1, 2, 1, 1, 1, 1, 1, 1, 1, 1, 1, 2, 1, 1, 1, 1, 1, 1, 1, 1, 1, 1, 1, 2, 2, 1, 1, 1, 1, 1, 1, 1, 1, 1, 1, 2, 1, 1, 1, 2, 1, 1, 1, 1, 1, 1, 1, 3, 1, 1, 1, 1, 1, 1, 1, 2, 1, 1, 1, 1, 1, 1, 1, 1, 1, 1, 1, 1, 1, 1, 2, 1, 1, 1, 1, 1, 1, 1, 1, 1, 1, 1, 1, 1, 1, 1, 1, 1, 1, 1, 1, 1, 1, 1, 1, 1, 1, 1, 1, 1, 1, 1, 1, 1, 1, 1, 1, 2, 1, 1, 1, 1","1656726518797, 1656769285105, 1656796665768, 1656801140075, 1656812939275, 1656851821941, 1656899399114, 1656971214680, 1656985037223, 1657013985199, 1657124739242, 1657319583796, 1657327263049, 1657327665501, 1657366916343, 1657397923872, 1657398007370, 1657422562741, 1657470201178, 1657475340588, 1657490611328, 1657502846987, 1657544683383, 1657544704726, 1657544704726, 1657563024064, 1657575731704, 1657627713234, 1657627804514, 1657643081649, 1657662891935, 1657676828398, 1657735344535, 1657748084230, 1657814663814, 1657828786587, 1657841699413, 1657842843448, 1657877809278, 1657879946395, 1657901535045, 1657901741944, 1657902629002, 1657931868639, 1657971518030, 1658019034248, 1658057582659, 1658105552042, 1658229999811, 1658280778014, 1658307750706, 1658372371523, 1658440884786, 1658551556468, 1658551605607, 1658571627701, 1658586775523, 1658586796218, 1658587113547, 1658601769155, 1658601852587, 1658621755307, 1658673317543, 1658681973840, 1658714599713, 1658879228932, 1658916221773, 1659134330164, 1659175884227, 1659199688521, 1659211561635, 1659234436360, 1659285661279, 1659295717079, 1659305720539, 1659308534506, 1659308570480, 1659309503951, 1659314873380, 1659346990841, 1659486510196, 1659529481995, 1659610606943, 1659620060983, 1659738150495, 1659741127280, 1659742886303, 1659782181820, 1659874904631, 1659881704559, 1659901864943, 1659955480603, 1659974826735, 1659998076081, 1660011459414, 1660052009120, 1660147686453, 1660167389414, 1660173088652, 1660180462580, 1660197052836, 1660234176278, 1660262241621, 1660273389155, 1660291950356, 1660296346777, 1660346184634, 1660385078725, 1660413587812, 1660418175304, 1660418794812, 1660440818178, 1660500424063, 1660531570410"
7ca13fbcf8d59851a1dbeac863f8d251f53e9e35cc1aa509bc2f82a08757b1ff,Non-Logged,32,"27927a8f-0869-4b87-b9ee-20865df5348b, 2463b085-fab1-4d06-b557-614e28ba71fc, 9d78b764-095e-4c43-bf76-9af3c21bd534, beeade3c-cad0-49c1-89d9-6898bb664e22, f14ffcb3-49c4-4718-962b-862a655494b0, b20adff4-eb1b-4f3e-b7d8-033919742b48, 75432862-84da-430f-bdb2-ece65dfb0679, 78f42bd4-4281-49e2-abd2-2da58ed56dad, 529ea868-bb38-46b4-937d-d9e50df196f1, 386cecf8-bd8b-477c-b4cd-f37913614ad5, 43881011-2473-4d3c-a836-534dddc420da, f271111b-bf67-4239-8f1c-fe59ea7fbff3, 45a2068f-7dd0-4244-89c1-9119d1937bd4, 06294fd4-5d1e-498f-9a46-b0631ebcb60e, 16500674-1446-47d1-9d76-3a24f8b71354, 08598eb3-21bc-4109-91f3-3723f91043ac, 7c3fbe06-7d31-49b6-986f-3be196b84687, cb324527-6a66-491d-b53c-6a6d7ece566f, d5bcd4a5-63af-4373-824f-ba2112d7d6b9, 637aeb5b-9b5f-4829-acd5-0d4e78f115dd, faed6949-f172-47e1-981b-cca7300ab75c, 3250d2e5-a83a-4955-9dd3-d97a25c278b5, cef53d77-73bf-4c12-84ce-ecb9a049f733, e2f2e651-177b-4497-84cb-36de7166b0da, 23a7484d-8ebc-4c42-b0c7-a66c25881c36, 57f30d7b-266d-4290-80d1-83aee5bd0aa2, 1ce2e1ae-8eaa-4c90-9762-74a1210f480f, d4274479-3596-4da6-a31c-1c9ab0bede3f, 853e6851-482d-47bc-9671-1460ccebc873, cc522d6d-c73e-44ad-abf6-0bed5521228c, a7e26e3f-59fc-4c02-806a-89ed6a1bd475, dbf2d56f-925e-4c50-8df0-a5335aed8ae0","1656678523137, 1656935719290, 1656944868296, 1656955527994, 1656955587906, 1656960593073, 1656965148831, 1657024644177, 1657104029009, 1657104258041, 1657110152469, 1657297410899, 1657305402950, 1657648873001, 1657649701999, 1657743020810, 1657801546688, 1658230953519, 1658235138322, 1658239255994, 1658250791304, 1658263414250, 1658341025687, 1658511908319, 1658515648299, 1658773843197, 1658775663386, 1658856925013, 1658870206291, 1658944569824, 1659379279420, 1659527427111","5, 0, 3, 1, 0, 1, 0, 1, 1, 0, 0, 0, 0, 0, 0, 0, 0, 0, 0, 1, 0, 0, 0, 0, 1, 0, 0, 0, 0, 0, 0, 0","80000, 160882, 312083, 57793, 37031, 195345, 18101, 40000, 226669, 36578, 106734, 50000, 50000, 110000, 54784, 110947, 12439, 282877, 100000, 150000, 21931, 216445, 50000, 257858, 10000, 70961, 10000, 62866, 41806, 36017, 51333, 65870","37.74, 34.35, 46.44, 35.13, 15.61, 27.33, 17.87, 11.89, 67.41, 31.85, 38.43, 47.93, 33.92, 42.29, 26.09, 45.99, 12.58, 5.33, 47.03, 40.39, 22.73, 86.72, 49.5, 62.63, 22.79, 33.41, 28.03, 42.9, 16.26, 48.56, 44.75, 35.42","1, 1, 3, 1, 1, 2, 1, 2, 1, 1, 1, 1, 1, 1, 1, 1, 1, 1, 1, 1, 1, 1, 1, 1, 1, 1, 1, 1, 1, 1, 1, 1","1656678523137, 1656935719290, 1656944868296, 1656955527994, 1656955587906, 1656960593073, 1656965148831, 1657024644177, 1657104029009, 1657104258041, 1657110152469, 1657297410899, 1657305402950, 1657648873001, 1657649701999, 1657743020810, 1657801546688, 1658230953519, 1658235138322, 1658239255994, 1658250791304, 1658263414250, 1658341025687, 1658511908319, 1658515648299, 1658773843197, 1658775663386, 1658856925013, 1658870206291, 1658944569824, 1659379279420, 1659527427111"
7cc70acb10e79cf1ca599fd34e0739498d71acba84dd94492f388fb8ac63c638,Non-Logged,75,"fe856057-f97d-419f-ab1c-97c5c3e0719c, fb0938f6-52bb-49a6-997f-29e0d91c5e9c, 728ad811-2243-4e0e-a70f-ee050a707178, f54a8d4c-89cd-4aca-ac36-177ede8b0e83, ecb1f348-cd55-47f7-99f9-bb2c84e93f96, 3082a59f-4978-4d36-acf0-7d08804fb925, ce0811a0-778c-4740-949b-128f5fc33b31, 3c787cdc-99f7-4001-94ac-4edb2e971b94, ff7421ee-fc6f-4c5d-846a-1143fae40832, 7caf0079-a39e-4f7d-9d5b-7f8d8a625f2f, 59a580eb-b199-44c2-a51d-5ed2275144e0, 1f32787b-de2b-49be-8c20-ddaeae34cc22, 5ee5c239-1833-4505-afe0-e1753107fdb6, 21532265-cfd0-4301-a58d-dd615d0189d6, 33708e0b-a8d4-4749-8dee-2543d2a13e0c, ccd31dd8-059f-4790-bb12-4ea56133951b, f82aca8d-3fdb-433b-b245-980d9a040d77, c01872c5-243e-43ff-b744-3467c6b3f6ec, a4365ccd-d305-4069-ba12-59ff880a560d, eb74a313-250b-46cf-850d-fecc9e8c82fb, b182c3ed-17bd-457e-9b60-2afb6b2971f4, 83cf1546-5235-491f-ae0c-90949a2ab3c2, f0a78e58-ec7e-494c-9462-fbd6446a9a89, c879a104-2157-4446-9203-188493290643, dea7a573-00c3-4e58-aea3-3622c8fbde3e, 0770460b-a999-411d-b4cc-d1de50ae12ff, 86164891-81b4-4474-998a-7eb5167738b5, 48eddf29-6e0a-4433-a71d-451993f4b2ec, 6f24ab1a-0b23-438a-ba50-ce1d063918d6, d8de2192-12b4-4fb5-97d8-8a6360a10e78, 33b8607c-f4aa-4379-a18d-f7dddd2dd52e, 4e9c2825-ff13-41ca-8e91-edd848060d19, 6c0811d8-4c94-41a6-80bc-6ff25886fb44, e63ef205-d49a-4cd6-ac85-059535e3d68c, 7b056bf6-c232-46bd-8903-59145ff7ce46, b6d38b8c-1463-4c63-bb27-021a93e5b2be, 8b64b810-cff4-40e0-9de9-25b809ae6009, 068b6f11-9330-4d80-874f-7c0b2789c685, 3f4c4568-d4ed-4aa7-a805-145f820d84d6, 57615619-0c1d-41fb-8640-ccec5b3add58, 975927a6-72d3-435e-81a3-cbb931dcb532, 1c27cf97-b20c-4e40-b1f1-288b721517b3, bfb94228-cdc0-45ea-8ed7-4ebadbaa039a, 0305a46a-fe62-4666-9742-f5fe5db890ab, 0baa8cd7-1eef-4960-aeb4-4128e58efba3, 84499d70-ac24-48b1-9a05-fa35cd781fc5, 4ef1d1e4-01aa-4aea-8a31-51598feef18a, 96aebf6e-817d-4a3d-9e21-f5357ecebab0, d262c24d-1d6a-4c9a-97db-a721bd27f9db, a123ce85-26b5-49e9-b551-363625ce4595, 7ccdee1e-c91a-4c93-8bca-d671cab1ee1c, 15281e10-e6bc-48bc-9b1b-94402f83699b, ca361779-0059-451e-9369-c2dfaa3cc971, a497af46-072c-42f3-b21c-ae63d9eeb42f, 862becd0-8c2d-4898-864e-d01efbdef8ea, dccce65b-8982-46e1-afcb-01db956e2cd6, b0803304-62b4-4428-a333-e9bf623c8a98, 7f747187-72e4-4791-996b-4518742dc672, 7958a2a7-ac77-4689-a961-786a1880793d, 519a07a5-8446-4baa-a89b-9081e85cd862, 1d76c297-c8f2-456c-b73e-589ddc7312d1, 8602950b-9ee8-4946-9003-915348125c71, f42236ae-24ac-4dc4-8e6e-b6bbcd1acaa1, cb324527-6a66-491d-b53c-6a6d7ece566f, c407cdec-cf95-480c-a0f6-9a34ae66cf54, cf5453f5-28ff-46c7-b8e1-4cd7cc21ce19, 44afad69-6dff-4068-9e10-3092b659e6d4, 67b15417-c9b0-4635-802f-7417637bf1ef, 4c586bb4-f71d-4b39-9df8-e38ac3f632a0, 2a6d85db-5d21-4958-af4d-42dcaab01dae, 18791a88-6b7b-4b1a-b563-4c508e594a0d, 71e97eeb-22fb-42bb-984b-9ed85a9cc5aa, bd9a455c-6c30-4ee5-9bcc-8098d22761ba, 3db31d95-bc82-478c-997a-b462aab61fcf, 855d20b7-53f2-4678-a10f-55402d085018","1656949324208, 1656949992176, 1657032840048, 1657203354033, 1657203379737, 1657203442977, 1657481375733, 1657481569501, 1657481637031, 1657492807299, 1657640750264, 1657640904568, 1657754593215, 1657754703562, 1657847899106, 1657848036002, 1657848254017, 1657848535432, 1657921281571, 1658082094396, 1658082141454, 1658082269819, 1658170029575, 1658170251868, 1658170317785, 1658401737251, 1658401861897, 1658401996567, 1658596458810, 1658666864337, 1658753349419, 1658753494188, 1658784195710, 1658784346049, 1658784532105, 1658784674686, 1658846479914, 1658873430936, 1659262981604, 1659263346897, 1659310786066, 1659395252404, 1659395581542, 1659449249230, 1659449400257, 1659449539711, 1659449658855, 1659475429356, 1659484206024, 1659522922000, 1659615139338, 1659615307250, 1659615332985, 1659718938804, 1659718983350, 1659719199082, 1659818290145, 1659818337162, 1659818475905, 1659818576539, 1660007183017, 1660007230633, 1660076264966, 1660153508869, 1660320952968, 1660321175284, 1660321461077, 1660442160189, 1660442405428, 1660504018583, 1660504226501, 1660504439291, 1660504595988, 1660504868300, 1660504921426","142, 39, 31, 0, 24, 73, 13, 23, 54, 35, 51, 37, 29, 15, 31, 75, 79, 25, 31, 18, 48, 92, 56, 25, 49, 31, 34, 83, 23, 62, 52, 13, 42, 30, 41, 47, 22, 9, 84, 46, 132, 88, 60, 49, 66, 44, 18, 1, 5, 21, 10, 12, 24, 0, 47, 31, 21, 32, 25, 89, 24, 104, 29, 17, 78, 97, 14, 75, 3, 70, 64, 65, 71, 22, 17","569493, 90000, 110000, 10000, 59435, 221361, 75238, 57777, 173859, 166698, 122462, 116710, 103025, 44714, 132956, 213991, 272129, 77542, 133165, 43501, 124295, 291782, 217840, 61964, 195260, 120690, 130723, 288959, 91670, 410909, 139125, 87529, 146268, 123758, 137921, 256867, 70880, 33706, 358107, 232333, 482400, 324366, 157951, 146448, 135129, 115512, 84502, 11533, 32237, 68906, 43635, 21998, 104171, 20000, 189338, 37534, 32243, 134765, 96155, 282179, 44808, 255885, 43717, 80336, 218196, 281200, 53248, 229592, 7023, 202738, 209444, 152731, 268139, 48937, 69982","99.98, 63.01, 53.99, 57.1, 84.58, 95.38, 32.24, 61.07, 53.36, 71.07, 100.0, 86.1, 61.29, 52.92, 82.6, 90.4, 91.1, 38.99, 86.31, 61.46, 83.48, 100.0, 89.65, 85.27, 55.14, 88.48, 87.69, 92.26, 81.37, 61.1, 83.14, 40.85, 72.41, 31.57, 68.78, 63.13, 50.28, 38.55, 86.8, 47.56, 88.15, 94.27, 97.12, 88.07, 84.89, 85.51, 56.97, 22.02, 26.93, 58.28, 41.82, 60.99, 57.22, 8.87, 62.27, 54.54, 62.6, 88.12, 82.89, 99.08, 58.35, 100.03, 80.64, 40.76, 93.49, 92.38, 34.97, 99.5, 67.55, 93.55, 72.5, 76.26, 86.79, 90.63, 38.81","1, 1, 1, 1, 1, 1, 1, 1, 1, 1, 1, 1, 1, 1, 1, 1, 1, 1, 1, 1, 1, 1, 1, 1, 1, 1, 1, 1, 1, 1, 1, 1, 1, 1, 1, 1, 1, 1, 1, 1, 2, 1, 1, 1, 1, 1, 1, 1, 1, 1, 1, 1, 1, 1, 1, 1, 1, 1, 1, 1, 1, 1, 1, 1, 1, 1, 1, 1, 1, 1, 1, 1, 1, 1, 1","1656949324208, 1656949992176, 1657032840048, 1657203354033, 1657203379737, 1657203442977, 1657481375733, 1657481569501, 1657481637031, 1657492807299, 1657640750264, 1657640904568, 1657754593215, 1657754703562, 1657847899106, 1657848036002, 1657848254017, 1657848535432, 1657921281571, 1658082094396, 1658082141454, 1658082269819, 1658170029575, 1658170251868, 1658170317785, 1658401737251, 1658401861897, 1658401996567, 1658596458810, 1658666864337, 1658753349419, 1658753494188, 1658784195710, 1658784346049, 1658784532105, 1658784674686, 1658846479914, 1658873430936, 1659262981604, 1659263346897, 1659310786066, 1659395252404, 1659395581542, 1659449249230, 1659449400257, 1659449539711, 1659449658855, 1659475429356, 1659484206024, 1659522922000, 1659615139338, 1659615307250, 1659615332985, 1659718938804, 1659718983350, 1659719199082, 1659818290145, 1659818337162, 1659818475905, 1659818576539, 1660007183017, 1660007230633, 1660076264966, 1660153508869, 1660320952968, 1660321175284, 1660321461077, 1660442160189, 1660442405428, 1660504018583, 1660504226501, 1660504439291, 1660504595988, 1660504868300, 1660504921426"
92b86c6f28dd0719628c12222333d2d1a50e6fcecf4f8b2d658978ac569a0a34,Non-Logged,199,"426e9777-7ad8-4b0f-98f4-48e8ee96ace5, b76b79ea-8812-4d2a-86b4-b7a80dd6c72e, d8a01a9e-9ad8-4081-96a5-bb19b8e9bb0d, 1f2b9c2f-a2d2-4192-b009-09065da8ec23, 9442c690-21b3-42bc-9e5a-f880de0fa0a8, fc1cc9b7-b58b-4ba5-8a5b-d72d88b1d485, 320d7616-8c9f-4047-a09b-bb1eaedf8aad, 8a74875b-8519-4b28-b697-5209f9c8c1da, 70d5dd7b-477b-4245-a0a2-74fb079a118f, 676f771f-6245-4923-a8a0-669d2425557a, 3e0b9a1f-23cc-4b02-b639-cfe040db3b53, e947fea0-0875-4b4a-85ea-e70219d460d8, d5f5e1da-c3c8-49ab-b0a6-e027f3d4d724, d173164f-dcfc-4e32-8006-64ab44a57c66, 533fa432-73d3-4d01-8819-0e23bdd0e8dc, 65ec130b-e557-4075-be1d-ab0c967b643c, a4f61f36-38be-4f36-8feb-15385e3c21c4, ced7fe89-46e6-4bc2-b5c8-ecfcfd33c577, c34bc409-bdbc-4d58-875c-16d9ab4cd209, 85173c40-3702-4785-9d32-b6e7e0913f62, 598ed114-fd5a-4d82-90d8-f1e893cb0892, 1c4faf15-dcb3-46c3-ae9f-b79380e1d1d4, 30b9f3e4-bceb-4649-af72-9a8e31e90870, e3e1cde5-cd0a-4ad4-9b8b-43109f49f99d, a76e6a4b-22c1-49ab-a564-e457edd54415, 1f32787b-de2b-49be-8c20-ddaeae34cc22, 2008f497-c05f-49e0-88dd-86aa1e395f15, bbc1b096-fc04-424d-a8bb-000cdb45337c, 4256d56d-d7d4-4eff-9633-d4c4f22f4ff6, 12638e90-4c74-4eb3-9f04-fbef8582a164, b82e867b-99b2-4629-b40e-b3d69ec033a9, c4789e51-c882-44e9-b133-2d435af16d54, 18ddee0a-7cda-49da-90cf-5a848cc08f46, d0b15500-c57e-4c4b-bcdf-c8d643d883b6, 51873d9c-baec-4c18-bc90-d083a282719d, 4884082c-b54b-4857-8a14-c2e39095cd03, 75d60687-a2dd-4c45-8c08-08f4cef5ed19, 5fada3ca-d728-4b7b-91c0-b1352a07ada6, 0e4e09a8-7a88-4758-a3f2-d0dce43df4c1, 82206221-05a0-4f89-aa10-e8c8dc0cc418, 00f9aa60-3a6a-4e2e-bf5c-bb25f742cdf2, d7c20612-b2d8-4f7a-aac9-cc330b87e395, dcd8a2fb-7736-4b8d-93b5-d5d71dd1f086, be4a3141-72ce-4286-a424-84622cc4225c, 450d6500-b3bf-4217-a869-7303a818e226, 917fdff2-e61b-4c10-b19e-1eeafa8434e3, 62c75a44-c053-4f1f-8cd7-788df09ad65b, 93dcd201-13ab-4318-bf32-b005a34d903c, 99dcb1d0-5a7c-4dfa-93f5-c78572c964cd, 5dff8fb2-73e6-4c22-a34f-c367aa2677df, 09a4df88-d1c7-47cf-ab34-a530b14dd4f7, d16c5f99-1fa4-45f7-8da0-f7d7bed103d8, f0f525eb-8917-48ae-a9df-da4777e5b93f, ae3ea2eb-2d87-4380-983e-77072492ea63, af5d32bb-ab3d-47fa-96c2-bf44680ea0f7, 30fe4db2-bbc5-482a-a49a-33dd07886908, cca0a1c2-3e83-439c-bab8-a3bf7782572a, 5b68d910-8e4a-4fa5-8fae-65c841282e94, f38d9b98-70c5-44c2-9a6d-fcee0df331ab, 3825d1c4-2bdb-4783-9e7b-d5202a0f6f02, 8c37ed33-976c-4100-b831-5a776c7a6716, 99566c41-bd03-4b37-9ed7-4ba3485e7de5, 82268456-c867-43c8-b778-153418bcbaaa, a4450bad-1a66-4bc5-9c2a-2d61d7bb95bb, e1a89c3a-1649-486f-a964-ecfb33821e77, d582aa0b-915a-4db8-a4c7-5b76f048a5de, 4154f103-9e39-49f5-8982-cdf13c576928, 17f1482c-631d-4546-adaa-eee83038c808, 893f5e49-37b4-4a75-9de2-55d39f734cdd, 04e4d1f4-fe36-48f0-8c55-61ff82571545, b7f01f55-a54f-4147-87ba-b8683fa7bed3, 255a7f49-ea72-4caa-9e77-48aff4aae740, 86511ed1-8777-4811-824a-a174ba861fb6, 66a9efac-fd43-4fd1-9824-c404b08efa5d, b246d010-1bac-4550-ad00-466be2e69486, 3b8cd1b0-4cbf-44a5-9261-7b1dba64fcc2, ace43c91-d1fb-41e9-b961-4ece2d2e1b06, 364bcd6a-f729-47b3-ab40-e0b613a44861, 3494faf6-e441-45e2-b482-b392e1bcf6f7, 23acbbe8-30b8-4c4a-ba8b-88782e651380, 878bb9dc-abba-4e51-89df-36c292eff71e, 139c9e4d-b7eb-43d0-b2fc-1cb230f0adc8, a61b04eb-6ada-4d82-843c-4e8d4733b965, e36dd404-30cc-48d2-afc5-a231dd4bc88c, 17b6f661-c78e-4a5a-9dc9-fb3dcaae5f6f, 5ecc4b24-ff5d-4f8c-8449-53de3b34d213, 37c56d52-c47f-4584-8f24-3aae138c490f, 72984026-5bef-477b-8063-1363c6dbe146, 9220d7b6-6427-4d22-a558-a36009b9fe76, 3936f6c7-3f6c-4205-8cda-3178160b6cd4, c6823b77-b0b2-4982-a468-e9d2ccb284cc, 9a995df9-084f-4a39-a623-4ef1b06a36ed, a6e7224d-da3e-468f-bc51-26331659e06a, 2f482485-66b2-4efa-8cf0-d8b6ef93aaee, 756f1fd7-703f-4ba3-ac49-a7c9bff1b1ec, 880ef64d-da1c-4edd-98f5-71bea000f858, a1df6cda-af2a-4905-8825-b89b0001e878, f4b9eb2c-5b14-4bea-8281-231355e612e7, 88cee13a-a6cc-4355-b73e-992c66d8c18e, bcacb37e-f4be-4043-9446-6319e71e06bc, a94ec35e-0ef4-4b83-ac96-034d409c82e0, c4601202-b86e-49cd-b693-48658b122b9d, 975927a6-72d3-435e-81a3-cbb931dcb532, 57615619-0c1d-41fb-8640-ccec5b3add58, 2a407290-fd7e-4373-9104-5b2a444c89ce, d7a4a50c-39ae-4b02-b5c4-b78f92614446, 0baa8cd7-1eef-4960-aeb4-4128e58efba3, 24be4c46-7801-4c28-ac82-108392815a5d, c5add9b6-892e-4a9f-9344-773daae74ae7, 4453f2a6-ba90-4485-9759-7d4a3f294f25, ab22e5cd-715a-46f0-99d8-613b981f202c, 5af379e6-1bd1-4cf8-a23c-03266fb77b2c, 3348f611-f8b0-4226-aaca-29c4db95e5ff, 58c69cde-570a-4558-bca6-987480110522, 1cebab55-fac2-4d8f-ad79-e511a67573bc, defe8f9d-26e0-4942-8f0f-a622c9b7514f, 5c3a2afc-895f-4169-8647-7ddbcb61b539, 37613ff0-fb5d-46f6-9c2c-ed822582710b, 09092757-a6a5-49e6-b2b4-a59856c6ea81, edc77480-035c-48b4-8291-db959d9e2b4e, 81621199-1552-4e83-a823-510d35523897, 12c44ec3-3624-4c0d-990d-27c38e7a5848, d303158c-8b2c-45de-ad18-2fdf67d06397, 553fada2-1c79-48f2-9010-f5c751b63bb1, 100ff71c-da18-4182-9672-369324a71bb5, 757d4bf7-4401-4096-bc08-1bcb723815a5, eaa546cf-1017-4344-b31d-db5d19798e83, deb4f0ad-1fec-4c25-832f-f0607c9add95, 6c1dc076-d24b-4d0f-93a4-8d8cd041a2c6, 508be4df-1cd0-478d-899c-f8ace1efcceb, ffdb1505-f686-4ba6-a0a9-89d7246722f0, 99046129-d852-445c-9e6e-e140ec99b5e6, 2624ff77-4122-434d-a0f4-4685994cd325, 8458c0c6-5e5d-4e50-a5f9-6aea23ac3ff8, 6f75413a-d1d4-4f32-8ecd-f02a532a7b06, 35b75714-6aed-44bf-9a87-1d8054d5be98, d9b813aa-efe1-4c7b-8876-3d3f41f32c05, 59fa21cf-1ae3-49e7-9e45-ede7d17d56e8, 14de87bc-38fa-4fc9-9498-2bff202fa08f, 562e2cff-cc6f-41e0-9bd9-b4349d555964, 84c68fc4-68d9-4987-b740-2e32d30f7069, 11527b39-20c8-4b33-8862-6c9069bb7c0b, f9c9a66c-d870-44f9-a27e-395934431b7f, 8735d7ac-6e04-476f-a06c-3a7a50728a5e, ca35decb-6955-44b5-b2fa-eb4529c3cb5c, 224d8516-f349-4d8a-9e73-e3ca1c47a992, eafbc7e1-f154-46ef-a7f5-5cf4f75d7039, 7958a2a7-ac77-4689-a961-786a1880793d, 83acd28a-cfcd-4139-bae0-6b6607cb48c8, b2e937ba-7672-44d2-b916-77bd35bebe7a, 116fb46c-a297-4772-8de8-3609409599be, 52f1e9d9-9d83-4566-b4df-f224ff11d1e1, 8ce81c16-71ad-4eb4-88dc-d6a85c49dbff, 7966abf9-474e-4190-a9f6-baa5501068a0, e2fe50c0-3e30-4421-8f92-b5e9e261a41a, fdab1161-53cc-433f-8c1f-636130bbaba1, 919f29bf-d153-400c-a04a-4237f5adf116, f07efbc3-d8ec-4787-a864-6c245bae58a3, cbc832d6-af68-41bf-91d4-8740d71c5952, 0b807d1f-b235-42bc-a855-5d812713fa46, 8d477e04-3bab-4ad9-8fe3-799059238a9c, 5b90df37-0b8b-44d6-abdb-6fad31217c26, 5ebb080a-e96f-4ece-87af-e276fd9d42eb, d6603499-ce89-43ba-b8aa-2b0c54a80f0f, e67a8a04-2e7d-45a3-8374-73380b09a47b, 564f0976-781b-44e7-96c8-7377097d0101, 10c294df-54e6-4c5c-95de-cde41595322c, e00a8958-3bc2-48dd-89ac-8c9635f5516b, 91266575-23d3-4ce6-91b1-5d0ad7c3936d, ba7678a2-9b22-472b-8422-b6fb921fc672, e2cd1c23-e372-4525-8b2b-b6886428f444, 170a99ab-4a3d-4ea2-932c-f74b0fc439d1, 2f530eed-9470-4c08-b93b-6076561eb6be, 18791a88-6b7b-4b1a-b563-4c508e594a0d, 4c63d7cd-4902-4ffb-9b94-578b1b2151f0, b79a9385-ab79-4949-a953-2320bfb28bc0, 637aeb5b-9b5f-4829-acd5-0d4e78f115dd, ef311b58-fbd2-4690-be1d-dcf88b1c5361, e254dc89-444c-42c6-a064-4acaa441e49d, 4f9e2ba0-c967-431d-864e-0001ae6c9ef1, 8d00959e-cdd5-49ec-af7d-9dae0c21db69, 6760953a-6c40-461c-87ef-45639ea4909a, 1b317645-c02c-40fc-8e77-ae6a57230297, cd40157e-4e75-4817-86d5-2978c31b0b50, 462af4d5-8e94-4c42-a388-b9a5fb334aa1, 29500c37-d19c-45f0-8317-9e145b7093eb, 3a54bc78-a1f6-4a3c-a1f8-d541597eb6a0, fbe1e6a7-401b-439f-8bc3-908bddad0de1, d1b41903-d049-40f5-898e-80c2e82638bb, c7368d79-272c-4412-890d-1a1c4a6b3072, 350f87bb-204f-48a1-aa24-6f038e119039, 54f6bbce-e5fa-489b-ad5c-22c16cfba652, 2711c0b4-32bf-4136-aee9-dff9077fa148, 5fa28a96-2891-46c7-ba82-88892cc97e33, cee3cc71-129d-4b61-8715-0df0b13b3b40, f0575e26-2234-43ea-ad09-69d920b82256, 5e644b75-011b-4a7c-a5e2-352fcb8fdff4, 43b5e8d4-bf43-4371-b75f-29743695d8cb, 91c5b6e0-80a2-4728-854c-5ef102bf8b27","1656682071679, 1656682575303, 1656683166988, 1656683279220, 1656683933556, 1656707141929, 1656947755681, 1656949806105, 1656959404146, 1656967352702, 1657026481016, 1657037395899, 1657044898993, 1657053105438, 1657121792929, 1657123145115, 1657123353823, 1657123490862, 1657125500871, 1657133454752, 1657293524772, 1657294607801, 1657294856913, 1657295016235, 1657295149566, 1657295440232, 1657295867038, 1657296351632, 1657312074587, 1657548081234, 1657548226828, 1657549099643, 1657570639845, 1657632445459, 1657632896784, 1657633951846, 1657634044108, 1657638262122, 1657638426103, 1657643736110, 1657652969870, 1657727694119, 1657727895115, 1657728177499, 1657730912252, 1657731765749, 1657732691202, 1657733136447, 1657804091713, 1657806559482, 1657806935611, 1657807430133, 1657807600806, 1657830127259, 1657891935031, 1657892066698, 1657892243216, 1657903039630, 1657907133294, 1657911063673, 1657912091335, 1657916695447, 1658158009720, 1658158170278, 1658158290781, 1658158620054, 1658158990858, 1658159271874, 1658159622206, 1658173575392, 1658175363567, 1658237125155, 1658237539279, 1658237989844, 1658244773530, 1658262990829, 1658322827405, 1658322998794, 1658323314547, 1658323906328, 1658331224841, 1658331732264, 1658341299933, 1658341720148, 1658412776824, 1658413024046, 1658413855864, 1658414047599, 1658415300557, 1658419525041, 1658762708213, 1658763719926, 1658763914824, 1658764032871, 1658764438854, 1658764605777, 1658775790369, 1658776054577, 1658776189391, 1658851686543, 1658851923941, 1658852308779, 1658862430915, 1658864706647, 1658924133993, 1658929545287, 1658929631779, 1658929770781, 1658930283524, 1658930386993, 1658948197376, 1658952233017, 1659011457440, 1659014806361, 1659015153625, 1659016922960, 1659017159368, 1659023261043, 1659040063164, 1659101585198, 1659104012771, 1659125001831, 1659383239364, 1659383932606, 1659384198933, 1659384497648, 1659385086197, 1659446281866, 1659446411215, 1659446520540, 1659462254125, 1659468064974, 1659470489611, 1659470783299, 1659531497136, 1659531815942, 1659532154124, 1659535700469, 1659542878245, 1659545053637, 1659548634682, 1659615317250, 1659621857834, 1659627283785, 1659627993434, 1659628438508, 1659628832810, 1659630058206, 1659630131756, 1659707203051, 1659707306163, 1659707586825, 1659707719240, 1659715730868, 1659965783653, 1659973941747, 1659974477834, 1659976961465, 1659977148009, 1659988043970, 1659990908767, 1660051639188, 1660053842754, 1660053924676, 1660054410089, 1660054706158, 1660054819905, 1660060028402, 1660063586602, 1660065247612, 1660065634155, 1660133935551, 1660135614035, 1660135733901, 1660136004134, 1660136408743, 1660137047619, 1660138695375, 1660222588275, 1660233012027, 1660233092553, 1660233169256, 1660238917125, 1660239891221, 1660240542695, 1660241065442, 1660245634667, 1660247251961, 1660249488780, 1660306979453, 1660307050161, 1660307484057, 1660307815588, 1660308279497, 1660318297251, 1660320568945, 1660326974260, 1660327944858, 1660330354412","0, 0, 0, 0, 0, 0, 0, 2, 0, 0, 0, 0, 0, 0, 1, 1, 0, 0, 0, 0, 0, 0, 0, 0, 1, 0, 1, 0, 0, 0, 0, 0, 0, 0, 0, 0, 2, 2, 1, 0, 1, 0, 2, 0, 0, 0, 1, 11, 0, 0, 0, 0, 3, 0, 1, 1, 2, 1, 1, 1, 0, 0, 0, 0, 0, 0, 0, 0, 0, 0, 0, 0, 0, 0, 0, 0, 0, 0, 0, 0, 0, 0, 0, 0, 0, 0, 0, 1, 0, 0, 3, 1, 1, 0, 0, 0, 0, 0, 0, 0, 0, 1, 0, 0, 0, 0, 0, 0, 0, 0, 0, 0, 0, 0, 0, 0, 0, 2, 0, 0, 0, 0, 1, 0, 0, 0, 0, 0, 0, 0, 1, 1, 0, 0, 0, 2, 0, 0, 0, 0, 0, 0, 0, 0, 3, 0, 0, 0, 0, 0, 0, 0, 0, 0, 0, 2, 1, 0, 0, 1, 0, 0, 0, 0, 0, 0, 0, 0, 0, 0, 0, 0, 0, 0, 0, 0, 0, 0, 0, 0, 0, 0, 0, 0, 0, 1, 0, 0, 1, 0, 0, 0, 0, 0, 0, 0, 0, 0, 0","120000, 100000, 85294, 150000, 80000, 150774, 262960, 60000, 138982, 96805, 140000, 60000, 46202, 90890, 400000, 151501, 100555, 198428, 30000, 80000, 207074, 166701, 119334, 87948, 197498, 100000, 190000, 67522, 98704, 120329, 200000, 47080, 52911, 364252, 80000, 38977, 120000, 161795, 122436, 103527, 100000, 138622, 140000, 200000, 131837, 60000, 140000, 260000, 230000, 130371, 80000, 96306, 110000, 140000, 89379, 99529, 150000, 155107, 106852, 80000, 186468, 72594, 50000, 53629, 150000, 150000, 108908, 170193, 61582, 150000, 105991, 130000, 110000, 112059, 132854, 70000, 120779, 120000, 140000, 160000, 170000, 36280, 110352, 144769, 119445, 100000, 88885, 90000, 65149, 80000, 210000, 150343, 93387, 140000, 50723, 160000, 90000, 113704, 55582, 80000, 69502, 236399, 60000, 249244, 100578, 68150, 60000, 71163, 53260, 118306, 60000, 160000, 120000, 110989, 80000, 50000, 80000, 60000, 100000, 118138, 160000, 96895, 280000, 60000, 67880, 90000, 150000, 57514, 30723, 30000, 51912, 126400, 46778, 146327, 95611, 107835, 11206, 84874, 69677, 32177, 37250, 210000, 90000, 60000, 250000, 72765, 75379, 74570, 121590, 40828, 73246, 50000, 80000, 49022, 75015, 130000, 200000, 95135, 144840, 140673, 90983, 66285, 31150, 189508, 130000, 46254, 165250, 408148, 80000, 75364, 79171, 244964, 67340, 172938, 91240, 120000, 150000, 72132, 150000, 43315, 55300, 221776, 99761, 150000, 49299, 230000, 49349, 151659, 170000, 49095, 119537, 80000, 130000, 100000, 60000, 130000, 83007, 90188, 110000","52.25, 58.07, 34.42, 54.17, 42.98, 54.84, 68.37, 38.99, 35.13, 40.52, 61.17, 47.74, 48.98, 48.65, 36.66, 43.21, 43.67, 33.11, 41.93, 37.96, 57.78, 50.45, 48.84, 45.67, 70.97, 66.55, 65.03, 44.92, 49.02, 42.37, 68.78, 48.81, 33.89, 75.48, 42.32, 36.85, 46.47, 49.2, 65.38, 32.22, 24.83, 52.75, 45.22, 66.47, 49.82, 35.63, 49.98, 35.03, 53.61, 47.39, 49.06, 52.15, 56.5, 67.63, 39.71, 44.75, 44.49, 47.59, 48.35, 50.75, 57.21, 39.5, 29.75, 38.49, 56.67, 45.6, 44.89, 86.9, 38.32, 58.47, 36.09, 60.99, 55.76, 39.54, 44.66, 49.56, 42.52, 53.35, 33.92, 66.01, 61.84, 35.58, 56.06, 51.61, 49.99, 50.04, 43.52, 24.65, 37.23, 46.69, 48.19, 63.2, 49.5, 38.68, 35.79, 50.68, 51.89, 55.27, 37.89, 51.41, 51.07, 57.09, 42.87, 64.39, 51.45, 47.86, 39.74, 43.14, 35.07, 57.64, 42.34, 62.39, 56.26, 43.1, 38.8, 44.71, 44.66, 45.77, 45.84, 49.0, 64.4, 64.19, 65.08, 41.11, 41.63, 60.54, 54.33, 48.47, 37.36, 17.79, 41.92, 64.46, 44.19, 63.43, 41.46, 58.14, 15.89, 35.18, 41.51, 42.84, 37.44, 68.2, 44.41, 36.83, 55.52, 54.39, 37.02, 57.38, 30.2, 30.35, 37.95, 32.78, 52.27, 31.35, 51.71, 52.27, 59.78, 55.09, 64.16, 49.15, 53.24, 49.13, 32.44, 68.49, 50.59, 37.15, 65.37, 71.22, 50.91, 38.52, 53.43, 64.92, 36.48, 65.77, 56.07, 50.27, 28.29, 48.09, 45.18, 46.02, 29.22, 58.32, 46.28, 58.14, 39.35, 75.37, 38.88, 65.73, 72.09, 45.34, 58.93, 46.21, 63.75, 57.44, 48.69, 58.73, 33.5, 49.63, 54.51","1, 1, 1, 1, 1, 1, 1, 1, 2, 1, 1, 1, 1, 1, 1, 1, 1, 2, 1, 1, 1, 1, 1, 1, 1, 1, 1, 1, 1, 1, 1, 1, 1, 1, 1, 1, 1, 1, 1, 2, 1, 1, 1, 1, 1, 1, 1, 1, 2, 1, 1, 1, 1, 1, 1, 1, 1, 1, 1, 1, 1, 1, 1, 1, 1, 1, 1, 1, 1, 1, 1, 1, 1, 1, 1, 1, 1, 1, 1, 1, 1, 1, 1, 1, 1, 1, 1, 1, 1, 1, 1, 1, 1, 1, 1, 1, 1, 1, 1, 1, 1, 1, 1, 1, 1, 1, 1, 1, 1, 1, 1, 1, 1, 1, 1, 1, 1, 1, 1, 1, 1, 1, 1, 1, 1, 1, 1, 1, 1, 1, 1, 1, 1, 1, 1, 1, 1, 1, 1, 1, 1, 1, 1, 1, 1, 1, 1, 1, 1, 1, 1, 1, 1, 1, 1, 1, 1, 1, 1, 1, 1, 1, 1, 1, 1, 1, 1, 1, 1, 1, 1, 1, 1, 1, 1, 1, 1, 1, 1, 1, 1, 1, 1, 1, 1, 1, 1, 1, 1, 1, 1, 1, 1, 2, 1, 1, 2, 1, 1","1656682071679, 1656682575303, 1656683166988, 1656683279220, 1656683933556, 1656707141929, 1656947755681, 1656949806105, 1656959404146, 1656967352702, 1657026481016, 1657037395899, 1657044898993, 1657053105438, 1657121792929, 1657123145115, 1657123353823, 1657123490862, 1657125500871, 1657133454752, 1657293524772, 1657294607801, 1657294856913, 1657295016235, 1657295149566, 1657295440232, 1657295867038, 1657296351632, 1657312074587, 1657548081234, 1657548226828, 1657549099643, 1657570639845, 1657632445459, 1657632896784, 1657633951846, 1657634044108, 1657638262122, 1657638426103, 1657643736110, 1657652969870, 1657727694119, 1657727895115, 1657728177499, 1657730912252, 1657731765749, 1657732691202, 1657733136447, 1657804091713, 1657806559482, 1657806935611, 1657807430133, 1657807600806, 1657830127259, 1657891935031, 1657892066698, 1657892243216, 1657903039630, 1657907133294, 1657911063673, 1657912091335, 1657916695447, 1658158009720, 1658158170278, 1658158290781, 1658158620054, 1658158990858, 1658159271874, 1658159622206, 1658173575392, 1658175363567, 1658237125155, 1658237539279, 1658237989844, 1658244773530, 1658262990829, 1658322827405, 1658322998794, 1658323314547, 1658323906328, 1658331224841, 1658331732264, 1658341299933, 1658341720148, 1658412776824, 1658413024046, 1658413855864, 1658414047599, 1658415300557, 1658419525041, 1658762708213, 1658763719926, 1658763914824, 1658764032871, 1658764438854, 1658764605777, 1658775790369, 1658776054577, 1658776189391, 1658851686543, 1658851923941, 1658852308779, 1658862430915, 1658864706647, 1658924133993, 1658929545287, 1658929631779, 1658929770781, 1658930283524, 1658930386993, 1658948197376, 1658952233017, 1659011457440, 1659014806361, 1659015153625, 1659016922960, 1659017159368, 1659023261043, 1659040063164, 1659101585198, 1659104012771, 1659125001831, 1659383239364, 1659383932606, 1659384198933, 1659384497648, 1659385086197, 1659446281866, 1659446411215, 1659446520540, 1659462254125, 1659468064974, 1659470489611, 1659470783299, 1659531497136, 1659531815942, 1659532154124, 1659535700469, 1659542878245, 1659545053637, 1659548634682, 1659615317250, 1659621857834, 1659627283785, 1659627993434, 1659628438508, 1659628832810, 1659630058206, 1659630131756, 1659707203051, 1659707306163, 1659707586825, 1659707719240, 1659715730868, 1659965783653, 1659973941747, 1659974477834, 1659976961465, 1659977148009, 1659988043970, 1659990908767, 1660051639188, 1660053842754, 1660053924676, 1660054410089, 1660054706158, 1660054819905, 1660060028402, 1660063586602, 1660065247612, 1660065634155, 1660133935551, 1660135614035, 1660135733901, 1660136004134, 1660136408743, 1660137047619, 1660138695375, 1660222588275, 1660233012027, 1660233092553, 1660233169256, 1660238917125, 1660239891221, 1660240542695, 1660241065442, 1660245634667, 1660247251961, 1660249488780, 1660306979453, 1660307050161, 1660307484057, 1660307815588, 1660308279497, 1660318297251, 1660320568945, 1660326974260, 1660327944858, 1660330354412"
2e8c07968c103b93fe35cf42af67eabda9c19737967a89a913a128cc2ee7b586,Logged,357,"d6620ce8-945f-4924-9b67-8bd3bffcdb7f, 1e4295f6-5f1c-44c5-a262-1f8aba41a11e, ff7421ee-fc6f-4c5d-846a-1143fae40832, 35d595bf-b3fc-4ca1-9f2a-4f4f4f21494b, 3b3cc2b2-2ae4-46bf-8940-f6968a7aa355, a0ac3fcd-17be-442d-a628-87e0877a920e, 96395e02-a09d-4465-9d21-95b45279008d, e857c50c-b9e5-44c4-8aae-353b3daa2ff3, 8dc6e0e4-4d5a-43dd-b524-b31200d7bcb6, a1c96be2-5708-4bb3-861a-659123ade1cc, 62d39539-c06b-4d3c-83e2-857c2c08980a, fce0c1b2-e292-4a82-aa16-2e503b8d5e28, 8a03b9a5-7ba6-4a24-aac5-431e326222b0, 161b64de-10d1-4b80-a647-9e616689a3d6, a36c98b5-f159-48f8-9f5a-1fc6ea9956c8, 24442894-710e-41ad-b3d8-401b45df157e, c20d9fa5-09a7-4050-b45a-5f50ee5daa16, 484cc155-e680-495b-aafd-6933c2e24669, 20e02aa4-2f12-4deb-ba80-b0e0f606ce53, 3ebee669-d004-4311-bd64-46b32472bcaf, 8853cb1b-4c6d-4ebb-be06-53b449052e61, 53257f51-693c-4504-ad25-efaf547fc669, 0376d7a2-bb76-4c26-9cb8-c400d13d2a5a, 639e5dd1-a631-496d-bc43-5e794e7d01a5, efbfc881-c716-4b06-8dcf-bb78d200e69d, 1fcdef39-894c-4799-bcf6-71656e87f668, 28335b8b-22bd-4d18-8b46-29e410bed4f3, f5217103-20bf-4221-be41-7fa0031e4e1f, 0c6490b9-0c2d-4889-a13e-cf4ea433bdbe, 2845bcc4-0200-4bb2-9f9a-f699fe68b391, dd2fa2a0-d6c1-4905-b0b0-10b6cf18713f, 14e06cce-9ca3-48e1-9356-815b7abe51b8, 974b62e6-a349-4b6f-a026-fc1c79807178, c10ec17c-22c4-4c05-ac7c-4cc1f55f86d0, 894eedfb-575c-483d-b460-b961c196e440, f08205ca-cc2d-4878-b419-5e55772218ae, 62d16c70-7043-4ba9-bd0d-47ce7cab2d32, f1105459-41a0-4179-b241-50fd93d87c72, b3469417-34ec-4b6f-898e-0b627673d833, 324741dd-30fc-42b2-8a93-14c2a3565e7e, 6614a114-1535-48ee-b254-e7bc901de8ec, 0d54fa28-6771-4c0d-820b-1468cf56c9da, 88e3e30a-0d8a-4249-bb33-235a5f0b28fb, 0159b796-7d97-423f-88d0-675a9c9ece14, 426519b4-b92a-40c0-8e93-acc31c6f83df, 07d1b5a1-73aa-45de-aa07-e5dad255b0fd, 8e3924c7-ba91-4811-9ed7-e58758cb3912, bfa48b73-64c1-4461-a791-d26c67b74e2d, 82c0d94f-e2f6-48e4-b12c-1277ae1250e7, 178158a9-f4de-4b6a-94ca-c8a3fdeabdf0, 3568df8e-cc78-44de-91ea-0003fa6faa27, a9474aeb-b6b2-482b-b150-7f0ca015593c, c725a9d0-c658-4431-bbe9-5f592b56b990, 0974b963-6d47-458c-97c8-bf0cecb8f4ce, 96b3423e-f82a-43d7-afa5-760e75801ae3, 8540129a-2ab3-4dba-b19f-a5105d72896c, eb6650e1-8dfe-4ce3-9359-f0f212bae3f6, 833f6999-e69f-4538-b7b4-bb1cb674109d, 36a8d7e9-ef37-431e-920a-860186d499a9, c51f9297-2861-4446-8fe2-348c8eee76da, 1efa919d-3a48-4e39-b252-f98d627724b8, da74c3ef-d4a8-476b-9814-29c9866e2650, ce9d4a2e-2045-4d39-b371-d8342147b96c, fbfe6d9d-2a5d-436d-bab9-b32f78660668, 5764788b-6de2-4de4-8d23-d875c8f36487, 42860c58-7d13-4a25-bd58-295c3b14c289, 25d2df03-ec64-41ab-9846-62b210b0922c, 62bd40ea-5428-4d9b-a62f-1e81d19749d6, 4a1bf6e1-2008-40fd-8bf6-3876c828527b, 3cf7811a-7cb8-4e51-9683-b4fd31672580, 2552419e-4aef-492e-a27d-ff5682a5719e, 8f2b95c1-1b17-41e0-b372-9eb12698069f, bd941343-75aa-4dc8-982d-6d66e320cdfa, ed7853d2-bb06-4fbb-9ff6-f23f845829e1, fa1f981b-c561-40b4-afa5-f6d0b3db79e7, 59533aaa-be03-4fad-995b-42de9d23d50c, 52d83acd-36ce-418f-b793-319712066440, 3119e369-9696-4d4d-a6ad-76b08e00b01c, 83021509-bbbe-43e4-b1eb-1d67d23db6fc, 7989d761-ed62-48b9-b685-086401b424cc, f5531f98-8016-4208-944d-dfd5f90b3ec2, 419e6ec9-d9a7-45e7-9303-7e1791f61948, 7f4ddcf1-8717-4838-aacd-b3b74a70ea8a, 82b83200-a949-4e6e-995b-8411f60f81e3, aed76abc-8d3e-42dc-b2ab-2e7b651ea5d4, fe53a6ba-e930-4d24-ae06-d07241c1dfaa, 41e56539-976a-4451-b90e-dc5154468b92, 99266325-32f1-4238-9f17-203a4c8178a7, b1ba3c43-a3b3-4d35-aee1-4e54af04ea07, 2614bf9d-e811-4d0a-afbc-d7fecdb62a82, 71bce4ff-08e6-438f-8b5e-20fd4f8c170a, f55aa8f0-ce09-47b9-8f6f-e7a16a4da4c5, 27342978-53bf-4013-b5d4-85aec62a84d2, 882e7c95-935a-4eab-9ece-f85f5f7d0f4e, 241659e7-2ac2-422f-b99e-b3c8dc65238f, a3a61d9c-3af8-49dc-842b-5e4d0dd0200f, 390f64a5-656f-4ffb-ae3f-1b11b9923e7f, 14c12e4e-dc33-4d6c-bb36-07670b2c577e, b6e2958b-324d-4462-b242-ff992461ba6e, 1036a41e-586f-47d3-8311-4625f93cc277, 0030ff23-b222-449e-af59-626a7838a862, 74644720-cdf8-40ee-83c8-2e24484d46f6, 42ad530b-3cc6-4e74-9f06-e95b21ee3e17, 825e39d7-27b7-4fe2-8475-d6c6d2bf0210, 6dd57f82-7dfe-45b0-8b45-a04c1ddf5d10, 27b7e9a9-012b-4b07-9aab-80ff98df0a40, 6a9dd571-627c-4dc9-a9d4-691f15283a93, 7fb73d4d-a052-4c0c-b932-5bdfe9c246fb, d083a38a-0510-4442-b73a-201770a3042d, 50666f76-8c5e-4a49-af0d-9f65f1136038, 2e5d536f-1e55-4e2d-b73e-c588e76ced08, 9af6489b-865a-418d-9574-b4cfc5a134c3, eb0a2538-55f7-4d58-90d4-53fb322b0ae9, 76b49fe3-a582-4ce8-985b-cdd4c8801a5e, 9dbb6fcd-1c07-4dc4-8061-fffaaf98ef84, 47249b83-a3ef-443a-878d-7d0ee0f0ee95, 720ad64f-7fd1-4831-bbfe-19aea5c321a5, 6b16217b-760d-4e08-8ce6-0c7bf14cae36, d089c004-35bc-4426-93c3-6212876c3223, 3ef490a8-1561-4b47-9e06-c43572f79d3a, 1ffea538-471f-4dbe-bf7c-84acb3dd5fd3, 94502498-11e3-4226-96c8-2d6cb84ebe3b, 216599c7-08e6-4775-8c8e-a04381c286d6, 87f0a6b2-5802-408a-b1bf-995db15e7c2b, 1ca9ab30-60ad-4b14-8a6d-2346ad34439c, 6212a7d4-cb1e-41a1-92f5-feab7e55a457, 3159f239-d356-4868-a36a-de2ef9701406, 7ab0f8da-be4b-4b71-bffb-67301784e1a7, 9474b838-5f26-43a3-bbb7-7d8c16e6adf3, 5f0eb245-b38c-4769-ba9b-d8ebcdf0a638, 505b75c4-0967-441f-b08c-de2e4f029dd9, 28adb300-7adf-4de9-a6f9-95cf3ddfacd6, 518829fc-85e7-4978-be6f-5eb07735d632, 8da4da0f-f664-4856-92b1-5484d94be2f6, bd913f07-e1c5-4492-a1ec-87209cadbdef, 16827475-ffa8-4435-bf51-f9e356e194d8, 4baf6559-4cb6-4f6e-8d6a-11007c17b039, b4500ed7-2f3c-4ac9-9e43-5c79b416480a, bbec3ce0-10a0-4a00-b800-9a7491ceaa45, bbca6b63-fe54-43e8-a837-3dad6faf7bda, 41a3b759-aac3-4892-bbd4-15e96d412d18, 99edb26e-b282-495e-9282-33057456e47d, 157f107c-bf07-4149-a335-3c7e2248db00, 2283d7b7-3197-4927-ba72-a5598b8cbd5e, 942d317c-da0f-41a1-a9de-96e4508943b3, 2b99ea4e-4bf5-4a21-be82-28aa05c3919c, ace3857f-9981-4389-98e6-da867998c362, 96ab0c2c-3351-4015-9ab1-b8b702eb9346, e305ef01-2d0b-4b20-b62d-f368c4db1d37, 52d16f65-717b-41d3-be30-ab99420d27d7, b6700f61-005a-4634-b3f3-e6c8796f960f, 630ddb7c-642d-4c6b-9ac3-54626a7cfa57, e0b087db-5c10-4ddb-8210-f7d7bbed5f43, 0243b9f2-62ef-44e7-b61f-a6e9bfb048db, 4f7db02a-9c1b-4e7c-b5ab-606c6a771acc, e5d4c5b6-eb9c-451d-8971-360789bab5b9, 81f84095-8910-4c97-b0a7-98f6d918d155, 225f2e4d-1ba7-42c5-8f41-b3f461c53211, b1ebe943-7ff6-4937-b104-401b39f98bf8, 68b9612f-efbe-417d-aa4f-633f6fa7325c, d717376c-63fe-4ad3-91a4-1848f859b87c, fa036a5d-1ff4-49af-a9a3-e6ca44c004cb, 6f9cd630-0a48-4149-a332-3a13abbe457a, a9807a3a-b18f-4e05-ba69-da3505a426f9, 2c867194-d15e-4c78-9774-1f25541e0104, 160b4d0b-57e9-4c77-9d54-802c174b5c07, 4fad7f93-52d1-4e62-affe-3a5ba9ff2bdf, 7ba2014f-689b-4edc-9f31-c7f7a1eea1c0, 4700f517-5c5d-483c-81b7-d77aca04991c, a6ab18ec-e32f-474b-964b-987309c61581, deec619f-3a36-4440-811b-45a237e6186a, 828d9c3e-626b-4b08-9e3a-7196cfc1d2f5, c1d8226c-83f8-454f-be16-124e96850563, 7b31215a-f2f9-44b0-93e3-c1e94dc956c7, e7d29372-6787-457a-9565-5072ec3e2a6b, 14792b87-c886-40b8-b68b-b4995ffb7984, b2605b8d-7450-4e13-97b7-97c1f0798461, 97aed53f-9df2-4f9b-bad1-a96a69a25188, 95b95de9-2d1f-4528-88c0-e96b6017738a, 325b6c39-7893-4ed1-bff3-8f38fd66ab36, b4f961e9-5280-4b3c-b9f6-2f6ee193fbe6, 6c7c6659-655a-436d-bd2e-6f3e9f25b7d7, c4691246-af6d-42ef-87c3-3aa1579c9397, 0b72ef9a-1504-40e2-8a74-2065ff1cc0da, e1e1bdf0-5b9f-4011-a7ff-5f462a8ac6f2, 4732274a-23ae-4d46-b51b-e66253260965, 20d96d2a-d9bb-4fd1-a342-cc84761ca439, 69edc7f8-5874-454d-8821-65cd0d383853, 1dc0c4a8-0e13-454d-b3cc-16181bdf727d, ac769801-66c1-4141-918c-c3708b86fe3f, 14f5e977-2f7e-4262-aba3-d9ab91f89509, 08b0a98f-efb0-47e0-aa21-01ad85197fb5, ae1d52f1-343b-4d6d-be48-0eb2aeadb82d, 85b1400b-1e38-4db0-be60-e639581d4d5f, a0072c2c-5707-465d-af73-9f78287974cf, 646b8345-5dc2-4454-ac4e-fd544b9b40db, d43ac1ea-ac98-44ba-818b-c0982dd43b14, 67cd8b44-d5aa-4a0e-b7cf-2f952166c4e5, 665ee897-3e82-4869-bbc0-bb595672d1ca, 782b6852-d44a-48fc-ab55-27193674b705, 539234fe-14f5-498b-9776-27042ce4a6af, 12c44ec3-3624-4c0d-990d-27c38e7a5848, b39bb40a-9767-4d05-b6fa-fceb1594c8ea, 52194b1f-7d4e-45bd-abc2-4f6dc60d4bd6, b0d30ad8-9e93-4222-8fd8-e797e6beab18, 6da0e633-6a00-4d80-aae4-65c2e0ffea63, 228ea596-5a05-46f4-8538-fb9014e45f2d, 747c4b27-9e2b-46d3-9d85-03d34a31fdd8, 8d1219bb-4e30-4248-b34c-57f4014732dc, e54e3c18-719a-4caa-a993-6128c70632b3, 75dbcfac-8ecc-46df-8aa8-b78283e35b6f, ed88033f-6090-425b-aed6-ac76b56edc6c, 5e0b3d5a-b585-4279-9835-ca584617a116, 3cd774c5-4929-488c-9b01-c86bdece9063, 42045a5e-1bb3-4963-994a-845d326684a3, 67b1ff13-9bd1-457c-92dd-ba4160586db8, bd671dfa-c0e1-4d19-9842-2aecda7df722, 0e8c2624-a039-48ac-8d5f-f1482ea5b36e, 55cc26d5-3f69-4f90-8686-058e9bfcb2c0, c93d076b-220a-4781-a9b1-2acc55e53fcf, b2543715-4744-4983-991b-7692e2062de1, 6267aa03-9f56-48dc-8d1f-cadbd31c73f0, bf7fc6c4-88e5-4fc2-a6a1-f8177974684c, 118db624-a717-49e1-8c32-709271b8c127, c7c70809-d617-40a3-99a0-a95c87679acd, 62e55ac8-3288-47d7-b31c-b6ed0fb440c5, 96cf1784-a2f6-4ce1-b2f2-1db480b6baa2, 373e469c-dde2-4e2d-a824-6c2a30157bd4, d3aca723-1301-40a9-a0e7-b757272ba088, 78429dda-25e4-4492-abc5-81f975836e5c, f2c2e1e1-be4e-49f2-945d-c946092486c8, f0e48d3f-4afb-458e-8fca-ae2a6d58279b, 8eb69d71-97a2-4d47-b7a0-2983127ffc38, 6d69c12c-c420-476a-b7f5-82b29b38726b, 781c4bfe-9c5e-4b19-9416-f9b18b8df697, e92f5c4e-f16d-476f-aa91-7f4aa91a2bce, 176e4689-ed42-4cdb-8ea8-b5ae4c64edc6, 0b64d1c7-ba35-4553-8000-ba5ce9082636, b7b9bc1f-6010-46a8-82b5-a6d656e92b9d, c7833a82-2673-48a0-9147-25eb59659bf6, e80a8f04-f5ec-4340-a19b-3ea8cc829fc3, 73c414d2-2cbf-4331-bfd2-ad37037fd985, b0a6a2c4-c203-40f9-8aa1-21036dccb55a, 3ac0f1e4-567f-4a82-83ed-36884050d84f, 7a57add4-4029-440d-b015-4bc20a9d61e1, 6c39ddbf-3de9-4868-930a-3fe66e07c54b, ffd0cd8b-3941-4ac0-abfc-373d5c46d8e0, 0e3e3ffa-b024-4237-a511-090a1c509c0e, a512273b-d90d-470d-ad9b-88c7ffee4916, 8108d65b-306f-45e6-8b65-a2db6c79cd22, 5f86c9fc-8b44-4ec3-b464-aea49ca1018d, aca5cd75-b244-44c3-8667-32ab34d0d369, da280667-1c2f-4a54-b165-db837dc4705d, aae1f94a-f25c-4b89-aac6-26dbd2501d0b, 8d558e23-c901-4fc4-80f8-1bb4423b4d7e, 3178d743-ecbe-4173-b4ed-20ec150738e8, ae84853b-b205-4346-b4c5-7561a22d236d, 54457774-e661-483f-bffd-059f8cde1226, 7f1012d3-ae67-4721-a3b9-fa3cce10e564, e1420ceb-e107-4cc0-9188-d750e1789755, 325c32ad-fbfe-40ba-b7a6-e0e1df7452e1, 318d3b89-3905-4a25-9f6e-75f7f266c610, a51d0916-cdcb-4a7e-809e-d6ffd780e6a3, 0c8fc877-f912-4660-92f7-ec739c1c4def, c96555a2-3623-476f-b60c-ab9d2e7f638c, 99046129-d852-445c-9e6e-e140ec99b5e6, 5e6c6949-70d5-4954-b7dc-8e1b53129af0, 52905e7d-517b-4eaf-a115-32a4621cde0e, 5a33dea6-184d-4c49-97fd-d2207304e702, 0b20c79a-b468-403f-ace8-fa3270013d3f, aa47aeab-2062-4a76-8244-7366f7cf28ca, 02740fa0-99f1-4fac-abf2-f6bff3a958c4, ede95e4f-0ad3-425b-ba06-c72f280c7260, b8253ab7-0693-4676-a6c6-70197a950c1e, 2bd5bebd-88a3-43f8-886d-2f8b9956d6b8, 1a442b88-021e-49f8-951d-8756581da462, cf0f8724-f813-4dfe-ba1e-2ce0a0e80a7e, 52035cb5-6d60-48b1-9fa7-23d46b8232d4, d1b9ae11-c887-47a2-b478-281e897a6e85, 54e1d9bf-8d63-4976-bc16-968e432d3d5e, fb9a5db1-11d4-45db-955f-63af7546be91, 2f9cc6b6-eb24-4227-b987-6f7c37eb5d90, b6c0e5e1-63da-48ce-8565-0b5b4d710dd9, 77493578-e0bc-4b42-ad2f-c169de5713a3, 6402a396-994c-4d8c-8dca-b1b60eba6d28, 9ea2aa23-a32f-4f57-a122-87fd36926277, d066da06-29d8-4494-b143-e2dda6509f21, 371e6101-8ef1-4cc5-bd3b-51f0a1652c8a, 127227e7-7858-48b0-9b84-6d7fa30fe9cd, 87421f2a-927a-4439-a727-e91c27a3be0c, cf0cc685-00ee-468a-bd3a-af004ca7d51d, ddef7f23-d8d1-4410-b533-a22b66d86472, 886f5790-1d4c-441c-a7cf-1e30b0da957a, a9466ce5-0cc8-4cad-96f3-fa3de8becf7e, 79e8595b-3c0d-4c30-a805-d6cc46ce5e1f, 40e314f0-25c5-4b50-b607-d6304317f000, 4ca27cc9-7570-4067-a54c-c77aa2150643, 59129cc7-fdfe-4ee1-b26d-62616d7d7922, f707ac7e-7fa5-4244-8b20-3ff91a0d8243, 2f25edd1-16a8-4fa7-bf4c-6073bca7ddc3, 0cf83722-6ec4-4d0f-a05a-5802f641a491, 98602994-55f2-4d03-9759-32266a08da98, c9e4d2d3-240b-4d7a-912a-91269a542116, 0f54f47e-928a-4740-af22-7cba176f0dd4, 8cc1f69e-53f4-4cb7-ac26-75fb002ed2a9, 265edf3a-2237-435c-8562-a262fe91ff31, c1e067f7-535b-421d-a46d-fa922821be62, 766281d9-c4cf-4bf5-b82e-374305ec7095, 1c511f6b-e885-41ca-ac41-e264013d5dab, 115ade20-a6a7-480b-894f-8b31c71a6811, 5036d7f0-10a2-452f-9475-4aae0d150157, 9a5c472b-2743-4a2c-ba81-c3f98e8b0b37, c398d9e4-7cd0-4c4b-ac82-d22e185981b3, 2c5f6e17-0964-4a55-acd1-373dfe8438b4, fbd1dd49-1bcd-4d0e-a1ed-e72188bb2641, 43ff244f-16d0-4836-92d2-221f5ba28ca7, 1683eb45-0271-40ba-8c47-67e47dadb941, 7db50ab0-83c7-4be9-9c4e-d619faacfcf3, c21004f0-4d4b-4882-8718-e1d6d276b175, aad6ff91-98bb-4e18-a61f-68d426a9f99e, 99e4d6a5-9859-4e95-86c4-8087dff7a4cb, 94c0d1a7-d1ad-47f5-b1d3-93bede4126f3, a9da989a-c7e6-4645-b912-ee830890801d, 04ba70ec-697f-4966-b985-bf97a54dcb23, 7fbb40bf-955d-4cca-a275-dad27841aa1e, f98bc031-3b06-4d47-bef7-5723c3e1404f, 7ed5b731-6984-43de-924f-bad2461b1d0a, a4abfcca-808f-4324-82c7-683826c9c068, 6732e0d3-f12f-4994-98ca-166292e4cba4, 341c6a41-999c-428a-8ca5-ccec647608a6, f6f96720-b656-47e9-b3c8-cdf85c3ef093, 39df5cf2-3ac1-4020-a9ca-a4cb7a19a96b, 7b0e7386-a85d-41c1-be1f-2b1d0e0d428d, 1eb24074-93b3-4d71-8e25-8cfccc2838b0, 0f0a4a2d-442a-460f-ad91-7d52d0d2df0b, 17297d6c-03c4-4b14-9725-fb61ebffdf7e, 8aaddd1f-8b5e-469d-9051-2cdb847bd0b0, 077fc297-70f5-4792-9f0c-607827e64991, 497e02ae-05d8-468f-84b6-47006d30b8a0, 7e35e7ac-4d36-4ad1-b28c-6f9d5b2fc674, c041f6d7-df78-40ee-8832-6772a0db14bb, 9d0ae827-ba46-4f52-9d79-ad778d22d7b1, 5995e72e-deed-4d5c-b56b-d21417f78434, bb1c8f56-c907-4a5d-8767-2ca9ed90dd89, 125e6ed8-4540-4189-b33a-38fda9990818, 64e763a0-e086-4c41-b578-e72041d3da7c, 0f410dfd-48ae-481d-9cb4-d1795c6f3b24, 06b9bb78-df0e-4abf-9488-a03e64d96c30, 63381453-0bbd-46a8-8865-d114594a60b5, 04eb9128-21d2-4584-b560-b51de4d0a9a9, 54bf8af3-e3be-42c5-a48a-6e5e230bd45b, 9e83ab48-e3fd-4111-8161-17813ace1c65, ab177e10-1f9b-46d9-b845-36076ccfdb7a, ed2b2eea-e01b-48d7-8064-4a92bc5e21aa, b7c15068-e46e-4ca1-b50b-234e9909527b, 669e3039-17d5-40fc-a31f-d0369b6daad0, c032945f-3db4-470a-b001-284309f5430d","1656696126861, 1656696699259, 1656696707511, 1656697138530, 1656697144774, 1656697151736, 1656697157006, 1656697162295, 1656697990600, 1656697997452, 1656697999329, 1656698123850, 1656698131658, 1656698145995, 1656702039653, 1656702040914, 1656706398556, 1656713222261, 1656860863822, 1656866815105, 1656867417346, 1656867446771, 1656867682845, 1656867687152, 1656867793934, 1656867801158, 1656867904596, 1656879661999, 1656881366469, 1656881411719, 1656881642929, 1656882673648, 1656966325797, 1656970672026, 1656970683288, 1657049753177, 1657051884558, 1657128694974, 1657140273534, 1657220229750, 1657226494687, 1657238590817, 1657302075195, 1657302094085, 1657316241076, 1657316270965, 1657316276584, 1657318949363, 1657331684450, 1657560007330, 1657561032842, 1657563238523, 1657653092731, 1657662759853, 1657664238294, 1657742472851, 1657742748792, 1657743873329, 1657743976901, 1657761920874, 1657764123197, 1657764669181, 1657825755345, 1657837352625, 1657915663935, 1657915802841, 1657919466101, 1657936193938, 1657937488811, 1657976788565, 1657979515246, 1657979554448, 1657980873664, 1657982803015, 1657984700506, 1657984773251, 1657996620688, 1658005602944, 1658006260707, 1658006507059, 1658012193915, 1658016342306, 1658064418343, 1658065117372, 1658065357399, 1658065419914, 1658065473470, 1658067210505, 1658070164255, 1658070358565, 1658074400790, 1658078651981, 1658080453206, 1658085525243, 1658089020410, 1658166795670, 1658167004492, 1658167009983, 1658170509126, 1658170511042, 1658170513686, 1658170515203, 1658171385569, 1658171388287, 1658171391663, 1658171393674, 1658171740179, 1658171742731, 1658171747607, 1658172156133, 1658172177246, 1658177830815, 1658178459368, 1658179684860, 1658181256088, 1658184195811, 1658184206894, 1658190252117, 1658252862475, 1658252874476, 1658253236669, 1658253244159, 1658253251958, 1658253254336, 1658253262411, 1658253835191, 1658253837454, 1658253841312, 1658253844742, 1658254125719, 1658254131947, 1658254134102, 1658254409890, 1658254805637, 1658256526658, 1658258692173, 1658263648083, 1658269340681, 1658269677580, 1658269717647, 1658269751728, 1658269827861, 1658340389246, 1658340389661, 1658340389710, 1658340389877, 1658340393635, 1658340393880, 1658341859798, 1658341873834, 1658341876711, 1658341879453, 1658341884544, 1658341886981, 1658341898902, 1658342162931, 1658342170440, 1658342175537, 1658342182948, 1658342415091, 1658347302366, 1658349257322, 1658350359978, 1658359736127, 1658359915552, 1658424014401, 1658424057795, 1658424939645, 1658425236519, 1658425424565, 1658425715234, 1658425721405, 1658425727472, 1658425732737, 1658426395003, 1658426407381, 1658426408987, 1658426410231, 1658426794809, 1658426799060, 1658426801589, 1658432670621, 1658432881710, 1658433404741, 1658434875974, 1658435896867, 1658438482577, 1658438718146, 1658438761919, 1658510502841, 1658510624288, 1658510629417, 1658510638829, 1658510683236, 1658510961778, 1658510966210, 1658511123231, 1658511125575, 1658511127621, 1658511517699, 1658511518674, 1658511525588, 1658528819995, 1658529223867, 1658530989535, 1658531872693, 1658537772951, 1658672272040, 1658682274341, 1658683628507, 1658688042186, 1658688265327, 1658688350836, 1658688354673, 1658690742699, 1658769195344, 1658770190865, 1658770209658, 1658770212198, 1658770213081, 1658770762052, 1658770768519, 1658770768528, 1658770988005, 1658770989091, 1658771000572, 1658785964492, 1658870655939, 1658874366912, 1658877141142, 1658884700159, 1658884754883, 1658884824411, 1658942820971, 1658942839993, 1658944895135, 1658944930056, 1658945054718, 1658945059483, 1658945059652, 1658945267953, 1658945270264, 1658947284046, 1658947403514, 1658947463511, 1658947476391, 1658947485411, 1658947524328, 1658947540890, 1658947549197, 1658948273569, 1658948469042, 1658948602913, 1658949069317, 1658949114490, 1658950243401, 1658950703864, 1658950767318, 1658953310565, 1658955761137, 1658962443103, 1658967006239, 1658967793886, 1659031232870, 1659033098971, 1659033102977, 1659033112637, 1659033535005, 1659033537069, 1659033545609, 1659033745800, 1659047647869, 1659117366956, 1659117367217, 1659117367597, 1659117372735, 1659117373298, 1659117954124, 1659117954662, 1659117960235, 1659117960602, 1659117968406, 1659117971418, 1659118244846, 1659118246351, 1659121858514, 1659123321925, 1659133481739, 1659379929343, 1659380019870, 1659380099834, 1659380102334, 1659396507471, 1659399894563, 1659461865477, 1659461897706, 1659462328571, 1659463114794, 1659463157777, 1659463162428, 1659463178368, 1659463183264, 1659464093950, 1659464105416, 1659464242067, 1659472116518, 1659477333669, 1659483069151, 1659483098354, 1659550598521, 1659550806235, 1659552229859, 1659552416139, 1659552418592, 1659552425308, 1659552428162, 1659552626961, 1659552640792, 1659552643441, 1659552643711, 1659552659434, 1659552659593, 1659552991502, 1659555617653, 1659568877086, 1659579771370, 1659633452806, 1659633456904, 1659633458102, 1659633667952, 1659633738893, 1659633741645, 1659644664140, 1659648882348, 1659657515445, 1659721422461, 1659721712213, 1659722247411, 1659726300756, 1659799026510, 1659818365195, 1659888002835, 1659894989808, 1659904830166, 1659981811813, 1659988850579, 1659996722996, 1660076770031, 1660077311186, 1660077349036, 1660165115786, 1660169413911, 1660241310940, 1660248646469, 1660326344101, 1660339739715, 1660350071970","4, 4, 4, 24, 3, 4, 4, 3, 8, 5, 4, 4, 5, 4, 3, 10, 0, 3, 35, 4, 3, 12, 3, 3, 3, 3, 4, 0, 14, 0, 0, 4, 0, 0, 2, 0, 14, 0, 0, 1, 0, 7, 0, 0, 6, 0, 0, 0, 0, 0, 0, 2, 0, 1, 1, 0, 0, 0, 7, 0, 1, 1, 0, 0, 0, 0, 0, 0, 1, 0, 0, 1, 0, 1, 3, 0, 0, 0, 0, 0, 2, 0, 6, 4, 10, 3, 4, 3, 0, 0, 0, 0, 0, 0, 0, 54, 0, 0, 3, 3, 3, 3, 4, 3, 3, 3, 6, 4, 3, 0, 3, 11, 4, 13, 0, 4, 3, 0, 6, 0, 4, 8, 5, 4, 3, 3, 6, 3, 3, 4, 10, 5, 3, 0, 22, 0, 15, 4, 2, 3, 1, 0, 0, 8, 4, 3, 3, 3, 6, 3, 3, 4, 3, 4, 0, 4, 3, 5, 3, 9, 8, 15, 1, 0, 2, 6, 17, 4, 0, 3, 3, 3, 7, 3, 4, 3, 4, 5, 4, 0, 4, 2, 0, 8, 0, 0, 3, 1, 2, 11, 4, 0, 9, 7, 3, 0, 5, 5, 6, 5, 3, 3, 3, 14, 0, 9, 3, 1, 8, 8, 4, 0, 3, 5, 0, 1, 4, 4, 3, 3, 3, 3, 4, 3, 4, 0, 1, 0, 3, 0, 3, 0, 0, 4, 2, 1, 4, 4, 4, 3, 3, 3, 21, 0, 0, 0, 0, 4, 0, 0, 30, 0, 0, 0, 20, 1, 0, 1, 6, 0, 2, 2, 0, 1, 4, 5, 3, 5, 4, 6, 3, 0, 10, 3, 4, 3, 4, 3, 4, 4, 4, 3, 3, 3, 3, 1, 0, 0, 1, 1, 0, 0, 0, 3, 4, 4, 3, 13, 3, 3, 0, 6, 3, 3, 3, 1, 0, 0, 0, 5, 38, 3, 6, 3, 3, 5, 3, 4, 3, 3, 4, 5, 3, 2, 1, 2, 3, 4, 4, 3, 3, 8, 4, 0, 0, 0, 1, 0, 1, 0, 3, 0, 1, 0, 0, 0, 0, 0, 0, 1, 1, 0, 0, 0, 1, 0, 3","40113, 10000, 10000, 77955, 11903, 10000, 20000, 10000, 69243, 10000, 10000, 10000, 10000, 10000, 9002, 91735, 30000, 20000, 100000, 44394, 22903, 122415, 11284, 12140, 20269, 12147, 18597, 20000, 291778, 10000, 10000, 12519, 60000, 18349, 11202, 50000, 51226, 10000, 87293, 70994, 40000, 91283, 10000, 14722, 67733, 18839, 10000, 21642, 35400, 50000, 13313, 39794, 70000, 37253, 9423, 9304, 6081, 8107, 56673, 44513, 58517, 11715, 9979, 10000, 10000, 11811, 51528, 15717, 20000, 50000, 26829, 20000, 11416, 62174, 14954, 41905, 20000, 89484, 20000, 10000, 60992, 10000, 79735, 10000, 10000, 10000, 10000, 13290, 10000, 67239, 10000, 308903, 17998, 5804, 50129, 153535, 20000, 10000, 10000, 12745, 10000, 19452, 10000, 10000, 8288, 10000, 10000, 40000, 10000, 18615, 10000, 30000, 46310, 39943, 10000, 15936, 10000, 10000, 22740, 9985, 10000, 50363, 68148, 10000, 9218, 9481, 28733, 5929, 14360, 10000, 10000, 10000, 10000, 20000, 110204, 23571, 240163, 10000, 38718, 108947, 72457, 19635, 10000, 10000, 10000, 13878, 20000, 20000, 10000, 13851, 10000, 10000, 14981, 10000, 5380, 10000, 12307, 10000, 8346, 10000, 11919, 37826, 10000, 10000, 20000, 30000, 129876, 29873, 34446, 9838, 10126, 8885, 10000, 14702, 20000, 13441, 10000, 10000, 20000, 10000, 10000, 41339, 24846, 124299, 10000, 10000, 10000, 40244, 114779, 30000, 21908, 10000, 20000, 20000, 11323, 11160, 10000, 10000, 10000, 30000, 7369, 10000, 130184, 110000, 20000, 54598, 40000, 98662, 83258, 107006, 47559, 12139, 9676, 35959, 10000, 20000, 10000, 20000, 10000, 13456, 7664, 10135, 10000, 10000, 10125, 8524, 131660, 30000, 21894, 20000, 52837, 33987, 13683, 30000, 24243, 14285, 10000, 10000, 12105, 11982, 11584, 11485, 90847, 11562, 5512, 10000, 6344, 13450, 10000, 20000, 94654, 23063, 23791, 7776, 63134, 14493, 13480, 14726, 177556, 20419, 10000, 5453, 10000, 83702, 10000, 32612, 12863, 10000, 10000, 10000, 10850, 30000, 48295, 13192, 10000, 10000, 10000, 10000, 10000, 14933, 10000, 10000, 10243, 8502, 13933, 97642, 10000, 10000, 47211, 30000, 10000, 30000, 100130, 90000, 40000, 20000, 30000, 140000, 10000, 10000, 10000, 10000, 10000, 10000, 20000, 40000, 10000, 30000, 10000, 28595, 60000, 14666, 10000, 10000, 12204, 10000, 10000, 10000, 11689, 8709, 10000, 17254, 13154, 37980, 30000, 20000, 42396, 10000, 10000, 13075, 20000, 10000, 30000, 10000, 10000, 10000, 35824, 5845, 30000, 30000, 118770, 18003, 59672, 10000, 30000, 20000, 28410, 60000, 10000, 40175, 122094, 9922, 10000, 9409, 20000, 10000, 32581","23.58, 8.35, 19.42, 33.89, 11.07, 9.92, 12.23, 8.79, 38.27, 13.54, 12.26, 9.29, 22.39, 4.48, 10.54, 59.93, 31.61, 17.43, 37.7, 21.22, 6.75, 16.5, 11.06, 12.34, 6.98, 10.84, 10.13, 39.82, 37.59, 5.13, 18.88, 37.92, 27.46, 7.99, 7.73, 35.88, 47.7, 29.76, 43.4, 15.9, 27.98, 57.26, 18.5, 40.78, 7.94, 11.88, 19.25, 23.36, 14.0, 45.32, 47.71, 24.71, 54.34, 13.47, 8.68, 5.76, 13.3, 11.09, 22.52, 12.17, 10.63, 26.06, 18.83, 6.52, 7.87, 17.29, 17.66, 20.73, 27.18, 29.32, 30.54, 9.69, 26.91, 11.51, 20.94, 15.58, 14.28, 38.82, 21.17, 7.5, 16.86, 9.06, 31.82, 9.17, 10.73, 12.47, 13.42, 14.46, 8.61, 17.8, 29.52, 44.71, 54.39, 9.9, 33.1, 23.77, 14.3, 23.68, 10.02, 8.95, 9.67, 12.78, 12.03, 12.19, 12.06, 9.96, 12.45, 11.14, 8.35, 8.52, 6.1, 18.93, 14.71, 12.86, 16.83, 13.78, 9.01, 11.72, 10.35, 30.02, 13.1, 25.31, 16.66, 11.12, 9.69, 6.9, 5.26, 9.37, 9.52, 12.45, 12.53, 12.44, 8.39, 35.36, 14.25, 14.86, 59.31, 11.82, 38.54, 51.47, 32.95, 55.13, 11.6, 10.54, 8.68, 9.76, 9.23, 8.78, 11.71, 8.18, 10.05, 13.56, 6.91, 11.19, 9.68, 18.66, 10.27, 6.22, 7.64, 7.58, 20.61, 36.03, 20.6, 11.45, 20.96, 5.57, 21.27, 14.95, 29.47, 11.48, 8.19, 9.1, 10.4, 9.62, 17.27, 10.42, 10.77, 10.53, 5.31, 3.95, 6.89, 15.25, 26.66, 22.85, 10.9, 11.78, 7.23, 63.17, 20.05, 7.25, 25.03, 8.29, 11.25, 12.11, 9.55, 6.36, 8.98, 10.77, 10.2, 13.25, 12.21, 8.67, 26.95, 34.35, 8.43, 14.16, 15.04, 35.95, 20.85, 8.0, 11.55, 10.47, 11.51, 10.58, 25.87, 17.85, 8.55, 34.76, 7.46, 10.22, 9.62, 9.97, 19.24, 12.71, 12.63, 33.81, 33.58, 19.76, 14.18, 10.92, 18.72, 56.54, 16.15, 25.16, 9.86, 16.78, 16.02, 20.79, 7.8, 7.17, 11.05, 11.31, 54.29, 19.89, 22.09, 22.62, 20.38, 9.65, 9.82, 15.59, 30.81, 26.51, 40.71, 15.96, 27.38, 19.43, 47.84, 28.16, 53.09, 63.03, 4.93, 9.39, 21.16, 12.64, 17.33, 21.45, 12.08, 7.69, 23.06, 12.0, 10.72, 33.35, 27.59, 11.34, 9.9, 12.39, 10.52, 10.11, 12.02, 13.75, 14.76, 12.05, 12.31, 12.35, 9.73, 32.02, 13.1, 8.81, 13.66, 8.51, 9.57, 2.65, 16.82, 41.25, 6.44, 9.3, 7.34, 6.16, 11.75, 10.2, 9.24, 9.8, 11.97, 13.68, 8.18, 28.01, 29.17, 29.46, 9.16, 33.49, 20.4, 9.31, 9.78, 9.96, 13.53, 10.8, 11.46, 13.91, 13.43, 13.19, 10.55, 11.88, 10.44, 8.81, 34.26, 29.33, 32.17, 14.54, 22.39, 12.87, 18.41, 13.92, 9.51, 13.14, 5.48, 15.5, 9.39, 9.69, 21.62, 12.95, 26.24, 17.17, 23.5, 12.63, 26.59, 30.68, 45.4, 71.72, 10.0, 9.99, 60.75, 30.16, 12.57, 7.26, 8.69, 14.0, 9.48","2, 1, 1, 2, 1, 1, 1, 1, 2, 1, 1, 1, 1, 1, 1, 3, 1, 1, 2, 2, 2, 7, 1, 1, 2, 1, 2, 1, 9, 1, 1, 1, 1, 2, 1, 1, 1, 1, 1, 2, 1, 4, 1, 1, 6, 2, 1, 1, 2, 1, 1, 3, 1, 1, 1, 1, 1, 1, 2, 2, 3, 1, 1, 1, 1, 1, 2, 1, 1, 1, 1, 1, 1, 4, 1, 2, 2, 1, 1, 1, 2, 1, 5, 1, 1, 1, 1, 1, 1, 4, 1, 2, 1, 1, 2, 5, 1, 1, 1, 1, 1, 2, 1, 1, 1, 1, 1, 2, 1, 1, 1, 1, 3, 2, 1, 2, 1, 1, 2, 1, 1, 1, 1, 1, 1, 1, 1, 1, 1, 1, 1, 1, 1, 1, 2, 2, 1, 1, 1, 1, 1, 1, 1, 1, 1, 1, 1, 1, 1, 1, 1, 1, 1, 1, 1, 1, 1, 1, 1, 1, 1, 1, 1, 1, 1, 2, 4, 2, 1, 1, 1, 1, 1, 1, 1, 1, 1, 1, 1, 1, 1, 4, 2, 7, 1, 1, 1, 1, 2, 3, 1, 1, 1, 1, 1, 1, 1, 1, 1, 1, 1, 1, 3, 3, 1, 2, 2, 3, 5, 5, 4, 1, 1, 2, 1, 2, 1, 2, 1, 1, 1, 1, 1, 1, 1, 1, 3, 1, 1, 1, 3, 1, 1, 1, 2, 1, 1, 1, 1, 1, 1, 1, 1, 1, 1, 1, 1, 1, 1, 1, 2, 2, 1, 1, 2, 1, 1, 1, 3, 1, 1, 1, 1, 2, 1, 2, 1, 1, 1, 1, 1, 1, 2, 1, 1, 1, 1, 1, 1, 1, 1, 1, 1, 1, 1, 2, 1, 1, 2, 1, 1, 1, 5, 1, 2, 1, 1, 1, 1, 1, 1, 1, 1, 1, 1, 2, 1, 2, 1, 2, 3, 1, 1, 1, 1, 1, 1, 1, 1, 1, 1, 2, 1, 3, 1, 1, 2, 1, 1, 1, 1, 1, 3, 1, 1, 1, 2, 1, 1, 2, 3, 1, 2, 1, 1, 1, 1, 1, 1, 3, 1, 1, 1, 1, 2, 1, 3","1656696126861, 1656696699259, 1656696707511, 1656697138530, 1656697144774, 1656697151736, 1656697157006, 1656697162295, 1656697990600, 1656697997452, 1656697999329, 1656698123850, 1656698131658, 1656698145995, 1656702039653, 1656702040914, 1656706398556, 1656713222261, 1656860863822, 1656866815105, 1656867417346, 1656867446771, 1656867682845, 1656867687152, 1656867793934, 1656867801158, 1656867904596, 1656879661999, 1656881366469, 1656881411719, 1656881642929, 1656882673648, 1656966325797, 1656970672026, 1656970683288, 1657049753177, 1657051884558, 1657128694974, 1657140273534, 1657220229750, 1657226494687, 1657238590817, 1657302075195, 1657302094085, 1657316241076, 1657316270965, 1657316276584, 1657318949363, 1657331684450, 1657560007330, 1657561032842, 1657563238523, 1657653092731, 1657662759853, 1657664238294, 1657742472851, 1657742748792, 1657743873329, 1657743976901, 1657761920874, 1657764123197, 1657764669181, 1657825755345, 1657837352625, 1657915663935, 1657915802841, 1657919466101, 1657936193938, 1657937488811, 1657976788565, 1657979515246, 1657979554448, 1657980873664, 1657982803015, 1657984700506, 1657984773251, 1657996620688, 1658005602944, 1658006260707, 1658006507059, 1658012193915, 1658016342306, 1658064418343, 1658065117372, 1658065357399, 1658065419914, 1658065473470, 1658067210505, 1658070164255, 1658070358565, 1658074400790, 1658078651981, 1658080453206, 1658085525243, 1658089020410, 1658166795670, 1658167004492, 1658167009983, 1658170509126, 1658170511042, 1658170513686, 1658170515203, 1658171385569, 1658171388287, 1658171391663, 1658171393674, 1658171740179, 1658171742731, 1658171747607, 1658172156133, 1658172177246, 1658177830815, 1658178459368, 1658179684860, 1658181256088, 1658184195811, 1658184206894, 1658190252117, 1658252862475, 1658252874476, 1658253236669, 1658253244159, 1658253251958, 1658253254336, 1658253262411, 1658253835191, 1658253837454, 1658253841312, 1658253844742, 1658254125719, 1658254131947, 1658254134102, 1658254409890, 1658254805637, 1658256526658, 1658258692173, 1658263648083, 1658269340681, 1658269677580, 1658269717647, 1658269751728, 1658269827861, 1658340389246, 1658340389661, 1658340389710, 1658340389877, 1658340393635, 1658340393880, 1658341859798, 1658341873834, 1658341876711, 1658341879453, 1658341884544, 1658341886981, 1658341898902, 1658342162931, 1658342170440, 1658342175537, 1658342182948, 1658342415091, 1658347302366, 1658349257322, 1658350359978, 1658359736127, 1658359915552, 1658424014401, 1658424057795, 1658424939645, 1658425236519, 1658425424565, 1658425715234, 1658425721405, 1658425727472, 1658425732737, 1658426395003, 1658426407381, 1658426408987, 1658426410231, 1658426794809, 1658426799060, 1658426801589, 1658432670621, 1658432881710, 1658433404741, 1658434875974, 1658435896867, 1658438482577, 1658438718146, 1658438761919, 1658510502841, 1658510624288, 1658510629417, 1658510638829, 1658510683236, 1658510961778, 1658510966210, 1658511123231, 1658511125575, 1658511127621, 1658511517699, 1658511518674, 1658511525588, 1658528819995, 1658529223867, 1658530989535, 1658531872693, 1658537772951, 1658672272040, 1658682274341, 1658683628507, 1658688042186, 1658688265327, 1658688350836, 1658688354673, 1658690742699, 1658769195344, 1658770190865, 1658770209658, 1658770212198, 1658770213081, 1658770762052, 1658770768519, 1658770768528, 1658770988005, 1658770989091, 1658771000572, 1658785964492, 1658870655939, 1658874366912, 1658877141142, 1658884700159, 1658884754883, 1658884824411, 1658942820971, 1658942839993, 1658944895135, 1658944930056, 1658945054718, 1658945059483, 1658945059652, 1658945267953, 1658945270264, 1658947284046, 1658947403514, 1658947463511, 1658947476391, 1658947485411, 1658947524328, 1658947540890, 1658947549197, 1658948273569, 1658948469042, 1658948602913, 1658949069317, 1658949114490, 1658950243401, 1658950703864, 1658950767318, 1658953310565, 1658955761137, 1658962443103, 1658967006239, 1658967793886, 1659031232870, 1659033098971, 1659033102977, 1659033112637, 1659033535005, 1659033537069, 1659033545609, 1659033745800, 1659047647869, 1659117366956, 1659117367217, 1659117367597, 1659117372735, 1659117373298, 1659117954124, 1659117954662, 1659117960235, 1659117960602, 1659117968406, 1659117971418, 1659118244846, 1659118246351, 1659121858514, 1659123321925, 1659133481739, 1659379929343, 1659380019870, 1659380099834, 1659380102334, 1659396507471, 1659399894563, 1659461865477, 1659461897706, 1659462328571, 1659463114794, 1659463157777, 1659463162428, 1659463178368, 1659463183264, 1659464093950, 1659464105416, 1659464242067, 1659472116518, 1659477333669, 1659483069151, 1659483098354, 1659550598521, 1659550806235, 1659552229859, 1659552416139, 1659552418592, 1659552425308, 1659552428162, 1659552626961, 1659552640792, 1659552643441, 1659552643711, 1659552659434, 1659552659593, 1659552991502, 1659555617653, 1659568877086, 1659579771370, 1659633452806, 1659633456904, 1659633458102, 1659633667952, 1659633738893, 1659633741645, 1659644664140, 1659648882348, 1659657515445, 1659721422461, 1659721712213, 1659722247411, 1659726300756, 1659799026510, 1659818365195, 1659888002835, 1659894989808, 1659904830166, 1659981811813, 1659988850579, 1659996722996, 1660076770031, 1660077311186, 1660077349036, 1660165115786, 1660169413911, 1660241310940, 1660248646469, 1660326344101, 1660339739715, 1660350071970"
5028c281532c7a1e165cec51b6248a5d230dd2aece14e649bb55a68aef9458d1,Non-Logged,26,"329abc78-3303-4ef5-bba6-4d0525f7a1b9, 5add4d01-a7d7-4819-a657-e677b24ece4d, f0a78e58-ec7e-494c-9462-fbd6446a9a89, 51112e2c-e687-47f6-840b-9856a58d911b, 98bebdf5-03ec-41d4-9817-8d7d0ea23d72, 7b056bf6-c232-46bd-8903-59145ff7ce46, 27453ffd-5354-440a-a6b1-0b56eb6b6821, e2c4ad80-b0ab-4c14-a7ca-7612afea212b, 12c16275-a716-48b9-b563-38401ac5d08f, 22ed7cb1-0c4f-4d2c-a918-e11b13521c9d, e6bbb32e-35da-4cd9-b76e-61451b94d3db, b50296d7-76ba-4ab6-873e-3254e94056db, e53f2c0e-1f21-4b2a-a76f-0e37cb0a320f, 15281e10-e6bc-48bc-9b1b-94402f83699b, 5ab65f6f-c29a-44fa-b9ef-49d9d4c2638d, f00301ea-a6ff-437d-b83d-f18cc5d1a314, cb324527-6a66-491d-b53c-6a6d7ece566f, 3aa24b23-f415-47dc-ac66-e446c974fa06, 48107c77-f27f-4577-80c9-ec442be3987b, d2748143-a463-445c-9929-374a1e364649, 70f0e50a-efff-4d9d-a0f1-d45abc25b0b1, a57b6c85-c954-4de4-8df1-d1c0a50c84b8, 362d282e-5d9d-4691-86a6-21bcac0703d7, 855d20b7-53f2-4678-a10f-55402d085018, 1a3641be-fa6a-4d72-a5eb-9069686a88ee, 9094038f-a041-4c1b-aa74-43122359da8a","1656862321010, 1656878592870, 1656949001431, 1656962261878, 1656987774078, 1657047311646, 1657108041187, 1657108310685, 1657109981900, 1657649425542, 1657904066267, 1658005970575, 1658177919013, 1658181045603, 1658451565998, 1658593791450, 1658608140742, 1658762983423, 1658781046529, 1658872193918, 1659293503442, 1659373468600, 1659550620402, 1659559670358, 1659715975347, 1659720528686","0, 3, 0, 1, 0, 7, 1, 7, 7, 1, 0, 0, 0, 0, 0, 0, 7, 4, 0, 1, 0, 2, 3, 0, 0, 0","110000, 60607, 13506, 87983, 20000, 107636, 50000, 120000, 130000, 80000, 32433, 23921, 34157, 26940, 32455, 45671, 334927, 130000, 10000, 106626, 99002, 19564, 40924, 31070, 245887, 18776","9.79, 52.34, 10.11, 56.94, 13.03, 19.36, 23.48, 18.62, 18.52, 32.38, 81.75, 50.45, 54.77, 58.01, 57.04, 31.74, 30.63, 64.61, 9.92, 73.47, 47.99, 55.3, 19.6, 35.97, 96.76, 88.62","11, 1, 1, 1, 2, 2, 1, 1, 1, 1, 1, 1, 1, 1, 1, 1, 3, 1, 1, 1, 1, 1, 2, 1, 1, 1","1656862321010, 1656878592870, 1656949001431, 1656962261878, 1656987774078, 1657047311646, 1657108041187, 1657108310685, 1657109981900, 1657649425542, 1657904066267, 1658005970575, 1658177919013, 1658181045603, 1658451565998, 1658593791450, 1658608140742, 1658762983423, 1658781046529, 1658872193918, 1659293503442, 1659373468600, 1659550620402, 1659559670358, 1659715975347, 1659720528686"
1651916a8c8e15c12b7f1640c2e563826c3af5b8ce81d5ed740fb418a428f919,Non-Logged,46,"9263d582-444a-4c3a-a55e-f006938bb7d7, cfb9b1e4-d3cb-4617-bb19-a61111c5167d, 88ad851f-b69d-41a6-81d3-12f354df2e17, 6d2b48fe-1ada-48c9-a508-73e19e83069d, 239430d1-9a03-4b7e-a928-2362102ab641, acda3f2d-9b4f-4618-a45e-0d4d1771801f, b5f038eb-5c86-4286-aebe-e779020fe699, 67f0efc3-ac75-436c-992b-5129b92a3926, 9971bdc4-7a95-45e4-a087-83ff44baa7f5, dc9ee5ed-c266-4a52-9173-7194d792eb33, 57a85da6-76b6-4b94-9802-34c140c21ae2, 358a38f8-fe69-4b27-9329-96ea52f24d94, 62c75a44-c053-4f1f-8cd7-788df09ad65b, 672a2fdb-b734-44b4-9e8c-a3628094b6d7, b182c3ed-17bd-457e-9b60-2afb6b2971f4, 4f0959ce-f316-47a8-9dc8-193a30e5d450, 3c121d67-13b7-444c-b2a4-f3ca494360db, 3ffb80eb-0ae9-457e-883c-d52f57c124c0, 73b9f4e5-3047-4b2a-acce-3232b959c41a, e77ae307-18b9-4174-bca0-afed4139e03c, 97544df2-d05b-4154-a7b6-d2dd8c0a39b6, d2bfebf8-2ed7-4e2f-a6a4-b950486a86e7, 6a83890a-d9e9-4f6b-a6c6-90d031785bbf, 87c871ec-3131-4c6b-aace-121fec3b099a, 2450dd9c-505a-4b7c-9571-fa5074d5e12f, 67e06026-b1a5-4931-9fcb-b374a1329315, 0d409498-1034-425c-a05e-bbff6a66cb45, 8d42231d-9a8f-4bc8-98c7-b5d2eddce1f0, 2afbc516-b359-45f8-a92c-79d43935a27b, b17e2a84-5a77-41f2-987d-dcc48dbcb262, 7d8508f9-2042-4b28-b10f-cbea5a3e30af, 2e3300c6-3a18-4908-b9a9-a955cfcdcfcc, 7966abf9-474e-4190-a9f6-baa5501068a0, 1db5507f-ba78-4c81-96f1-36a4874fca87, 6c617d83-1fd2-422c-9fac-94be9f3ae453, 4c586bb4-f71d-4b39-9df8-e38ac3f632a0, 0909c8f0-8be6-486e-ad86-a81b057550e8, 51fcb534-1b46-44c2-b237-e6b6d774cec7, 7be36af6-8c33-4c5c-83ec-06297eddab33, 1045a19a-a686-47b8-aa54-33c1063613d6, 2b018abc-2f18-4ce7-829b-4d7cc1f5411c, f2a2dcf9-deb2-4349-81a2-4fc536cff031, c7368d79-272c-4412-890d-1a1c4a6b3072, 341c6a41-999c-428a-8ca5-ccec647608a6, ab3b4f81-46cc-446e-a10a-2f234d5937ca, 3709bff1-ccf8-436a-964f-40b6f5ae47bd","1656717009027, 1656717055902, 1656881716028, 1656894991880, 1656949669001, 1656952640522, 1657031925766, 1657031983165, 1657379986206, 1657433821995, 1657484268509, 1657602450175, 1657602516951, 1657688806302, 1657839799139, 1658031280824, 1658095078634, 1658412878492, 1658588976012, 1658642770061, 1658642857468, 1658673040509, 1658753832952, 1658982417727, 1659112023082, 1659150242634, 1659209467496, 1659326014923, 1659541106096, 1659589906515, 1659651896292, 1659673154635, 1659673272621, 1659700382996, 1659742874399, 1659781736650, 1659826791359, 1659843120608, 1659870238387, 1659967236604, 1660014244381, 1660238809766, 1660316007617, 1660325659492, 1660367102920, 1660449911939","15, 22, 23, 0, 24, 56, 21, 18, 9, 17, 36, 12, 13, 12, 7, 0, 38, 73, 121, 6, 14, 27, 64, 12, 23, 51, 62, 37, 12, 20, 22, 23, 26, 94, 10, 64, 14, 35, 0, 5, 17, 35, 0, 42, 11, 24","15488, 32987, 33674, 10000, 50770, 67254, 51029, 23916, 12563, 17559, 50000, 18992, 34206, 19554, 10000, 10000, 80054, 203066, 223628, 12896, 25012, 43536, 141218, 50000, 37263, 91832, 95953, 99469, 30704, 28326, 26920, 60739, 49133, 269003, 30000, 80640, 31223, 68992, 10000, 25576, 30837, 67539, 10000, 65630, 19760, 50000","43.52, 65.8, 60.43, 9.24, 40.6, 61.74, 32.23, 53.25, 37.49, 52.53, 67.34, 29.57, 27.05, 13.72, 67.4, 9.2, 46.62, 35.96, 66.48, 38.59, 54.83, 33.38, 69.78, 18.2, 70.01, 73.39, 58.83, 37.14, 17.89, 49.93, 58.09, 41.03, 58.82, 97.08, 26.73, 93.21, 48.18, 78.68, 8.61, 28.54, 24.17, 62.03, 38.82, 57.8, 30.33, 45.54","1, 1, 1, 1, 1, 2, 1, 1, 1, 1, 1, 1, 1, 1, 1, 1, 1, 1, 1, 1, 1, 1, 1, 2, 1, 1, 1, 1, 2, 1, 1, 1, 1, 1, 1, 1, 1, 1, 1, 1, 1, 1, 1, 1, 1, 1","1656717009027, 1656717055902, 1656881716028, 1656894991880, 1656949669001, 1656952640522, 1657031925766, 1657031983165, 1657379986206, 1657433821995, 1657484268509, 1657602450175, 1657602516951, 1657688806302, 1657839799139, 1658031280824, 1658095078634, 1658412878492, 1658588976012, 1658642770061, 1658642857468, 1658673040509, 1658753832952, 1658982417727, 1659112023082, 1659150242634, 1659209467496, 1659326014923, 1659541106096, 1659589906515, 1659651896292, 1659673154635, 1659673272621, 1659700382996, 1659742874399, 1659781736650, 1659826791359, 1659843120608, 1659870238387, 1659967236604, 1660014244381, 1660238809766, 1660316007617, 1660325659492, 1660367102920, 1660449911939"
43fa8599168bce428698d9659f3637c03d5ce136b2d61861d3e5226a65e99b4c,Logged,4,"5dff8fb2-73e6-4c22-a34f-c367aa2677df, 02e28a66-6eac-4ca3-b5a2-f9da963fce97, 286b8be8-9638-4498-bb08-a4b5b5e964fc, 1e075221-42b8-4f6a-8d73-6ce271a36384","1658028943191, 1658190729708, 1659729843358, 1659806709316","0, 11, 0, 6","6196, 58224, 66254, 12246","15.37, 36.66, 50.18, 8.53","1, 1, 2, 1","1658028943191, 1658190729708, 1659729843358, 1659806709316"
9bc2ebe3563a1a99397915d861e5030c5ea34ca90f535c76192b35260f135ff9,Non-Logged,11,"f019a521-e554-4ee2-98e2-12e891672d94, e3cdb277-ad80-4025-b5de-cd98cc67d23d, esid:conteudo_editorial_g1#materia#https://especiais.g1.globo.com/bemestar/coronavirus/2021/mapa-cidades-brasil-mortes-covid/, d1e67077-22f2-402e-89e2-3a804d1164e6, 529a23e0-baa8-4824-9554-416ceba464ae, e8469190-b257-4f0a-b683-e8eee1c94d2a, b730ef67-6269-46a1-9149-c530baf1b058, 8e0884e2-50ba-44c0-87b9-d64d913288af, 855d20b7-53f2-4678-a10f-55402d085018, 8bd2930b-cc2b-4c1c-9343-d68110694156, esid:conteudo_editorial_g1#materia#https://especiais.g1.globo.com/bemestar/coronavirus/estados-brasil-mortes-casos-media-movel/","1656702553209, 1656766440447, 1656952447046, 1656952476247, 1657369167907, 1657405518351, 1657921670719, 1658151890558, 1658231785025, 1658716649016, 1658970251122","803, 11, 12, 5, 21, 31, 33, 21, 2, 6, 2","1481270, 38326, 25855, 18029, 70405, 119414, 119131, 80000, 6688, 20114, 20000","43.71, 68.66, 47.49, 28.27, 35.32, 84.11, 80.55, 52.8, 33.83, 29.34, 8.18","39, 1, 1, 1, 1, 1, 1, 1, 1, 1, 1","1656702553209, 1656766440447, 1656952447046, 1656952476247, 1657369167907, 1657405518351, 1657921670719, 1658151890558, 1658231785025, 1658716649016, 1658970251122"
06d02f88c5781152e940250a70ff93e2b5426d01e9238b54bca8a6cee3ec2cc0,Non-Logged,2,"1c24f6c2-9aea-4cd4-9b18-c32a6dfa1653, dcc4e019-c073-4f3d-846f-9bbac0b9ba6f","1657567605096, 1660049462389","0, 2","23014, 157821","27.49, 64.2","1, 2","1657567605096, 1660049462389"
c6cbc703ba0c19fa4b12b2ffa73f0283fd8a6362e72046793a15c00189f34a1a,Non-Logged,32,"1f32787b-de2b-49be-8c20-ddaeae34cc22, dc63091e-153b-42a9-a2ed-0bdfddc5816b, 5dff8fb2-73e6-4c22-a34f-c367aa2677df, 8f28e4d1-c4ab-4ce6-8acf-27726b061aa3, 9d598d19-d6be-4c7e-a963-b8fedfa8f24f, 882e7c95-935a-4eab-9ece-f85f5f7d0f4e, 9220d7b6-6427-4d22-a558-a36009b9fe76, 6a83890a-d9e9-4f6b-a6c6-90d031785bbf, a6e7224d-da3e-468f-bc51-26331659e06a, ff777742-9a69-46db-93ca-e8d3b770612b, cc766b1f-ef8d-4643-beab-37634ddf8249, d25521ce-5f63-4856-a454-96abe6b747a6, b954a1b6-d613-4012-8bb5-d60ffb9e94e6, 1be012e3-30c3-462d-ba96-6f89814bcb87, e23c24e7-321c-4af2-8e21-e4eb32d93873, 7ec2c45e-8068-45f3-8f46-251177001afb, 5c3a2afc-895f-4169-8647-7ddbcb61b539, f6b5d170-48b9-4f8e-88d4-c84b6668f3bd, 15281e10-e6bc-48bc-9b1b-94402f83699b, fdab1161-53cc-433f-8c1f-636130bbaba1, 8ce81c16-71ad-4eb4-88dc-d6a85c49dbff, ae6ab95e-0c43-4be4-8748-3eef5711fd10, e06765a8-fc9e-4150-97cd-00fac0c4f192, 5b90df37-0b8b-44d6-abdb-6fad31217c26, 1b7ff567-9910-4c51-945e-aca71a45687e, 6144af8d-bd8e-415b-9cc6-b463c6de4bed, 1045a19a-a686-47b8-aa54-33c1063613d6, 5ad189e3-77e6-4c5e-9eed-8979ba58e283, 037155f4-4db8-4f07-8d0a-3e559605b8ad, 120e8d3d-4bef-4dfe-8128-170c76a6c730, e5185368-70f8-4998-a738-ca22f300da7b, 36dce630-18ec-45fd-b094-ce8b7d3fa5f4","1656684171131, 1656703947073, 1656704072151, 1656944092713, 1656953822023, 1657035682630, 1657131089617, 1657131262811, 1657637908781, 1657638102473, 1657638936582, 1657643233715, 1657724452876, 1658167224513, 1658321656654, 1658337048537, 1658426045007, 1658426146874, 1658426282687, 1658519241840, 1658519307193, 1658519476960, 1658846473284, 1658946495141, 1658946764385, 1658949397328, 1659017613356, 1659123036309, 1659462183094, 1659726503925, 1659727016529, 1660148689734","1, 0, 0, 0, 2, 0, 2, 0, 1, 0, 1, 0, 1, 2, 1, 0, 2, 0, 0, 0, 0, 0, 0, 1, 1, 0, 1, 1, 0, 2, 1, 0","14967, 52306, 57688, 21503, 50000, 73801, 19022, 34986, 85487, 7939, 36117, 50314, 87443, 42058, 48797, 56619, 54823, 89604, 5083, 54576, 29658, 21684, 10000, 59138, 161093, 35775, 90278, 190145, 19809, 108506, 67330, 50297","26.92, 63.99, 33.32, 33.67, 30.48, 47.49, 32.39, 36.58, 30.55, 15.58, 53.86, 24.23, 44.39, 39.73, 36.06, 66.37, 62.89, 42.12, 13.65, 56.92, 50.32, 27.97, 6.28, 41.0, 64.07, 48.32, 35.69, 54.37, 32.73, 50.97, 57.12, 26.26","1, 1, 1, 1, 1, 1, 1, 1, 1, 1, 1, 1, 1, 1, 1, 1, 1, 1, 1, 1, 1, 1, 1, 1, 1, 1, 1, 1, 1, 1, 1, 1","1656684171131, 1656703947073, 1656704072151, 1656944092713, 1656953822023, 1657035682630, 1657131089617, 1657131262811, 1657637908781, 1657638102473, 1657638936582, 1657643233715, 1657724452876, 1658167224513, 1658321656654, 1658337048537, 1658426045007, 1658426146874, 1658426282687, 1658519241840, 1658519307193, 1658519476960, 1658846473284, 1658946495141, 1658946764385, 1658949397328, 1659017613356, 1659123036309, 1659462183094, 1659726503925, 1659727016529, 1660148689734"
0a1a9e529e4691e8624974cd8ef37a5255b20b72cd46eb9ff275ff1b0af34943,Logged,10,"a5bf1aed-215e-4808-99f6-adb203aa505f, 19c1def2-29f7-4a91-b050-1b0b5df029a5, 199523ba-6df4-4ae9-8a7e-de346a8de5e9, 341f946b-268b-444d-8242-637a235b84c1, 39cbd3e9-641b-4f70-bcf6-e3f844fcc982, f5d2a476-c8dd-4ef7-bf6e-8d9016c7f349, b3984824-9eea-4ad9-ae37-b07782ecc313, bd200a85-fdc9-41c3-99a4-2a78984fbc6d, c041f6d7-df78-40ee-8832-6772a0db14bb, 0fb4a667-b6ff-42dc-a0dc-1a247fb6f129","1656683693142, 1656708670229, 1657566229041, 1657813005020, 1657911361935, 1658345840012, 1658515158346, 1658519811583, 1659447571375, 1659459179339","7, 1, 2, 2, 2, 0, 0, 3, 8, 0","180000, 70000, 115247, 215105, 53146, 30000, 101665, 185657, 278793, 70000","62.07, 52.69, 17.04, 48.81, 26.57, 6.5, 56.58, 70.37, 61.27, 35.41","1, 1, 1, 1, 1, 1, 1, 1, 1, 2","1656683693142, 1656708670229, 1657566229041, 1657813005020, 1657911361935, 1658345840012, 1658515158346, 1658519811583, 1659447571375, 1659459179339"
0f9ac45789f5297c451b620f70bf65acdd85e26c6ddf3e253146151ca5eddb09,Non-Logged,53,"fbbd2472-9ee2-4d84-9211-deb431ba8a75, 96d328b9-5da7-4389-a9ac-765e98971ab7, e1a89c3a-1649-486f-a964-ecfb33821e77, 6fc7b610-67c6-40c7-82b0-4cc41f370c35, 385044ad-3876-4188-83fa-f560435c1a9c, 8c37ed33-976c-4100-b831-5a776c7a6716, f8145eec-1eef-4009-ad1c-2668157ae9a1, 4e9c2825-ff13-41ca-8e91-edd848060d19, 4f126ed4-66ca-4379-8779-6afa1b4d1662, a7e9355c-8fb3-4bbf-b1f2-3ff6b64bb31c, 9d598d19-d6be-4c7e-a963-b8fedfa8f24f, 9220d7b6-6427-4d22-a558-a36009b9fe76, 39959832-be7e-4420-94ab-9244f409bfe9, 008d7a48-0864-4202-9a4e-b5d4f3c08e8b, 3936f6c7-3f6c-4205-8cda-3178160b6cd4, f4b9eb2c-5b14-4bea-8281-231355e612e7, a47bc48e-bb0a-4f6e-b11d-fa0a3f372f38, a25c7d73-4efa-457a-8f53-47f5dfd39467, 1c27cf97-b20c-4e40-b1f1-288b721517b3, 7a349b09-badc-40a9-a194-83d959aeb50c, af7fbf78-f10e-40ca-969d-60c0c62f27cf, 6abc4506-9c6a-4801-b5a9-f356963ab62f, 73151e02-dd2a-4509-968e-b9c16ec1c5db, 57615619-0c1d-41fb-8640-ccec5b3add58, 230c8db7-2366-40de-9c3d-feee6687501a, 35e05c24-1d29-498e-81f3-ecc93841c3d7, 7ec2c45e-8068-45f3-8f46-251177001afb, bbdc4612-588e-4b22-ad2a-67211bc20a7f, 7ccdee1e-c91a-4c93-8bca-d671cab1ee1c, 9cb1b65f-7524-4482-8d9a-bc5e05a5236a, 83568c85-7264-4e45-8a2e-eeb246118465, 5c37a504-0ed8-49c1-a6a9-d237d90664e3, fdab1161-53cc-433f-8c1f-636130bbaba1, cb324527-6a66-491d-b53c-6a6d7ece566f, 0c0eff91-58d6-4722-bd47-abc5b58fbf76, 5b90df37-0b8b-44d6-abdb-6fad31217c26, 0b5caeed-ff6f-4b9d-8375-9ad25827a4ae, 148518b5-c324-4882-81a6-678168063a2c, 89fa73f0-4341-4de4-bb2a-e429ef96bd43, 4941e747-acdc-4e51-aa8b-ba3f3ff00f70, 458bf0ec-efb4-4bfd-9446-c80295e6aa87, 0fb6fd92-b0fb-4cb6-9761-51eb5f90c79b, 61e07f64-cddf-46f2-b50c-ea0a39c22050, 01b6dab8-e07a-473f-b789-a2bb201fb835, 7b13a2c4-d748-4fb7-a608-30c292830fd0, 6144af8d-bd8e-415b-9cc6-b463c6de4bed, 5ef8124d-495e-4de3-af19-48c14b92dbd4, 3a54bc78-a1f6-4a3c-a1f8-d541597eb6a0, 074b796e-4a70-4604-9b50-3713505a1275, 271dcd5d-54f6-4c0c-80ac-81679bfc1cca, 47d4edeb-7705-4e8c-a380-777d52b0ef2d, 5ad189e3-77e6-4c5e-9eed-8979ba58e283, 855d20b7-53f2-4678-a10f-55402d085018","1656940653864, 1656944376824, 1657030704504, 1657040256797, 1657043685961, 1657047135188, 1657106556797, 1657123832699, 1657126280958, 1657194201655, 1657290791748, 1657305319869, 1657537736610, 1657539875934, 1657555493003, 1657557314026, 1657627848705, 1657645355648, 1657645839389, 1657645947430, 1657715761451, 1657723422374, 1657737559436, 1658142024198, 1658167781007, 1658169899007, 1658423023526, 1658423073179, 1658748413882, 1658766323108, 1658767926871, 1658771861833, 1658842800573, 1658842978651, 1658843702590, 1658857143595, 1658857174472, 1658857510879, 1658861192467, 1658929700956, 1658937590905, 1658939847748, 1659119272637, 1659369383528, 1659442213298, 1659447486100, 1659526421658, 1659530702397, 1659532749562, 1659536192879, 1659536432253, 1659546026210, 1659551536573","0, 0, 0, 0, 0, 0, 0, 2, 0, 0, 0, 0, 1, 0, 0, 0, 0, 0, 0, 0, 0, 0, 1, 0, 0, 0, 1, 0, 1, 0, 0, 0, 0, 0, 0, 0, 1, 0, 0, 1, 0, 0, 2, 0, 0, 0, 2, 0, 0, 1, 0, 0, 0","87215, 50000, 30000, 89691, 61252, 40000, 10000, 158283, 174605, 10000, 80000, 30000, 110000, 19053, 40000, 50000, 193189, 230000, 91059, 60000, 130536, 10000, 100000, 70000, 80000, 132693, 30000, 40000, 145948, 160931, 10000, 40000, 28840, 142623, 20000, 28083, 112019, 90000, 30000, 47746, 8403, 10000, 210000, 60000, 40000, 127161, 169611, 40000, 20000, 140000, 10000, 72932, 80285","53.77, 59.32, 10.17, 40.8, 64.86, 32.38, 14.82, 64.4, 62.91, 5.38, 35.19, 26.46, 60.74, 31.5, 25.04, 41.85, 64.0, 80.71, 74.75, 36.77, 72.65, 9.42, 58.92, 31.05, 63.95, 62.82, 48.87, 49.94, 53.37, 71.05, 9.56, 29.63, 27.24, 70.65, 9.7, 47.23, 69.19, 68.81, 25.1, 52.39, 19.58, 26.1, 62.77, 55.53, 23.04, 58.62, 64.89, 38.34, 16.07, 59.19, 6.96, 41.05, 57.67","1, 1, 1, 1, 1, 1, 1, 1, 1, 1, 1, 1, 1, 1, 1, 1, 1, 1, 1, 1, 1, 1, 1, 1, 1, 1, 1, 1, 1, 1, 1, 1, 1, 1, 1, 1, 1, 1, 1, 1, 1, 1, 1, 1, 1, 1, 1, 1, 1, 1, 1, 1, 1","1656940653864, 1656944376824, 1657030704504, 1657040256797, 1657043685961, 1657047135188, 1657106556797, 1657123832699, 1657126280958, 1657194201655, 1657290791748, 1657305319869, 1657537736610, 1657539875934, 1657555493003, 1657557314026, 1657627848705, 1657645355648, 1657645839389, 1657645947430, 1657715761451, 1657723422374, 1657737559436, 1658142024198, 1658167781007, 1658169899007, 1658423023526, 1658423073179, 1658748413882, 1658766323108, 1658767926871, 1658771861833, 1658842800573, 1658842978651, 1658843702590, 1658857143595, 1658857174472, 1658857510879, 1658861192467, 1658929700956, 1658937590905, 1658939847748, 1659119272637, 1659369383528, 1659442213298, 1659447486100, 1659526421658, 1659530702397, 1659532749562, 1659536192879, 1659536432253, 1659546026210, 1659551536573"
8b56d55a8246bf2c8f763070357f595f55f7fecd0e464de3f1ca634fdec11ad7,Logged,36,"3ad4a5fa-ca7a-4178-8e53-f29421df4ecf, 2a9226ae-a3a7-40b5-b800-ebabe6229a29, bbc1b096-fc04-424d-a8bb-000cdb45337c, b7f30490-0b67-4ccc-b032-1eeeb179b464, 11cdab41-edc5-4af3-ba9a-bf53e5681263, 286428b0-dd16-46e6-8189-2908a23967ea, 8539595a-8f2a-48ec-bfef-7cd73b6fea29, 0e4e09a8-7a88-4758-a3f2-d0dce43df4c1, 50028008-aa11-4519-9d75-452c84dd27fb, dcd8a2fb-7736-4b8d-93b5-d5d71dd1f086, 3ce73782-d80e-4031-be53-5761b158cae7, 883603aa-c0f3-4c3a-ae3d-e36e1311c9f9, e93f13f3-466e-4a34-8cb3-09460b909d29, 882e7c95-935a-4eab-9ece-f85f5f7d0f4e, 0e732efb-2e1b-46e6-8108-813531287e2c, 83568c85-7264-4e45-8a2e-eeb246118465, 7c3fbe06-7d31-49b6-986f-3be196b84687, cb324527-6a66-491d-b53c-6a6d7ece566f, 5af99ef3-adff-464d-9976-5c5d6391b014, 1db5507f-ba78-4c81-96f1-36a4874fca87, e67a8a04-2e7d-45a3-8374-73380b09a47b, 43752b49-864e-4d76-aea9-9acd39446ff0, 564f0976-781b-44e7-96c8-7377097d0101, 81094a7e-7b3d-48b5-b98d-9b1a6a20e7d0, 0819b74d-b28a-4702-90a2-9d205dd9fc5e, 6406fca8-d17f-4ae1-b4f0-6e132249d3e4, 542cbae0-40d6-49bb-b7cb-c869ea3192bc, 148518b5-c324-4882-81a6-678168063a2c, 61e07f64-cddf-46f2-b50c-ea0a39c22050, 9c8465e1-65d5-44d6-817e-a8657d38fd32, 4d160552-aecc-49ee-8024-35ab14c23ca1, 8e0884e2-50ba-44c0-87b9-d64d913288af, c309c7aa-b438-416a-b3a2-bd433614c6ab, d4efc426-0590-4ad3-b8c0-26deee7ffa08, 4bb25c74-f3bc-489b-903b-6cef6d722c90, c96ffd04-a543-4693-a305-57845fc6c1c4","1656691825218, 1656691971694, 1656933508715, 1656933986315, 1656934241537, 1656934380375, 1657221292654, 1657278925084, 1657557231875, 1657568034921, 1657568362659, 1657631797093, 1657632270118, 1657632507965, 1657632851452, 1657633409595, 1657651908281, 1657652018233, 1657652180461, 1657718776342, 1657718941350, 1657720220184, 1659031227884, 1659031377073, 1659958334972, 1659958625828, 1659985522412, 1659985936900, 1659986151117, 1660217379176, 1660217725729, 1660218173110, 1660218419358, 1660218533937, 1660219594245, 1660246227361","23, 2, 2, 2, 0, 0, 0, 0, 1, 1, 0, 1, 1, 2, 1, 0, 1, 1, 0, 1, 1, 0, 1, 0, 3, 0, 1, 1, 1, 1, 1, 2, 1, 4, 1, 1","268786, 220465, 150000, 103741, 50000, 60000, 40000, 220000, 95908, 180000, 173148, 280000, 234475, 329494, 35962, 130000, 93467, 160111, 134688, 163503, 210000, 110000, 147757, 99357, 289095, 120000, 270000, 130000, 124698, 345456, 50000, 160000, 111592, 320000, 50000, 30703","6.66, 65.16, 81.98, 83.29, 34.73, 48.04, 24.08, 80.24, 72.95, 89.62, 85.23, 90.87, 86.48, 93.12, 77.82, 79.48, 43.09, 81.0, 76.55, 76.99, 82.98, 54.83, 61.38, 60.17, 89.85, 66.36, 86.38, 81.9, 76.04, 89.51, 28.82, 85.22, 53.33, 86.97, 46.16, 55.76","19, 1, 1, 2, 1, 1, 1, 1, 1, 1, 1, 1, 1, 1, 1, 1, 1, 1, 1, 1, 1, 1, 1, 1, 1, 1, 1, 1, 1, 1, 1, 1, 1, 1, 1, 1","1656691825218, 1656691971694, 1656933508715, 1656933986315, 1656934241537, 1656934380375, 1657221292654, 1657278925084, 1657557231875, 1657568034921, 1657568362659, 1657631797093, 1657632270118, 1657632507965, 1657632851452, 1657633409595, 1657651908281, 1657652018233, 1657652180461, 1657718776342, 1657718941350, 1657720220184, 1659031227884, 1659031377073, 1659958334972, 1659958625828, 1659985522412, 1659985936900, 1659986151117, 1660217379176, 1660217725729, 1660218173110, 1660218419358, 1660218533937, 1660219594245, 1660246227361"
9f6c1f1907c7b4749c6c23b5f0763a4e6dd1c563067b488186b864207c30957e,Non-Logged,11,"32e92874-ab66-4124-b599-382e892f85a2, bad3ccf4-9320-43fb-87cd-4bf6de6355a3, 0baa8cd7-1eef-4960-aeb4-4128e58efba3, 7c2c0c12-6dee-4f32-ac9b-15bc975ebbbc, 2467968e-cd44-45ee-b546-9ab5998d9f4c, a5154594-1390-45b8-bf79-31ff27db02b7, e9ce379c-c5c6-44ad-84f9-d2f4f8195a2e, fc8f3fa3-c097-4a9a-9895-8ef9f3ab0cce, a8f0cda0-6c9c-45f6-b72a-3c20ba9624ea, 07b5ae90-4161-4463-945e-41a48fdced21, 172851a5-a439-4a7d-80fd-5ed9d449b3c1","1656892404190, 1656892647482, 1657476508962, 1657740879786, 1657923081519, 1657923171838, 1658261744434, 1658262042992, 1658832848693, 1658832965212, 1659019492743","38, 32, 39, 0, 33, 40, 53, 0, 29, 14, 33","120000, 79417, 178510, 10000, 94033, 138888, 140000, 10000, 108298, 64293, 113308","51.65, 48.3, 75.74, 14.46, 19.64, 53.28, 63.16, 3.84, 31.76, 33.28, 45.79","1, 1, 1, 1, 2, 1, 1, 1, 1, 1, 1","1656892404190, 1656892647482, 1657476508962, 1657740879786, 1657923081519, 1657923171838, 1658261744434, 1658262042992, 1658832848693, 1658832965212, 1659019492743"
742738575dafdc6f3e1d4fab45dc1e31ef6cbefcdf4c1fa11da447bdb332eccd,Logged,69,"1f2b9c2f-a2d2-4192-b009-09065da8ec23, a22fa1cd-f11e-426e-bd09-57781b82f6e7, 9543c0db-4101-42b5-8383-09e5d1f9ce81, 3bd9f24b-cb02-4cc4-b6b7-da5c1389463d, 7e35322a-c61a-4412-9cea-27351e4d0a51, f8145eec-1eef-4009-ad1c-2668157ae9a1, 4c46d054-1fe0-4d63-9122-fa130fd4f728, 402c13bb-176c-477b-8c64-312443c6d9b1, e63ef205-d49a-4cd6-ac85-059535e3d68c, d6d7696e-9bd3-4cb4-9cbd-9e58b9656bd4, 4e67d758-782a-40a1-80a6-561c0964fddb, 3936f6c7-3f6c-4205-8cda-3178160b6cd4, ec7dbae8-2ef3-4fa0-8b70-22b425f09f5f, a2ef8430-00b6-49de-852d-2c72596c5917, a359b7f7-b5e1-4e4e-a732-f0c864ed87be, b3ca4288-c967-484a-99ba-702eae3e051a, 2d02962a-7705-40e3-b5dd-e3217995c239, c68058ab-b9a4-4c22-b97c-4eeda3ae1efd, 5ae26368-69c9-4f2a-af3a-6aad18f0a01c, 977e98f3-8d9c-43ad-acae-6744582502eb, ba24085e-6721-4658-a0f6-ec2fc041fd34, 15ac4f8d-f7c3-452e-abf5-0f1137259e00, 4766ab42-d97d-4be1-bf10-4e9568be1107, 13f2cc37-f575-44d5-b33f-045d0b0a912b, 0a449219-862a-4184-91c1-9af3bb6755c1, 64323b0f-d998-4f8d-a9ff-0e8c4f8859a0, 629757ce-55e8-4d5f-860a-2cb7545cfada, bfd7eaa8-9116-4382-b00e-afc35498dbf1, f6b5d170-48b9-4f8e-88d4-c84b6668f3bd, 5af379e6-1bd1-4cf8-a23c-03266fb77b2c, 270b2b3d-451b-4d4a-a46a-c7e995a1acb0, db5ff43b-38d8-4c33-8a15-0f2cbf6e852e, 850031b3-5495-4892-a017-1f4aa336e2a1, 33277860-2ce2-484e-9488-f2b368734cb9, 925eeba1-86d0-4006-9b12-65cf62e26ece, 93fddc18-8969-420c-8401-e008d31489ec, 564f0976-781b-44e7-96c8-7377097d0101, 4a1ab443-49c4-4079-be03-fed9f166766e, a8f0cda0-6c9c-45f6-b72a-3c20ba9624ea, 50931ddf-169e-4f20-b042-f3b6109b9ccb, cc148f4e-b9ef-4555-a9d8-2ee75ef52c09, a7febc3b-5395-43a0-a901-16cb5ba1e361, 059bdb48-205b-4ee2-9e97-8c95abcd4885, 7b8e2fa1-5872-4f7f-a8be-1077697e099d, 81554b6d-3d0d-45ea-a5f5-15c09331690d, 6f344c45-e731-41b4-8c65-9967ebc03096, 51fcb534-1b46-44c2-b237-e6b6d774cec7, 50f85bf5-c153-4611-bf35-2f781ae4e234, c96e6cbf-dbc1-457a-95c4-71894ce6cf1b, 5b1d5bc4-e234-4181-a10c-ed1197f52271, b7e453a4-f138-4699-8600-33f9d1534a7e, ff26f5dd-71d1-4364-940b-8647e048a209, 170a99ab-4a3d-4ea2-932c-f74b0fc439d1, faa033c0-07ac-4066-8376-a406ca4a6e02, 6760953a-6c40-461c-87ef-45639ea4909a, 3a54bc78-a1f6-4a3c-a1f8-d541597eb6a0, 933da0c7-de91-4ba9-9079-8515ee2a28c9, a18391fd-7d12-41d4-bf2d-2eeed1f48c00, 5ad189e3-77e6-4c5e-9eed-8979ba58e283, c4a64d0d-09b8-4f82-8e32-4d2ec6067226, 855d20b7-53f2-4678-a10f-55402d085018, 4911b621-be8b-43d9-b1ce-7f34ec19517b, ce99e2fb-769f-46c2-8bdf-7a71162ac2df, f7908d23-38b3-4edb-a644-4a44777a0c68, 82f8899c-e308-4e32-b752-07d051b507e4, fa65c031-aa6b-4447-80d6-943d2138885b, 0dd9af9f-bcb0-43d8-9d88-b5d4cbc1514f, 42fb9402-672d-4768-8d2f-03ea257150a0, 6afe8e9b-f02e-483e-99d6-5d6021993764","1656685354242, 1656794733475, 1656794746562, 1656794767438, 1656794770125, 1656843798951, 1656873558094, 1656967518829, 1656973748672, 1657006988369, 1657007219600, 1657012275341, 1657012352799, 1657108198858, 1657108332113, 1657239394354, 1657248221912, 1657248475369, 1657248615914, 1657248820132, 1657302387541, 1657302503206, 1657366980954, 1657405133410, 1657405218257, 1657405344520, 1657457205343, 1657457333397, 1657474385299, 1657474546530, 1657474669005, 1657644267571, 1657644334164, 1657646369160, 1657761279895, 1657857016551, 1657892665570, 1658372425861, 1658372546418, 1658372765751, 1658373239259, 1658458478288, 1658458759513, 1658459393659, 1658460218176, 1658491056343, 1658524407230, 1658544825867, 1658629535491, 1658630260871, 1658632330711, 1658758892213, 1658761891675, 1658762219494, 1658840532652, 1658843392197, 1658871558120, 1658889048343, 1658925484322, 1659408632101, 1659408636331, 1659501132408, 1659522945735, 1659523300836, 1659784998460, 1659984034802, 1660371653876, 1660372053582, 1660372292728","213, 23, 17, 28, 31, 90, 24, 27, 14, 8, 3, 16, 22, 38, 27, 98, 75, 24, 46, 17, 47, 30, 37, 17, 46, 42, 27, 96, 50, 54, 33, 7, 68, 174, 35, 25, 114, 29, 46, 115, 31, 62, 27, 110, 52, 52, 37, 5, 8, 46, 68, 14, 19, 79, 16, 37, 41, 9, 16, 39, 10, 50, 39, 37, 24, 12, 45, 74, 23","230000, 80000, 70000, 80000, 110000, 130000, 80000, 50000, 41713, 40000, 14944, 60578, 60000, 129320, 36727, 230000, 249708, 60000, 192119, 22809, 112662, 38464, 116866, 80932, 122918, 157577, 90000, 200000, 152062, 98117, 80000, 5983, 210000, 390000, 66152, 66742, 320099, 104000, 216211, 469458, 70000, 252315, 50000, 170000, 100000, 307466, 100000, 30000, 28636, 185806, 116664, 48764, 33969, 220000, 89890, 100033, 119604, 40000, 40000, 130000, 20000, 170000, 100000, 120000, 135878, 50000, 120000, 234704, 37158","41.55, 33.86, 34.05, 32.54, 36.83, 63.12, 45.83, 40.11, 53.99, 37.21, 23.73, 33.38, 16.06, 76.44, 38.0, 58.92, 77.07, 27.07, 75.08, 45.87, 72.97, 52.15, 85.58, 69.49, 83.54, 66.46, 39.45, 94.54, 95.89, 65.92, 48.05, 7.92, 63.31, 65.64, 20.01, 68.31, 77.61, 34.37, 74.49, 72.44, 42.84, 64.74, 25.95, 77.07, 55.47, 31.33, 32.87, 9.13, 30.27, 46.29, 38.57, 30.73, 37.25, 84.79, 34.29, 21.44, 67.22, 14.74, 14.83, 42.7, 14.44, 44.62, 57.54, 55.57, 40.42, 18.11, 67.01, 83.9, 55.55","2, 1, 1, 1, 1, 2, 1, 2, 2, 1, 1, 1, 1, 1, 1, 1, 1, 1, 1, 1, 1, 1, 1, 1, 1, 1, 1, 1, 1, 1, 1, 1, 1, 2, 2, 1, 1, 1, 1, 1, 1, 1, 2, 1, 1, 1, 1, 1, 1, 2, 2, 1, 1, 1, 1, 3, 2, 1, 1, 1, 1, 1, 1, 1, 1, 2, 1, 1, 1","1656685354242, 1656794733475, 1656794746562, 1656794767438, 1656794770125, 1656843798951, 1656873558094, 1656967518829, 1656973748672, 1657006988369, 1657007219600, 1657012275341, 1657012352799, 1657108198858, 1657108332113, 1657239394354, 1657248221912, 1657248475369, 1657248615914, 1657248820132, 1657302387541, 1657302503206, 1657366980954, 1657405133410, 1657405218257, 1657405344520, 1657457205343, 1657457333397, 1657474385299, 1657474546530, 1657474669005, 1657644267571, 1657644334164, 1657646369160, 1657761279895, 1657857016551, 1657892665570, 1658372425861, 1658372546418, 1658372765751, 1658373239259, 1658458478288, 1658458759513, 1658459393659, 1658460218176, 1658491056343, 1658524407230, 1658544825867, 1658629535491, 1658630260871, 1658632330711, 1658758892213, 1658761891675, 1658762219494, 1658840532652, 1658843392197, 1658871558120, 1658889048343, 1658925484322, 1659408632101, 1659408636331, 1659501132408, 1659522945735, 1659523300836, 1659784998460, 1659984034802, 1660371653876, 1660372053582, 1660372292728"
fe8f83ed0a958aa6920f09c02fe018c434ad2c3c1e210c62b61238881d5bbea2,Non-Logged,1,6d71c544-1064-4dcb-8597-8a674bd49152,1659896318862,78,270335,33.28,3,1659896318862
1a7286df15a22f9b77906a57884cfad1162ee52870b834d9d0fbcdefe22010e4,Non-Logged,3,"b604df59-af2d-49b4-bf2d-c21c4b0cfa06, 033d68c5-5de5-4506-a4e9-e059adb0c540, a45093e1-d10d-4a59-80d6-5e3105f582c4","1657769865999, 1657769866973, 1657770245555","0, 0, 0","260000, 21141, 6854","13.51, 16.37, 22.81","2, 2, 1","1657769865999, 1657769866973, 1657770245555"
3d1452520f31019066095b11ec16e92e1458279419e2e274ecfb9b1aeaa70756,Non-Logged,1,fa673b0c-cc70-4206-8fd3-500f581cdab4,1658864089984,22,80000,29.83,3,1658864089984
a4bdb856e2d8e8c93f14868c1f10fc5df3256100350860bf46b845c38e7884ae,Non-Logged,10,"48eddf29-6e0a-4433-a71d-451993f4b2ec, 727321eb-4d72-4d0b-842c-b1f14ed50350, 74927749-d48c-4dcd-876a-b5879e545af9, f69def44-60e7-40e5-a8e8-140c67c92d78, 25b013bf-230b-4055-8ed8-41071c50eb8f, eb4defc5-feb1-4a8f-b4b8-defeb4f22ef8, 24ef616b-f775-4532-b57c-cf3da047acba, de47ec70-d1bc-4b8e-97d3-f9b3174fe83f, 727695a0-7a39-45a5-b7bf-4594ee34fea5, f8871b0a-65fd-4764-a6ee-dff168c72f53","1657657337759, 1657819693457, 1657988308323, 1658346790090, 1658526632465, 1658944401074, 1658957103668, 1659124940066, 1659462549700, 1660506763957","0, 0, 0, 0, 1, 0, 0, 0, 0, 0","149230, 343764, 68735, 12988, 135650, 38281, 39236, 52120, 41699, 104844","89.18, 56.68, 47.22, 20.64, 87.79, 42.95, 73.11, 69.39, 65.75, 77.45","1, 4, 1, 1, 1, 1, 1, 1, 1, 1","1657657337759, 1657819693457, 1657988308323, 1658346790090, 1658526632465, 1658944401074, 1658957103668, 1659124940066, 1659462549700, 1660506763957"
ed226804eb405b32140601f9afe2eae252b7fd39790fd7bb458688067928b23a,Logged,5,"e3d821f2-fa77-4121-925f-9200f8c9d780, 87b7c93a-809a-4709-8e59-c56b02fec7c2, cca0a1c2-3e83-439c-bab8-a3bf7782572a, 56002c2c-5b1d-41b1-bfa4-d7d363a33526, 2cb3bddf-be92-4272-aaa7-c00522f64ae2","1658139357428, 1659525437732, 1659610326294, 1659858411425, 1659858746229","29, 2, 11, 35, 10","230000, 10059, 180000, 170000, 60000","97.09, 27.11, 30.78, 94.85, 51.55","1, 1, 6, 1, 1","1658139357428, 1659525437732, 1659610326294, 1659858411425, 1659858746229"
1405e78d12cbe669c9721331a269fb508fb16b1586363ca6bf5d815d01314e72,Logged,94,"b14619e8-979d-4ee6-9ec7-4ba26f30bbc1, 3137f551-87d2-48b6-82bf-48b2bf11e643, c44af7c6-88e9-4ce2-81d6-7b8adc4e085b, 598ed114-fd5a-4d82-90d8-f1e893cb0892, b4a49678-5253-4918-9738-d5462fe44175, 29b6b142-4173-4ec4-832f-7d0a32255c10, 1f32787b-de2b-49be-8c20-ddaeae34cc22, 28f15fa4-289a-4d5f-b817-c26c8f664333, b82e867b-99b2-4629-b40e-b3d69ec033a9, 4cdc82eb-458a-4dde-8079-49dee20284d2, a36c98b5-f159-48f8-9f5a-1fc6ea9956c8, d61c5cc7-2a4f-42c5-ab06-bef4a6314808, 87b7c93a-809a-4709-8e59-c56b02fec7c2, 444db2d3-2856-4307-8a36-09b15651fb8b, 62c75a44-c053-4f1f-8cd7-788df09ad65b, f4ac3eb5-e145-4685-b9e9-b61f3551aa58, f0a78e58-ec7e-494c-9462-fbd6446a9a89, f6551587-8e3e-418a-9476-e9b000721ee3, c85cb6f6-60e1-4a94-8f8f-6b436bb1d77c, 96d328b9-5da7-4389-a9ac-765e98971ab7, 9f308c6b-57dc-4d97-9ac9-6afd30483e67, 8f28e4d1-c4ab-4ce6-8acf-27726b061aa3, a7e9355c-8fb3-4bbf-b1f2-3ff6b64bb31c, 49090da0-4b17-4cf9-b9cf-a98ff9bf4fdb, ff1435df-7615-47f3-93da-0f5775f2cb84, 47874b53-ac2e-4ccc-ad5b-6b2669d59340, 8b64b810-cff4-40e0-9de9-25b809ae6009, bacab81b-4dd0-4047-8d51-a9cb03a8e18e, c40c2035-77ad-439b-847f-ad984d28d056, d2bfebf8-2ed7-4e2f-a6a4-b950486a86e7, 37dad6c5-454e-4312-9809-b7ec3efae1b3, 4e163060-2488-4627-a8ba-bbfc54a4d57d, 8956c97a-6d85-4d4b-a6f7-6d42c6be97cc, 78154e46-5198-47ef-859d-42d75fc357ca, 4a108326-b19d-42ce-94f6-807abf6e4679, 756f1fd7-703f-4ba3-ac49-a7c9bff1b1ec, 7a349b09-badc-40a9-a194-83d959aeb50c, 2a6339b6-ac71-4843-9ecb-ecc5a25135b0, 0baa8cd7-1eef-4960-aeb4-4128e58efba3, 2419e3e0-7246-4e74-a53e-0057f0a656a8, 57615619-0c1d-41fb-8640-ccec5b3add58, e650aae9-2b05-4564-9ce7-108a31c4de20, 256ec832-96f3-4066-a866-e78772d1b8a8, 91dd61bf-7c49-4276-bba6-1db2804921a9, 56dc794e-5c74-42b7-98e8-2f8e62c7f044, 35e05c24-1d29-498e-81f3-ecc93841c3d7, 4700f517-5c5d-483c-81b7-d77aca04991c, bdf7dde7-1e7c-49b9-8dec-5fbdbd0c859a, b9c4389e-4a21-49b1-9988-018b4a47544f, 231f5613-cc76-4d2b-9b71-06ddaf1b7547, 100ff71c-da18-4182-9672-369324a71bb5, 21de16a9-3de8-4619-85c9-7c7f78f8e0fd, 47bebcd6-775d-4126-a7a6-18ebf2c09df4, 94c77949-55cc-434b-84bc-f84bf875da63, b5d2b77c-c780-4f35-abe6-9dad5fb55a4d, b894ddc9-38f5-4d48-82e5-294c23eba97c, 8be03387-6c44-43cc-93ad-65824af9c22a, 84c68fc4-68d9-4987-b740-2e32d30f7069, f5d2a476-c8dd-4ef7-bf6e-8d9016c7f349, 529a23e0-baa8-4824-9554-416ceba464ae, 8864af44-c4a2-4862-82de-be58579ac4f3, 4e73dd4e-0e2b-4a11-8f5b-658619b08027, 58075d9c-16c9-401d-b1a5-fa53684f127b, c4fa4a10-d95c-4b41-81bb-8ad16c40b5db, fdab1161-53cc-433f-8c1f-636130bbaba1, 564f0976-781b-44e7-96c8-7377097d0101, 8ce81c16-71ad-4eb4-88dc-d6a85c49dbff, 0819b74d-b28a-4702-90a2-9d205dd9fc5e, 81094a7e-7b3d-48b5-b98d-9b1a6a20e7d0, d2593c3d-2347-40d9-948c-b6065e8459a9, 3422afb1-dea7-4e62-a4c5-1fc3bd0c9a44, f399b893-e696-4f8a-9dbe-e49fdecddfa0, 29880b16-0a8f-4e44-8720-9648db5471e5, fd3cef8e-7a96-4c4e-a76f-983b7de8931f, ed3d9139-d31a-494c-8cfa-4ba5f94f6f35, e4a32f87-4d4a-42dd-b1d0-b4d0564b03bf, 3cd06f5f-a3bb-4589-a592-07a1c6121a99, 9f5b2341-2a52-49cc-8fd3-c20bc63082f4, 6760953a-6c40-461c-87ef-45639ea4909a, 7043b3f5-6b0d-493e-ad8d-ead88427b834, 08a27175-61cb-4462-b0cf-4f9ec2d9d9f0, 39d58a42-3ef4-4785-802f-20a4164553d9, 07fc1034-4aa5-4600-b19d-5160c55c917d, 855d20b7-53f2-4678-a10f-55402d085018, 1a3641be-fa6a-4d72-a5eb-9069686a88ee, a1eeb178-ed8a-4d6b-b2aa-1921fb0db978, 499d0367-d1bb-4da0-9d6a-0eb4479a5899, a8d6559f-aec0-4242-ae71-f9671395d1ba, 9d780356-4f15-4feb-bad4-311edddf1826, 374f2b36-f8a2-48fe-9d02-a593ae1dae16, 0dd9af9f-bcb0-43d8-9d88-b5d4cbc1514f, 38578b5c-4509-49df-ad79-c62cc914e4a5, 97ac6c4c-5b3d-4e36-9816-0791226573e5, 48a29d81-161c-4131-b08b-18605a75ed61","1656665789940, 1656672517606, 1656719433357, 1656748258396, 1656748340001, 1656748505922, 1656778657617, 1656802332460, 1656859899039, 1656874247597, 1656944705312, 1656975303472, 1657006166418, 1657006242930, 1657020512197, 1657063059359, 1657101312632, 1657139744567, 1657215691540, 1657301310244, 1657372621247, 1657416789016, 1657448211176, 1657499690306, 1657543040552, 1657621278351, 1657628405453, 1657643953743, 1657644170927, 1657703058923, 1657712288437, 1657765678248, 1657811180069, 1657906234070, 1657906599294, 1657906961524, 1657928495291, 1657967977158, 1657968113384, 1658087190748, 1658113007257, 1658167634550, 1658224965813, 1658258497819, 1658387010149, 1658406910155, 1658450780967, 1658451249840, 1658451352200, 1658537341560, 1658537543668, 1658570914656, 1658593567176, 1658702280637, 1658745646062, 1658756392195, 1658807034570, 1658853800131, 1658923479696, 1659051104121, 1659051261914, 1659102495927, 1659102649772, 1659102961089, 1659104237803, 1659149690541, 1659166245501, 1659206651915, 1659206862761, 1659206966095, 1659319769471, 1659369361486, 1659457757823, 1659509732408, 1659547946309, 1659548140575, 1659548280083, 1659570635680, 1659631174734, 1659720894997, 1659720973731, 1659836729751, 1659869227272, 1659878106652, 1659878477493, 1659967048351, 1659990651212, 1660150008363, 1660170126089, 1660205261411, 1660231404028, 1660255798392, 1660255845472, 1660373901011","24, 14, 146, 32, 15, 46, 23, 15, 7, 50, 66, 13, 30, 33, 48, 56, 95, 84, 40, 13, 9, 32, 1, 15, 62, 92, 138, 110, 186, 33, 69, 53, 159, 4, 77, 42, 26, 93, 49, 13, 56, 58, 130, 19, 35, 1, 56, 32, 38, 62, 7, 138, 90, 103, 23, 87, 39, 85, 31, 104, 26, 160, 64, 98, 44, 107, 5, 78, 22, 36, 24, 80, 53, 38, 34, 23, 59, 7, 34, 38, 68, 43, 20, 38, 106, 70, 129, 120, 3, 71, 44, 12, 57, 9","36453, 28560, 100000, 52364, 23448, 30170, 24057, 32191, 30000, 73019, 112274, 13526, 30287, 70980, 74893, 69632, 110217, 114544, 84502, 40000, 22787, 81844, 10969, 21101, 96019, 275276, 254500, 114205, 244625, 60000, 60000, 88674, 268151, 20000, 140000, 56189, 50000, 102677, 67026, 50000, 79780, 57643, 145328, 40000, 29445, 20000, 76440, 78527, 65102, 80000, 9653, 191810, 159342, 170000, 23699, 67493, 64779, 170459, 57031, 74370, 22639, 141110, 80000, 88909, 31780, 153912, 30000, 146667, 69148, 101461, 30548, 68147, 64861, 61075, 59178, 74888, 131775, 10017, 51239, 45397, 107495, 42056, 23320, 68133, 148295, 48152, 153725, 232290, 21448, 85830, 135589, 12713, 52198, 10000","39.52, 34.44, 44.58, 33.67, 36.33, 42.09, 39.59, 25.41, 39.46, 48.04, 80.68, 33.84, 47.74, 42.59, 46.52, 32.38, 43.14, 51.28, 48.48, 38.83, 26.74, 38.97, 11.95, 35.95, 46.6, 35.42, 76.24, 50.94, 66.77, 38.18, 35.17, 51.71, 62.45, 28.59, 66.26, 32.57, 65.74, 52.12, 59.63, 21.96, 65.93, 56.92, 84.2, 41.07, 34.42, 7.44, 40.02, 46.11, 38.75, 47.75, 15.44, 71.97, 54.78, 70.51, 47.67, 59.47, 57.27, 72.56, 41.4, 62.55, 35.1, 70.01, 71.08, 65.09, 79.39, 72.63, 10.14, 66.3, 43.55, 59.81, 47.62, 72.47, 53.7, 40.05, 52.17, 44.37, 60.45, 15.24, 51.82, 51.89, 82.75, 30.66, 31.97, 45.42, 64.25, 50.47, 62.39, 60.58, 16.49, 46.47, 50.91, 33.49, 44.51, 21.99","1, 1, 2, 1, 1, 1, 1, 2, 1, 1, 1, 1, 1, 1, 1, 1, 1, 1, 2, 1, 1, 1, 1, 1, 1, 2, 1, 1, 1, 1, 1, 1, 1, 1, 1, 1, 1, 1, 1, 1, 1, 1, 1, 1, 1, 1, 1, 1, 1, 1, 1, 1, 1, 1, 1, 1, 1, 1, 1, 1, 1, 1, 1, 1, 1, 1, 1, 1, 1, 1, 1, 1, 1, 1, 1, 1, 1, 1, 1, 1, 1, 1, 1, 1, 1, 1, 1, 1, 2, 1, 1, 1, 1, 1","1656665789940, 1656672517606, 1656719433357, 1656748258396, 1656748340001, 1656748505922, 1656778657617, 1656802332460, 1656859899039, 1656874247597, 1656944705312, 1656975303472, 1657006166418, 1657006242930, 1657020512197, 1657063059359, 1657101312632, 1657139744567, 1657215691540, 1657301310244, 1657372621247, 1657416789016, 1657448211176, 1657499690306, 1657543040552, 1657621278351, 1657628405453, 1657643953743, 1657644170927, 1657703058923, 1657712288437, 1657765678248, 1657811180069, 1657906234070, 1657906599294, 1657906961524, 1657928495291, 1657967977158, 1657968113384, 1658087190748, 1658113007257, 1658167634550, 1658224965813, 1658258497819, 1658387010149, 1658406910155, 1658450780967, 1658451249840, 1658451352200, 1658537341560, 1658537543668, 1658570914656, 1658593567176, 1658702280637, 1658745646062, 1658756392195, 1658807034570, 1658853800131, 1658923479696, 1659051104121, 1659051261914, 1659102495927, 1659102649772, 1659102961089, 1659104237803, 1659149690541, 1659166245501, 1659206651915, 1659206862761, 1659206966095, 1659319769471, 1659369361486, 1659457757823, 1659509732408, 1659547946309, 1659548140575, 1659548280083, 1659570635680, 1659631174734, 1659720894997, 1659720973731, 1659836729751, 1659869227272, 1659878106652, 1659878477493, 1659967048351, 1659990651212, 1660150008363, 1660170126089, 1660205261411, 1660231404028, 1660255798392, 1660255845472, 1660373901011"
b98d65c802dab9203b19872482a55c75cdd4f4f76bb6082a9535759bc28ff927,Logged,45,"84475a89-38d0-47f5-b26b-58078f824530, 4e9c2825-ff13-41ca-8e91-edd848060d19, 7fcf82cf-6a19-4e1f-a054-d5356546bf31, d0781b5a-ca3c-455e-86d3-36acd188d35c, 6c04dc83-e523-4a23-9329-5499a899392c, 6cd948da-d520-48e2-9de7-a0bd7ce8c67d, a7d0a18d-f34b-4d81-bc60-01fa2891f8b5, 8dbb457c-753c-4e26-973d-7088f7aebde5, 3d04dbfe-799c-404a-bfee-f7a23ef1343e, e67c8cdf-3c55-4399-a864-3c1591225296, 9c91723a-10ea-4100-b63c-a9ff13e6d5ff, 8878ed65-7566-4f15-89cc-442945ff7b43, 4e986ba0-ca6f-479f-979c-a111d0a2b7dc, 08a14cc3-ca3a-4f4a-ac12-6c21dc50c432, 77dff2e3-1436-4612-95bf-ad95275993ca, b9c4389e-4a21-49b1-9988-018b4a47544f, d3ff7632-465e-41d1-80e9-cbe0c32b0bcb, 5ff06450-cfa0-4e6f-ba87-ca6f412c9b44, 386cecf8-bd8b-477c-b4cd-f37913614ad5, 1f5d84b1-f757-4d5e-be94-3b29141df252, 6745020b-2566-4164-8d52-d648e8cd092f, 45a2068f-7dd0-4244-89c1-9119d1937bd4, 06294fd4-5d1e-498f-9a46-b0631ebcb60e, 4f2c5d08-21ac-4e99-9ccb-c9344aa7951d, e0425f71-24b4-46e7-b800-408a4de2ca73, 8be03387-6c44-43cc-93ad-65824af9c22a, 3d50eb7a-02ba-44d9-9929-da5bd106f38a, ed32aada-eead-4dec-8826-b7655707feda, 53ba8303-1414-405e-8032-960453d7611d, 34c9da29-421f-4983-bd32-19a7daaace13, 6f63b96a-cba2-4f79-88c7-928bdce45a8e, bd02229a-c123-4e55-9623-9094f04101c5, d9edbf2b-bd2e-452c-8079-f7bdcecbbcc5, 310b1025-6924-4dd2-b26c-b4069fe8b547, 399c1321-5d2b-494e-9025-2ba2b8b56117, d8d1b84a-4bc5-4548-85fe-e066e8f6e4b1, 5af99ef3-adff-464d-9976-5c5d6391b014, 9e1b4571-e55d-4a26-8c5a-1ddd6ecf53ba, f399b893-e696-4f8a-9dbe-e49fdecddfa0, 475afb3d-0aaa-4a15-9559-96c09228b7e4, 30fbe075-a9fe-4f8c-a58b-3459982b7018, a2200d09-93d3-406a-93f0-b29d93b9cb0d, 96798969-115f-403f-857f-08470b049a5a, 362d282e-5d9d-4691-86a6-21bcac0703d7, 1a3641be-fa6a-4d72-a5eb-9069686a88ee","1656884367594, 1656967421071, 1657068467529, 1657101303838, 1657366097930, 1657399551989, 1657448317353, 1657509869289, 1657538526011, 1657538842913, 1657539341191, 1657540943695, 1657588109815, 1657619882052, 1657662600702, 1657887772176, 1657935041251, 1657973612605, 1657973733401, 1657975751665, 1658172291575, 1658190887129, 1658239228316, 1658248040529, 1658248554015, 1658248591600, 1658279191885, 1658279938485, 1658399663532, 1658410404092, 1658413832447, 1658413918652, 1658413928497, 1658414044562, 1658455837083, 1658456032789, 1658536212617, 1658536249105, 1658612752042, 1658612802444, 1658612898839, 1658613195802, 1659350436932, 1659451426190, 1659451539168","2, 1, 0, 1, 1, 0, 0, 12, 1, 2, 0, 0, 0, 0, 1, 0, 3, 0, 0, 2, 0, 0, 0, 2, 1, 0, 0, 5, 1, 0, 0, 0, 0, 0, 2, 0, 0, 0, 0, 1, 0, 1, 0, 0, 0","55472, 30000, 84783, 180127, 174421, 30000, 140000, 106030, 265453, 230000, 31500, 34708, 22734, 10000, 24102, 20000, 79719, 50471, 250000, 220000, 89330, 64883, 8312, 90000, 36641, 10000, 67325, 52743, 130000, 17859, 17773, 10000, 94302, 95994, 159136, 50880, 25186, 298382, 10000, 82967, 42127, 49862, 80412, 14316, 55106","50.25, 8.34, 54.97, 31.28, 47.43, 24.76, 51.08, 26.81, 67.19, 71.76, 57.65, 8.08, 40.12, 5.28, 30.64, 13.8, 40.58, 16.96, 72.7, 78.12, 51.36, 37.5, 13.78, 43.23, 26.37, 7.76, 42.36, 27.73, 47.64, 8.42, 26.04, 15.13, 41.3, 54.37, 59.31, 22.29, 22.4, 49.49, 5.69, 24.37, 33.05, 47.88, 50.41, 35.06, 30.54","1, 1, 1, 1, 1, 1, 1, 3, 1, 1, 1, 1, 2, 1, 1, 1, 1, 1, 1, 1, 1, 1, 1, 1, 1, 1, 1, 1, 1, 1, 1, 1, 1, 1, 1, 1, 1, 1, 1, 1, 2, 1, 1, 1, 1","1656884367594, 1656967421071, 1657068467529, 1657101303838, 1657366097930, 1657399551989, 1657448317353, 1657509869289, 1657538526011, 1657538842913, 1657539341191, 1657540943695, 1657588109815, 1657619882052, 1657662600702, 1657887772176, 1657935041251, 1657973612605, 1657973733401, 1657975751665, 1658172291575, 1658190887129, 1658239228316, 1658248040529, 1658248554015, 1658248591600, 1658279191885, 1658279938485, 1658399663532, 1658410404092, 1658413832447, 1658413918652, 1658413928497, 1658414044562, 1658455837083, 1658456032789, 1658536212617, 1658536249105, 1658612752042, 1658612802444, 1658612898839, 1658613195802, 1659350436932, 1659451426190, 1659451539168"
c7771b00ba90f3ce660cc07b6bba087192d87699ffed3f06a6e7b24c0fc2f7b6,Non-Logged,59,"68bcd037-cf0e-4a5f-899b-79d97ce2827a, bac33b99-5331-49be-bacc-6f86c0854a27, 6d2b48fe-1ada-48c9-a508-73e19e83069d, 88ad851f-b69d-41a6-81d3-12f354df2e17, 83ebda93-e1cf-422d-ae6b-18298c55ed8e, 69296266-b1f0-4c12-bda6-59750ade9770, e0f5b4c8-e751-42b1-a9eb-6f205cbb4e59, 93f22679-7d26-4a2e-a1d2-92c2662702fb, d57eb581-2a59-40d8-a0c0-972d96276025, 68bc8994-ebef-4e48-8478-e7fe1619ae58, a53151f5-c6c8-4417-a729-6c40b6017904, dba70969-69fb-4e1d-a19a-b415a5e5596d, 0a5923de-45ed-4142-b3a7-17546131670c, b7f30490-0b67-4ccc-b032-1eeeb179b464, 2008f497-c05f-49e0-88dd-86aa1e395f15, 8a1fd37d-5775-4c22-9857-1d4c177e5e26, 1f32787b-de2b-49be-8c20-ddaeae34cc22, 90679a64-9984-4c9f-baac-e605d5b1290c, b0923d6f-c9d7-4655-8a0d-84f80683825a, 1980f1e3-ab98-484e-ac18-82f9616b3c77, c4789e51-c882-44e9-b133-2d435af16d54, 04bbdf4d-afad-4eb0-b985-83b76faf6498, 89deb90b-e21f-48e6-968e-7d53d5ace06c, 7708a013-9b1b-443e-9cc6-c531faa6cff2, fa816a9e-7251-4c45-aa95-252a3f1cea63, d8e96969-c9d9-4c28-a9a8-403abc1e784a, 430b49c2-993d-4519-a4fe-5aa5d183fe62, 0e4e09a8-7a88-4758-a3f2-d0dce43df4c1, c12d9d59-bfc8-425a-b8d7-e14b87850220, 6ed9e216-c315-4351-ac56-63dba3126af3, df80ec0a-a61a-419c-83e0-b87d1b82b7b0, 87b7c93a-809a-4709-8e59-c56b02fec7c2, 80d2caa9-d5b3-4bd6-86ab-99fb79f350e7, e6f987c1-546f-4a9e-9a88-b2e2eb2a9068, 3ce73782-d80e-4031-be53-5761b158cae7, 7141358f-dc9b-4647-b753-c58f8bdeec6c, 6c517284-c766-4c7e-a27f-09b4bc6ed8ab, f693c419-09da-4004-beb4-ac6390d6bb45, bf257382-74fb-4392-ad6a-143240e39f81, b4f62059-142d-404f-8501-d36f3a90c8a9, 2db1a14c-afb7-435b-9cc7-3d85d5aecd09, e99b4112-0808-4d93-98da-338a6cf41799, a30edb2e-6d56-4b21-8460-4a14613dfe5a, 3d34afb1-b073-43e8-9691-8fb2e2459000, d16c5f99-1fa4-45f7-8da0-f7d7bed103d8, 5b68d910-8e4a-4fa5-8fae-65c841282e94, 12453135-d38a-4aa4-a51e-41a62f05bf7b, e770e08d-7d5d-4ecf-8077-5a090f085232, 4d16a079-ca73-4bb6-b6ce-872bdddf1aa4, cca0a1c2-3e83-439c-bab8-a3bf7782572a, d314ef0f-5753-43e7-b758-ab6619be3c9a, 6b467c89-66df-4cc7-ba87-f0a6939c7282, 8ec15b52-50ab-484f-96c8-3082316260ba, 4d89c4b6-6827-4935-9ba1-0502025af270, 3ffb80eb-0ae9-457e-883c-d52f57c124c0, e1a89c3a-1649-486f-a964-ecfb33821e77, 2735cfa2-1e87-4f5d-85ad-72aac99ff0da, fb96b132-fcde-46cc-86ef-000cb250c361, 73ed314a-a9f3-4b76-83f1-67063a4ca520","1659459549174, 1659533734832, 1659535014804, 1659535260603, 1659536454172, 1659538627579, 1659539048259, 1659539541199, 1659540772729, 1659620770678, 1659621031200, 1659621405336, 1659621980507, 1659622684356, 1659623460263, 1659623674628, 1659624250616, 1659625483693, 1659642180128, 1659642282585, 1659714478409, 1659718922268, 1659727077971, 1659727304069, 1659974008180, 1659974430441, 1659974729173, 1659975091121, 1659976141489, 1659976284637, 1659985089838, 1659985288111, 1659985563255, 1660052852583, 1660055191930, 1660058185332, 1660059124269, 1660059412357, 1660059607296, 1660060407370, 1660071936231, 1660072867160, 1660141270492, 1660142072264, 1660142215581, 1660143974618, 1660147296189, 1660147699755, 1660157235767, 1660236847259, 1660241573632, 1660242088984, 1660242325041, 1660244377091, 1660320701315, 1660322583837, 1660322739074, 1660322979779, 1660329291335","1, 2, 1, 0, 0, 0, 0, 1, 0, 0, 0, 0, 0, 0, 0, 1, 0, 0, 0, 0, 4, 0, 0, 0, 0, 0, 1, 0, 0, 1, 0, 0, 0, 0, 0, 1, 0, 0, 0, 0, 0, 0, 1, 0, 0, 2, 0, 0, 0, 0, 2, 0, 0, 0, 0, 0, 0, 0, 0","225830, 550000, 234671, 291572, 110000, 140000, 119008, 337686, 145482, 164445, 70000, 550587, 280000, 438681, 148956, 572945, 280787, 79577, 75867, 179686, 2140000, 142392, 59760, 84598, 206447, 130885, 359227, 370678, 72001, 80000, 178929, 192689, 583545, 240000, 960000, 370000, 58751, 103578, 510000, 1629884, 230000, 148161, 389820, 60000, 330000, 302663, 371671, 381534, 168993, 494279, 354193, 222605, 720000, 125210, 446904, 125304, 77773, 84302, 278051","49.65, 65.41, 43.33, 61.28, 25.13, 56.5, 38.13, 75.32, 48.39, 49.05, 20.03, 60.45, 54.68, 73.52, 61.16, 92.1, 61.82, 42.04, 32.61, 53.21, 51.12, 31.63, 16.79, 26.09, 54.3, 52.95, 56.58, 63.56, 52.12, 30.88, 14.25, 35.95, 67.06, 53.03, 77.84, 51.94, 13.69, 40.84, 72.06, 85.97, 66.76, 37.24, 64.95, 41.88, 46.63, 55.07, 57.21, 60.33, 27.34, 64.52, 73.08, 60.42, 76.79, 39.86, 57.75, 51.79, 45.7, 50.05, 69.21","2, 1, 1, 1, 1, 1, 1, 1, 1, 1, 1, 1, 1, 1, 1, 1, 1, 1, 1, 1, 2, 1, 1, 1, 1, 1, 1, 1, 1, 1, 1, 1, 1, 1, 1, 1, 1, 1, 1, 1, 1, 1, 2, 1, 1, 1, 1, 1, 1, 1, 1, 1, 1, 1, 1, 1, 1, 1, 1","1659459549174, 1659533734832, 1659535014804, 1659535260603, 1659536454172, 1659538627579, 1659539048259, 1659539541199, 1659540772729, 1659620770678, 1659621031200, 1659621405336, 1659621980507, 1659622684356, 1659623460263, 1659623674628, 1659624250616, 1659625483693, 1659642180128, 1659642282585, 1659714478409, 1659718922268, 1659727077971, 1659727304069, 1659974008180, 1659974430441, 1659974729173, 1659975091121, 1659976141489, 1659976284637, 1659985089838, 1659985288111, 1659985563255, 1660052852583, 1660055191930, 1660058185332, 1660059124269, 1660059412357, 1660059607296, 1660060407370, 1660071936231, 1660072867160, 1660141270492, 1660142072264, 1660142215581, 1660143974618, 1660147296189, 1660147699755, 1660157235767, 1660236847259, 1660241573632, 1660242088984, 1660242325041, 1660244377091, 1660320701315, 1660322583837, 1660322739074, 1660322979779, 1660329291335"
d2da1e63c982a29e590ad67362e89242a33bf9dfce95f9edd7804bc2efa33825,Non-Logged,17,"9663d9e1-ce9f-42aa-981c-ef9e527d1427, 88ad851f-b69d-41a6-81d3-12f354df2e17, 449a5a71-e5c8-4ed1-a385-99286cc5a506, 2db1a14c-afb7-435b-9cc7-3d85d5aecd09, f13bf60f-17b5-4443-9513-c52e7a933bac, 7fe849c0-4a55-429d-b480-11ee216909dd, 7b056bf6-c232-46bd-8903-59145ff7ce46, 92ecb67e-11a0-4daf-95e2-70251ecfc5cb, 560dce04-d455-4446-9bf3-7d26d74dc01e, 7fa14e33-c167-4a27-a6be-c73bf4c9b9b4, 1c27cf97-b20c-4e40-b1f1-288b721517b3, a6ab18ec-e32f-474b-964b-987309c61581, edd69d6f-b437-4838-a25d-c438a0afee74, 8d00959e-cdd5-49ec-af7d-9dae0c21db69, 5af379e6-1bd1-4cf8-a23c-03266fb77b2c, 45a2068f-7dd0-4244-89c1-9119d1937bd4, 1a4a2760-f07a-4682-83d5-8d3606dc3d4b","1656796780402, 1658249676651, 1658380396421, 1658383205321, 1658427044312, 1658462495302, 1658808325155, 1659153505796, 1659155925702, 1659244862146, 1659323972015, 1659324261354, 1659585118922, 1659655751422, 1660112766007, 1660365797521, 1660365866945","0, 0, 0, 0, 0, 1, 0, 0, 0, 0, 0, 1, 0, 2, 0, 0, 0","84437, 20000, 130000, 10000, 197661, 130000, 60000, 149457, 11378, 20000, 163428, 410000, 180000, 140000, 30000, 55906, 90000","53.74, 20.95, 71.72, 9.45, 33.0, 30.42, 46.24, 60.89, 34.83, 17.39, 75.64, 31.3, 75.61, 27.97, 15.83, 60.11, 61.06","1, 1, 1, 1, 1, 1, 1, 1, 1, 1, 1, 1, 1, 1, 1, 1, 1","1656796780402, 1658249676651, 1658380396421, 1658383205321, 1658427044312, 1658462495302, 1658808325155, 1659153505796, 1659155925702, 1659244862146, 1659323972015, 1659324261354, 1659585118922, 1659655751422, 1660112766007, 1660365797521, 1660365866945"
d4865287b80fb696ad9ab73d3bd51c4ec6d0dae49abda55ef54b977d4630e982,Logged,123,"4c84f8ee-8fe7-45d0-9bb7-09521693e2f3, f82ac580-aa0c-4165-a357-27e12cb4f3cf, fd2e3f27-c285-4cee-929e-d9f906a39303, 6d5452ec-5eec-4a57-b9bf-a00530176d31, dbd2bb7f-2fd8-47dc-85b8-4481731a3f46, afd0d458-4efe-495f-92a2-ba9fcfc969ec, dbd3e365-5ac9-456a-83f4-b177e57fdfab, 29b6b142-4173-4ec4-832f-7d0a32255c10, 1f32787b-de2b-49be-8c20-ddaeae34cc22, e81954ea-c381-4906-930d-b0703e6cf7e1, 39c8a296-d0dd-4a9c-b5ac-e57c6d6cd0e9, 0981aa5a-7687-4aec-bcf7-6868ea563935, e41d9ce2-4ed4-4c85-ad07-304a9159b6ed, 5a1e308b-a670-42fa-9c9c-345d5aa52fbd, 3dd31049-abc1-46b5-ac07-f0bf8701de99, c370b626-8d8e-4c0e-9d06-0cf16473bd29, 4d89c4b6-6827-4935-9ba1-0502025af270, 4f126ed4-66ca-4379-8779-6afa1b4d1662, 4dcde320-d353-4bc4-b28d-e147962843c7, c95ae2e9-e5f6-4b81-939f-b883c21e52d4, 45220dd5-e0bd-4993-80a3-79f9eb29a10b, 33b8607c-f4aa-4379-a18d-f7dddd2dd52e, 56f82ddb-4823-4825-a2cc-b9cf1beb48c1, 2463b085-fab1-4d06-b557-614e28ba71fc, 7fe849c0-4a55-429d-b480-11ee216909dd, fdcf44c1-1523-4877-9646-4a03a9e94492, 2f02b60a-4003-4d52-950f-f24944343b87, 6465144f-4ca9-4620-bccd-2df0dbfa5b06, 7b056bf6-c232-46bd-8903-59145ff7ce46, 56b39a7d-a621-4516-9eaa-adbeedd30042, 86511ed1-8777-4811-824a-a174ba861fb6, 26ded75d-93e0-4e1b-8b78-01b90ea9c5b4, 87008b9e-3665-43b9-92e1-7b1b63217e92, 02910a33-93ba-49fb-9bfa-f8db58520cdb, d3302868-9c63-4712-9cf0-adfcaad19187, 4a108326-b19d-42ce-94f6-807abf6e4679, 674bedf9-2a22-450f-94d5-6f8ec16422e8, 149b3d3b-4916-4763-8563-8a2539f3e993, 1c27cf97-b20c-4e40-b1f1-288b721517b3, 353a8ad7-b634-42da-a9a0-3113ea750f91, 5bd3addd-14b2-48be-8c03-8cd15f13ede6, 134b53d3-8419-4a7d-8ecf-035b0ab34c69, 9581df28-75d7-4dff-ba1a-1801fe0482f2, a7a74162-21c8-40e8-90cc-229b133a2f46, 977e98f3-8d9c-43ad-acae-6744582502eb, e3cdb277-ad80-4025-b5de-cd98cc67d23d, 2290b9a9-1d71-4571-860c-7c4863de614d, 91dd61bf-7c49-4276-bba6-1db2804921a9, 9659f9a7-c6b6-4772-9b59-7c085d3051de, bacf95f3-7d38-4e5d-bd2d-41b4ab0c1597, 3b1be2b3-8b19-4bb1-a516-a18d0877fa47, b056e495-c833-4924-82e1-3ca1cb004126, 37a0932b-e52e-4483-a370-a566d4c5b8f9, a317cf49-66d4-49cc-8ec1-694b04253bb3, 07c4c5af-6328-4257-84e1-54e83c892faf, fa319820-539c-46f1-82be-9bfb4ef8ddd3, 8d477e04-3bab-4ad9-8fe3-799059238a9c, e4f6c452-65f1-461d-837f-fcf7ec997fbc, e4d32584-74c0-47e9-91b4-0be00bb68298, da11d39c-ef01-4e8a-a2e8-cecb239b3328, 6f485e3b-b533-4d50-9e3d-f608e9abd469, 327893db-b943-4840-991f-8ac4d18aac95, 0f7d8907-c2eb-495e-83a4-09271c295694, aac782a9-4009-472d-88c3-63586274490a, 84c68fc4-68d9-4987-b740-2e32d30f7069, b506a89e-b492-43cd-b344-84875a797cc9, 8864af44-c4a2-4862-82de-be58579ac4f3, 27d7dfa8-0935-41ee-ac9b-7831bcb3bb7e, 78352afd-dc7e-4ccf-8cf3-b8e8f38f3f55, 1b696f79-19f8-4524-a3b2-8c67dc455601, ca35decb-6955-44b5-b2fa-eb4529c3cb5c, e384ec29-136e-4241-9321-49b367b8cbd5, dc009ac8-363b-40ad-ba25-c11e4318ea8e, 919f29bf-d153-400c-a04a-4237f5adf116, fdab1161-53cc-433f-8c1f-636130bbaba1, 03243e55-c5e6-4ab4-9955-572bd83874f2, 0b5bd097-f8c9-457b-8de8-32ef82585a62, 331e9697-e660-475c-9635-0225715d5ecd, c407cdec-cf95-480c-a0f6-9a34ae66cf54, e8ee236a-ab4c-466a-97dc-0811aea169c2, 0819b74d-b28a-4702-90a2-9d205dd9fc5e, ee4e3b80-caf5-4e83-a66a-01e38f2b8475, 542cbae0-40d6-49bb-b7cb-c869ea3192bc, 148518b5-c324-4882-81a6-678168063a2c, 5db55dcc-b6e9-412c-bb0d-d208fda84ef4, 5af99ef3-adff-464d-9976-5c5d6391b014, 1ca0b64a-8bb4-4a2b-b3d0-af935960bf15, 9e1b4571-e55d-4a26-8c5a-1ddd6ecf53ba, a08b863d-b6fd-4c54-a41c-1e15e9f408f5, 4c586bb4-f71d-4b39-9df8-e38ac3f632a0, 20477444-cd77-4948-8d09-7b9051ef1ac9, 6f344c45-e731-41b4-8c65-9967ebc03096, e8469190-b257-4f0a-b683-e8eee1c94d2a, 29f38a91-5f3f-4cdb-bc7c-db95cfb52710, f1b619b7-3afe-487a-866f-f544d97ed6c5, 106e6c31-5aa8-4d21-8d76-2fd90d35dba1, 999f8b86-8f29-44b5-942a-79d1174efb6b, 5791964f-25e1-44df-b3b9-ad9cc6dc9ec3, 01b6dab8-e07a-473f-b789-a2bb201fb835, 55595bbe-ee7e-42b5-81af-cf0bcb572a72, 60db1932-8b30-43d7-b9a2-09565fd38cb8, 21f459f6-d84b-4c1c-9b2a-20873b46cc86, 61d58163-19f0-4e4b-8fa6-f2bbc3226cdb, 98473c0a-bbe2-4bc3-b1c7-12053701d2c7, e87f3788-e45d-48b2-a23f-9ed5b83c33e5, 3a54bc78-a1f6-4a3c-a1f8-d541597eb6a0, 240d3a80-2c1d-4741-8f21-1471ff593092, c4a64d0d-09b8-4f82-8e32-4d2ec6067226, 9bc6f6fa-94fc-4748-b4ff-40aaa6c4f525, 3e730b20-4843-4e05-8546-6d7d181b3582, ac3032ba-f271-4f17-9a52-3b26f97389cb, 06dd8e65-3b77-4344-b6dc-eda8f6f10624, 8e0884e2-50ba-44c0-87b9-d64d913288af, 341c6a41-999c-428a-8ca5-ccec647608a6, a274530f-fd7f-4456-850d-0ea5b56db38e, efef6019-5180-4433-9d7a-c96afed992ed, a7c6cc70-c198-47e1-816f-9b9ebbc2856f, 9741f5ba-bea2-4ab1-90cf-e261a9604f19, ba274d9b-1bdc-47bc-b528-44aba43500ba, a337a6be-2946-47e6-80e6-bd765b457812, 07b5ae90-4161-4463-945e-41a48fdced21, 376da5de-6197-4fc9-af8f-752cf3b6b5a3, 84f9b096-a140-4f45-a303-b4c4366bce53","1656798689864, 1656799128841, 1656801996703, 1656802148867, 1656802199219, 1656852279690, 1656852358363, 1656859690777, 1656892577950, 1656893792127, 1656893907735, 1656894836939, 1656894915471, 1656894963035, 1656940029588, 1656973975197, 1656974053493, 1657055436292, 1657055612311, 1657068550658, 1657151873366, 1657152107645, 1657157006862, 1657190028727, 1657190040157, 1657190280991, 1657208469379, 1657208549067, 1657318607917, 1657326388343, 1657404480439, 1657404918552, 1657456780474, 1657456893685, 1657457985552, 1657504275857, 1657504538878, 1657504713002, 1657513078553, 1657552347045, 1657580069672, 1657580175355, 1657629344893, 1657654413205, 1657654442365, 1657654600405, 1657712112910, 1657713072747, 1657713143033, 1657742242320, 1657819212323, 1657882112927, 1657882326995, 1657893904899, 1657894484780, 1657894508061, 1657911356628, 1657913345058, 1657913926018, 1657914266655, 1657914397136, 1657914460579, 1657914542852, 1657914598451, 1657914846531, 1657935027333, 1657935133282, 1658152565560, 1658159041641, 1658170789002, 1658269478868, 1658274819117, 1658315494609, 1658334811116, 1658370102903, 1658520387730, 1658684816509, 1658684869827, 1658685166500, 1658685300778, 1658794728030, 1658794795213, 1658794916769, 1658865430485, 1658865441586, 1658879295912, 1658892326041, 1659091431795, 1659091632133, 1659230002994, 1659231924841, 1659232055170, 1659232248136, 1659232455803, 1659309793092, 1659310299168, 1659310743055, 1659310852621, 1659361651196, 1659382520328, 1659433964710, 1659434025021, 1659434273757, 1659442783897, 1659442808553, 1659443032409, 1659443366844, 1659484138574, 1659614069338, 1659614159305, 1659701260026, 1659729828145, 1659730065438, 1660054972793, 1660137976403, 1660169398514, 1660246466219, 1660436018875, 1660474619573, 1660475757708, 1660516001640, 1660516096198, 1660516147839","73, 168, 13, 7, 17, 22, 64, 42, 2, 2, 2, 6, 2, 3, 13, 26, 11, 19, 22, 23, 9, 28, 25, 6, 53, 13, 8, 18, 11, 54, 65, 14, 17, 34, 4, 75, 38, 59, 22, 68, 21, 54, 14, 7, 25, 12, 61, 2, 13, 18, 15, 54, 30, 10, 11, 0, 49, 48, 27, 20, 9, 10, 4, 38, 28, 2, 18, 68, 6, 31, 14, 24, 20, 10, 24, 3, 12, 27, 44, 8, 6, 16, 3, 13, 19, 0, 5, 92, 6, 15, 7, 6, 19, 3, 20, 39, 27, 25, 35, 0, 23, 1, 13, 5, 6, 28, 4, 23, 7, 1, 56, 55, 28, 13, 62, 36, 36, 13, 134, 3, 2, 7, 2","170000, 470032, 40000, 20476, 60692, 129892, 193270, 110000, 10000, 11385, 10229, 32831, 12291, 14298, 46562, 65348, 16889, 108753, 79224, 99001, 35689, 93714, 90000, 20000, 188996, 40644, 18006, 33063, 93588, 131238, 240000, 90000, 73340, 100000, 30000, 239311, 154926, 211104, 69150, 174064, 82648, 111810, 97142, 7051, 79383, 20019, 240000, 10262, 30000, 50000, 65842, 279831, 120000, 40943, 21235, 12444, 199852, 160000, 80745, 70000, 41274, 57724, 13857, 135957, 147344, 40000, 118616, 160000, 10000, 146344, 58718, 109755, 51487, 56810, 74669, 13954, 42741, 149822, 132543, 9773, 37169, 53103, 25845, 50492, 88620, 10000, 11757, 376430, 26808, 95173, 30000, 30000, 80000, 20000, 180000, 160879, 107170, 115955, 120000, 12804, 108612, 10000, 37851, 23536, 29781, 80000, 30000, 71838, 14373, 11095, 83124, 191874, 64603, 29422, 180000, 133734, 90704, 20000, 390000, 40000, 11206, 21794, 10029","40.62, 64.09, 23.49, 18.48, 26.44, 35.3, 62.18, 37.6, 21.47, 19.78, 24.1, 34.52, 21.47, 26.13, 30.48, 58.02, 38.81, 39.74, 52.1, 47.34, 38.59, 45.86, 36.82, 25.44, 53.93, 31.72, 32.26, 48.37, 37.82, 59.44, 83.7, 40.35, 54.86, 47.86, 31.13, 59.06, 31.16, 51.05, 43.2, 59.93, 49.43, 59.82, 32.52, 33.34, 49.87, 32.38, 56.63, 10.8, 39.17, 39.55, 37.35, 51.26, 39.78, 26.14, 28.61, 16.5, 55.49, 48.04, 46.82, 34.59, 38.26, 34.96, 22.14, 53.12, 46.08, 23.8, 38.82, 39.9, 24.82, 47.4, 38.62, 28.09, 24.59, 32.87, 47.25, 25.46, 45.42, 39.44, 88.13, 14.03, 27.23, 33.74, 22.73, 31.34, 52.82, 6.92, 27.64, 57.49, 28.18, 45.04, 37.05, 29.28, 29.28, 29.49, 48.74, 63.67, 60.03, 37.28, 42.58, 9.68, 66.12, 24.42, 32.56, 33.72, 28.4, 44.26, 13.84, 42.73, 26.27, 11.39, 74.68, 58.6, 36.24, 33.23, 71.33, 54.88, 66.62, 25.67, 85.29, 31.2, 36.64, 30.01, 24.7","1, 2, 1, 1, 1, 1, 2, 1, 1, 1, 1, 1, 1, 1, 1, 1, 1, 1, 1, 1, 1, 1, 1, 1, 1, 1, 1, 1, 1, 1, 1, 1, 1, 1, 1, 1, 1, 2, 1, 1, 1, 1, 1, 1, 1, 1, 1, 1, 1, 1, 1, 2, 1, 1, 1, 1, 1, 1, 1, 1, 1, 1, 1, 1, 1, 1, 1, 1, 1, 1, 1, 1, 2, 1, 1, 1, 1, 1, 1, 1, 1, 1, 2, 1, 1, 1, 1, 2, 1, 1, 1, 1, 1, 1, 1, 1, 1, 1, 1, 1, 1, 1, 1, 1, 1, 1, 1, 1, 1, 1, 1, 1, 1, 1, 1, 1, 1, 1, 1, 1, 1, 1, 1","1656798689864, 1656799128841, 1656801996703, 1656802148867, 1656802199219, 1656852279690, 1656852358363, 1656859690777, 1656892577950, 1656893792127, 1656893907735, 1656894836939, 1656894915471, 1656894963035, 1656940029588, 1656973975197, 1656974053493, 1657055436292, 1657055612311, 1657068550658, 1657151873366, 1657152107645, 1657157006862, 1657190028727, 1657190040157, 1657190280991, 1657208469379, 1657208549067, 1657318607917, 1657326388343, 1657404480439, 1657404918552, 1657456780474, 1657456893685, 1657457985552, 1657504275857, 1657504538878, 1657504713002, 1657513078553, 1657552347045, 1657580069672, 1657580175355, 1657629344893, 1657654413205, 1657654442365, 1657654600405, 1657712112910, 1657713072747, 1657713143033, 1657742242320, 1657819212323, 1657882112927, 1657882326995, 1657893904899, 1657894484780, 1657894508061, 1657911356628, 1657913345058, 1657913926018, 1657914266655, 1657914397136, 1657914460579, 1657914542852, 1657914598451, 1657914846531, 1657935027333, 1657935133282, 1658152565560, 1658159041641, 1658170789002, 1658269478868, 1658274819117, 1658315494609, 1658334811116, 1658370102903, 1658520387730, 1658684816509, 1658684869827, 1658685166500, 1658685300778, 1658794728030, 1658794795213, 1658794916769, 1658865430485, 1658865441586, 1658879295912, 1658892326041, 1659091431795, 1659091632133, 1659230002994, 1659231924841, 1659232055170, 1659232248136, 1659232455803, 1659309793092, 1659310299168, 1659310743055, 1659310852621, 1659361651196, 1659382520328, 1659433964710, 1659434025021, 1659434273757, 1659442783897, 1659442808553, 1659443032409, 1659443366844, 1659484138574, 1659614069338, 1659614159305, 1659701260026, 1659729828145, 1659730065438, 1660054972793, 1660137976403, 1660169398514, 1660246466219, 1660436018875, 1660474619573, 1660475757708, 1660516001640, 1660516096198, 1660516147839"
2ce106a11e65870bc7fb813d452cdbe8f0fccc7af134b5532ff0e8679a6f64b0,Non-Logged,86,"1af066d5-c7c7-4161-a755-6bc182ff5e2b, 08fddd5e-5e17-49c6-924e-78cc3a24cedf, 56b83b31-ea22-4d55-a66d-79c6205d4374, d6b4d7b3-1721-4721-aa00-29fc7b97a567, 93edaf51-7beb-45dc-8895-0e404791d474, 2c007eda-a10f-4b12-978f-b439fb02c929, a25e68dd-1343-4dc5-be73-2ae40aaca5ee, a2200d09-93d3-406a-93f0-b29d93b9cb0d, e0ea3a01-585a-4c38-962d-07a1cbca4e64, 0baa8cd7-1eef-4960-aeb4-4128e58efba3, ee4c7604-3433-4b26-81a8-b01a5a7384b0, 91dd61bf-7c49-4276-bba6-1db2804921a9, cbbc09bb-d46e-4542-86bd-f6df649bf88a, 78cd03c9-065d-45b3-b7f6-c4cdc0dac684, 54fd7baf-8310-4f36-a55d-7f2141ca1f0c, f4ebf1c7-18c4-4e53-b2ae-c86ad1af3499, 62dc4dfd-5adb-4b16-8daa-129d7e29a3c4, 1297c4ff-4463-4a8b-99af-41759a77243d, c4a26728-d72b-454c-821d-0f22d2307a4b, 058b125d-8983-48df-9f0c-c7aabbe7cf7f, 0e8c2624-a039-48ac-8d5f-f1482ea5b36e, 100ff71c-da18-4182-9672-369324a71bb5, 7c2c0c12-6dee-4f32-ac9b-15bc975ebbbc, ad42c4b0-dfb5-49fb-87bf-7b5d055b6e8e, 78000f1d-fff5-4923-b3e5-4e703a91b884, 06294fd4-5d1e-498f-9a46-b0631ebcb60e, 17d49b6f-e68d-4fdb-838b-63c558b5d7b7, 21de16a9-3de8-4619-85c9-7c7f78f8e0fd, 755b1e45-aa5c-451f-a13d-3c888cde313c, 945fe586-7082-4cb4-a915-c1023f56f7ae, 7ccdee1e-c91a-4c93-8bca-d671cab1ee1c, 15281e10-e6bc-48bc-9b1b-94402f83699b, f99b18af-54d4-45ae-acf7-459fc5605699, 5b9271a4-a750-4dc8-bdf8-20653b1acfd8, 3495fba6-f539-41b6-a714-fdf857133120, db276522-a301-428b-84f6-6497439da7d2, bc2813a1-191b-4255-a4b2-373c5930fbb8, 5f2f1833-d203-486a-ac56-665fc3767018, 11527b39-20c8-4b33-8862-6c9069bb7c0b, e384ec29-136e-4241-9321-49b367b8cbd5, 5879ce90-44a2-4c61-82a0-ef49c32acb7c, b227a8bf-0c8a-4257-ad11-a31efe390e88, 40023249-3958-4f6b-ab9b-618137dff9b2, b8c5fe1f-3a90-4d3e-815a-0ead7c440ced, 4e73dd4e-0e2b-4a11-8f5b-658619b08027, b3984824-9eea-4ad9-ae37-b07782ecc313, 177e58be-2a70-490c-8aaa-e2247919b282, 13de7eb3-e598-4525-b293-d26654e41460, 5b90df37-0b8b-44d6-abdb-6fad31217c26, 8ce81c16-71ad-4eb4-88dc-d6a85c49dbff, cb324527-6a66-491d-b53c-6a6d7ece566f, 25252b0f-9b1a-4d11-b74f-d51f5261be1c, 9d5bb1a5-43b7-403f-9687-6bebccd58aee, 5d92add1-219e-4f10-9c1e-8d610487ab78, 6bfedd49-0861-4b0c-920f-7d6aea3806ba, 1349cb7d-a7d6-47de-b24e-444122361912, 564f0976-781b-44e7-96c8-7377097d0101, a9edcef3-47c9-4be0-803d-6350d045a78b, ebacfe29-ecfd-47a7-9460-b2e21810fc6e, 1c6341f3-ca86-4f0a-ba3c-5f2ecc924bc3, b45d3be3-1172-4a62-8b29-a7c0faba7124, b232b886-15f7-4b54-b2ed-dc0ace41d18c, e428a817-8f18-498f-9b89-2a8fa6db928c, 7f9ad365-71b8-4f99-a80a-678a6b3c9ccf, ab84fdef-a9ad-4709-8643-3b9c4f1f5291, 7ff0d8a1-55d6-4459-bdbe-c51f85e58bf6, ca587611-a578-429e-b857-8f83f638aa18, 8f75a750-5047-487d-a864-f5b429098b05, bc801a33-1b72-4ad2-be22-c2ed6c28c7a9, 2a6d85db-5d21-4958-af4d-42dcaab01dae, dd4d0068-ae1b-4e78-a7e5-7e8c2a4a5615, 17cd0bfe-ca81-42fb-9738-d73a615299ff, 2112539a-9dd3-4514-9463-4d3edf29e525, 120a7b88-a7a8-42c9-85a2-7c25c5477384, e2f2e651-177b-4497-84cb-36de7166b0da, e333f411-51b7-4c21-bf6b-7678ad4dbc71, 49e7835b-b2b9-49d2-b0f6-0ca7cc375643, de160ebb-ffe9-492a-b9b9-38fe3d69a846, 350f87bb-204f-48a1-aa24-6f038e119039, 5dbf1167-2e93-4408-a447-3c93b4eb9f40, 362d282e-5d9d-4691-86a6-21bcac0703d7, 563cf0e0-d4d7-44f8-a30f-bba9f9137bcb, 9bc6f6fa-94fc-4748-b4ff-40aaa6c4f525, c309c7aa-b438-416a-b3a2-bd433614c6ab, b2b87f61-2f4a-4a7c-a22a-cf3928fc80c1, a5f3f74d-1180-4bbd-b1df-7a725331b7b8","1656683043861, 1656683153709, 1656944237030, 1656944411892, 1656944980807, 1656955299503, 1656957499900, 1656964497074, 1656964734658, 1656964787866, 1656964911940, 1657115864796, 1657116018517, 1657116181272, 1657136510002, 1657140098109, 1657140278312, 1657140492734, 1657202586562, 1657221168601, 1657221270073, 1657221370484, 1657555188015, 1657555723234, 1657558009029, 1657567462154, 1657567564170, 1657568293943, 1657633044250, 1657633518641, 1657633887876, 1657634892135, 1657640333484, 1657640995670, 1657641172477, 1657641516816, 1657641580426, 1657644178277, 1657656829185, 1657657296567, 1657806597794, 1657806762827, 1657807375867, 1657807532262, 1657826990074, 1657827318912, 1657896827460, 1657897082611, 1657905793259, 1657906043811, 1657906985045, 1658152196085, 1658152302384, 1658153206456, 1658163744761, 1658169793805, 1658169963104, 1658170296123, 1658239128931, 1658239447170, 1658241612360, 1658250758558, 1658250876246, 1658253419438, 1658253620906, 1658253774750, 1658324961572, 1658344780714, 1658344992820, 1658345306558, 1658345599238, 1658413623731, 1658425881130, 1658425900677, 1658525656191, 1658525898654, 1658772723842, 1658776111934, 1658843832398, 1658844325404, 1658845390579, 1658845651186, 1658846317243, 1658846525330, 1658846614780, 1658855769020","0, 0, 0, 0, 0, 1, 0, 0, 0, 0, 0, 0, 0, 0, 0, 0, 0, 0, 0, 0, 0, 0, 0, 0, 0, 0, 0, 0, 0, 0, 0, 0, 0, 0, 0, 0, 0, 0, 0, 0, 0, 0, 0, 0, 0, 0, 0, 0, 0, 0, 0, 0, 0, 0, 0, 0, 0, 0, 0, 0, 0, 0, 0, 0, 1, 0, 0, 0, 0, 0, 0, 0, 0, 0, 0, 0, 0, 0, 1, 0, 0, 0, 0, 1, 0, 0","64416, 154842, 80000, 130000, 90215, 54314, 187898, 123789, 35303, 109328, 32129, 93553, 77679, 110000, 63177, 111962, 189640, 94518, 80000, 96626, 69155, 100000, 292014, 54290, 110000, 99180, 230000, 50000, 210000, 348713, 242177, 218186, 90000, 110000, 247084, 46787, 218429, 104772, 83709, 105745, 70000, 463003, 70000, 150000, 141528, 47707, 170608, 63047, 134777, 440000, 60974, 69502, 70389, 42075, 50000, 144884, 160382, 100000, 237062, 132800, 130000, 96317, 20000, 61910, 153157, 88564, 118071, 89728, 282192, 80000, 120000, 110000, 6420, 60000, 207728, 97156, 120000, 42812, 280000, 60000, 50000, 120000, 148277, 98824, 42211, 56687","55.24, 73.8, 39.75, 70.14, 62.94, 53.62, 68.02, 68.44, 47.71, 59.46, 66.28, 66.49, 82.84, 76.54, 57.43, 67.58, 82.19, 47.55, 52.42, 88.69, 80.98, 76.44, 65.66, 55.56, 60.04, 76.44, 85.92, 66.65, 71.68, 85.21, 64.26, 76.48, 48.87, 70.52, 79.67, 60.63, 82.84, 90.85, 64.39, 45.58, 79.49, 83.96, 78.74, 76.38, 62.0, 57.99, 69.71, 56.68, 46.29, 81.4, 58.21, 77.72, 75.19, 55.29, 58.18, 72.88, 65.58, 67.49, 76.44, 59.57, 70.55, 71.37, 39.9, 69.21, 59.09, 86.73, 53.85, 53.36, 73.32, 82.13, 65.03, 70.56, 57.7, 80.45, 69.85, 61.61, 72.6, 50.16, 60.5, 60.92, 65.09, 49.25, 67.39, 54.16, 52.02, 41.06","1, 1, 1, 1, 1, 1, 1, 1, 1, 1, 1, 1, 1, 1, 1, 1, 1, 1, 1, 1, 1, 1, 1, 1, 1, 1, 1, 1, 1, 1, 1, 1, 1, 1, 1, 1, 1, 1, 1, 1, 1, 1, 1, 1, 1, 1, 1, 1, 1, 1, 1, 1, 1, 1, 1, 1, 1, 1, 1, 1, 1, 1, 1, 1, 1, 1, 1, 1, 1, 1, 1, 1, 1, 1, 1, 1, 1, 1, 1, 1, 1, 1, 1, 2, 1, 1","1656683043861, 1656683153709, 1656944237030, 1656944411892, 1656944980807, 1656955299503, 1656957499900, 1656964497074, 1656964734658, 1656964787866, 1656964911940, 1657115864796, 1657116018517, 1657116181272, 1657136510002, 1657140098109, 1657140278312, 1657140492734, 1657202586562, 1657221168601, 1657221270073, 1657221370484, 1657555188015, 1657555723234, 1657558009029, 1657567462154, 1657567564170, 1657568293943, 1657633044250, 1657633518641, 1657633887876, 1657634892135, 1657640333484, 1657640995670, 1657641172477, 1657641516816, 1657641580426, 1657644178277, 1657656829185, 1657657296567, 1657806597794, 1657806762827, 1657807375867, 1657807532262, 1657826990074, 1657827318912, 1657896827460, 1657897082611, 1657905793259, 1657906043811, 1657906985045, 1658152196085, 1658152302384, 1658153206456, 1658163744761, 1658169793805, 1658169963104, 1658170296123, 1658239128931, 1658239447170, 1658241612360, 1658250758558, 1658250876246, 1658253419438, 1658253620906, 1658253774750, 1658324961572, 1658344780714, 1658344992820, 1658345306558, 1658345599238, 1658413623731, 1658425881130, 1658425900677, 1658525656191, 1658525898654, 1658772723842, 1658776111934, 1658843832398, 1658844325404, 1658845390579, 1658845651186, 1658846317243, 1658846525330, 1658846614780, 1658855769020"
36b9862ac66b52a218bebe9e28832b2d91cc0aaaa1cb14eff3f7abbfdf27ee6d,Logged,9,"1a61c798-cf91-462b-af8a-1979293d93be, 67c7a319-dc69-467a-81c2-4c03e88850a7, e63ef205-d49a-4cd6-ac85-059535e3d68c, 2a4a9704-cc13-4067-a60e-ba89e7fb70b1, 0ea0d77a-6210-4f01-b96c-0481c17dd58b, 62ca91ea-80ac-4186-a503-c7875d6e9b55, 1adc013a-282a-4cf4-b402-673e469e6c50, 4700f517-5c5d-483c-81b7-d77aca04991c, 314a944e-eff6-4229-9c94-76bead3e9095","1658522555156, 1658527942030, 1658770374613, 1658771880725, 1659048031295, 1659396743170, 1659397008530, 1659626325288, 1659628471390","1, 0, 1, 0, 1, 4, 0, 1, 0","120000, 20000, 22642, 40000, 70000, 76718, 56106, 185043, 91197","41.24, 36.68, 17.23, 25.44, 24.74, 24.7, 31.25, 66.74, 68.47","1, 1, 1, 1, 1, 1, 1, 2, 1","1658522555156, 1658527942030, 1658770374613, 1658771880725, 1659048031295, 1659396743170, 1659397008530, 1659626325288, 1659628471390"
8f780aa7fa9c6c7dbfeb44ef12e28ac33d49229cbc4ce84ebd3ad3a5b3451da7,Non-Logged,100,"9442c690-21b3-42bc-9e5a-f880de0fa0a8, d173164f-dcfc-4e32-8006-64ab44a57c66, 89aae87e-4c3c-4cab-ae0b-90454cd91e6f, febe2095-c935-4b8f-a70a-c87eaf77e212, 2a9226ae-a3a7-40b5-b800-ebabe6229a29, 18633c31-9144-419f-95b7-7bbac07695c8, 1f32787b-de2b-49be-8c20-ddaeae34cc22, 8539595a-8f2a-48ec-bfef-7cd73b6fea29, 44e28e7b-08db-4a81-9ca3-a4140ca332ed, 44db03fa-78a8-4296-b8c6-f6aba1c995a9, 65ec130b-e557-4075-be1d-ab0c967b643c, 78f442cc-1fb3-4bf0-a9c7-ab6cf5a73526, 2a1fff79-95b7-4e72-a8f1-453414fdda1a, acbe209e-8cbb-4e2b-84ca-3d942834b4de, 06122c9e-23b0-4b60-9361-7ba951e9f11b, c6af277b-d658-493c-9d7e-342e5d6759c4, 9958aafa-3a3a-416c-a2b9-5d96769bad83, 0981aa5a-7687-4aec-bcf7-6868ea563935, 6bfa9f59-121c-4f06-9499-bc747fa302e1, 3ce73782-d80e-4031-be53-5761b158cae7, 883603aa-c0f3-4c3a-ae3d-e36e1311c9f9, 7b802737-ea2e-4c92-b2de-faab5ea33d76, b2a21491-7576-4be0-a520-97ce9470efeb, 5dff8fb2-73e6-4c22-a34f-c367aa2677df, df5d45f4-5d75-4f49-90ea-c71e6e56ded8, b182c3ed-17bd-457e-9b60-2afb6b2971f4, 39410577-0d94-4790-ac41-81362bc8c915, 3230374d-3227-480f-8aad-be40e7918a89, 723e9dee-7bb7-44e7-87b8-5a377f11ada9, c2bdb566-5843-4556-8a1c-8a946b3de803, 2db078f6-8ff0-470e-929e-504c97d6175f, a3546453-e741-493b-94d1-9043ba082039, 2b52a54f-10f5-4d4f-b7a6-bbe48c7e87ae, 96d328b9-5da7-4389-a9ac-765e98971ab7, 3215d22a-724d-49c9-ba70-0ba31df4949b, e5b31e24-1bfe-49d5-a0b2-8af464411fda, 8c37ed33-976c-4100-b831-5a776c7a6716, e1a89c3a-1649-486f-a964-ecfb33821e77, 385044ad-3876-4188-83fa-f560435c1a9c, d96a7a41-2ed7-4d18-8346-a421536e1053, e6574d0d-a7c2-4830-a544-7497929d044b, c88cebc3-e150-4efc-993b-76cda07dc6ef, 1fd81f89-cca7-4122-8749-db21b14c25b1, 4e9c2825-ff13-41ca-8e91-edd848060d19, 364bcd6a-f729-47b3-ab40-e0b613a44861, 878bb9dc-abba-4e51-89df-36c292eff71e, e98a3169-1474-45fe-a677-a48203c9e8d0, d3c22140-1b41-4f2a-9148-3f77d6c2dd55, 347a01fa-6f39-49c7-9a61-72db9eca0d19, 882e7c95-935a-4eab-9ece-f85f5f7d0f4e, 5ecc4b24-ff5d-4f8c-8449-53de3b34d213, b74b005a-6563-40cc-9abd-509c7039d683, 0ca6238e-51b3-4d82-b50a-c6756934370b, 9220d7b6-6427-4d22-a558-a36009b9fe76, e8c2b4c1-7a78-417d-b531-43a0ed130334, 3936f6c7-3f6c-4205-8cda-3178160b6cd4, ec7dbae8-2ef3-4fa0-8b70-22b425f09f5f, 1c27cf97-b20c-4e40-b1f1-288b721517b3, ec1a1461-e32e-4259-bef3-7577893b0686, b954a1b6-d613-4012-8bb5-d60ffb9e94e6, e77e093c-d944-4d4c-9143-e67c75c616c5, 4e986ba0-ca6f-479f-979c-a111d0a2b7dc, cbbc09bb-d46e-4542-86bd-f6df649bf88a, bfd7eaa8-9116-4382-b00e-afc35498dbf1, 58c69cde-570a-4558-bca6-987480110522, d262c24d-1d6a-4c9a-97db-a721bd27f9db, 0e145870-309c-49d6-bc87-f9e88bb52fd1, c348728e-89a9-45b2-aaaa-89bb24ed7e01, 14c3f59e-9316-4f04-a580-85d212e56ca3, 9663db9b-350f-47a0-b95c-ad76e3b40f9e, bd1bc41b-79a2-4b09-9ca1-b1e26805810c, f6b5d170-48b9-4f8e-88d4-c84b6668f3bd, 669c0100-aab6-4ba2-a35b-0ad457fa4a4b, 0d6e08ef-4767-4134-8bc6-ae3c0d01259a, 3b17a90a-30ac-4918-aefc-d458840d2202, ca35decb-6955-44b5-b2fa-eb4529c3cb5c, e384ec29-136e-4241-9321-49b367b8cbd5, 09131b7e-f907-423c-93e0-5ef8913d8c7f, 5b90df37-0b8b-44d6-abdb-6fad31217c26, fdab1161-53cc-433f-8c1f-636130bbaba1, 458bf0ec-efb4-4bfd-9446-c80295e6aa87, 7f9ad365-71b8-4f99-a80a-678a6b3c9ccf, b4e66cf2-2dfb-4849-8ffe-f4ca5ca3b06b, 3f41bd05-2322-4c52-92a4-a08808318edc, a76dc579-5e75-4d29-84ec-0e8b7cf477e5, 9927129f-ebc0-44c4-a66e-99cf356bf4a4, 698ce0ed-49f8-4a09-bee8-f3be6b6c9ebe, d5fe8ac5-a1f3-4287-a2b5-b12eb503abeb, 31ab9392-14bb-420a-9d67-6ce87b4c1a94, 50f85bf5-c153-4611-bf35-2f781ae4e234, aecefcfe-15f2-4d3d-883f-3d16aca6bf58, 5411ee8b-c3bd-483a-a3dc-139c90544d2b, 1e64f42e-ee69-40d1-bf73-6acb28de639b, 0811f0bd-8c5a-4b19-b10c-7d533479dde2, e4a32f87-4d4a-42dd-b1d0-b4d0564b03bf, 79fa537e-6643-4a83-8896-2e1ea3d18215, 27c69991-48a3-443b-b282-e85ba5eb7f21, f406dcd6-e052-416d-86f9-33a2a4eaa9ac, feee3eb1-d625-4766-9da5-d855ac2f557c, ea12f8aa-58b6-4ad8-97c7-2a4266f95c57","1656697880635, 1656955659893, 1657196980992, 1657217616134, 1657217698236, 1657217817417, 1657217907681, 1657218017904, 1657218112392, 1657218143358, 1657220460531, 1657301709289, 1657309337423, 1657309467571, 1657312778773, 1657312956493, 1657313053819, 1657313210044, 1657536364490, 1657550099454, 1657737925570, 1657738211303, 1657743615942, 1657895154597, 1657895782459, 1658164833966, 1658236501833, 1658250105207, 1658316206716, 1658327771032, 1658337819931, 1658337876211, 1658337979518, 1658338279490, 1658406661169, 1658414910219, 1658426673819, 1658427019625, 1658427084750, 1658436846187, 1658516127993, 1658760803460, 1658774622821, 1658864336685, 1658864419601, 1658921933155, 1658946556889, 1658946963415, 1659008413809, 1659008552547, 1659016507836, 1659027437789, 1659035458209, 1659095629107, 1659095971261, 1659116775704, 1659447827465, 1659460379735, 1659460617372, 1659460722929, 1659460784735, 1659523370087, 1659523595429, 1659523860005, 1659532027440, 1659555074564, 1659555135346, 1659555422523, 1659555544601, 1659555736651, 1659555833884, 1659555940953, 1659706971973, 1659707155309, 1659707323262, 1659719793032, 1659725890578, 1659726155469, 1659731734437, 1659964427520, 1659964445057, 1659964624084, 1659964640131, 1659989838268, 1660064070380, 1660064183874, 1660065062822, 1660129971910, 1660135181294, 1660150811724, 1660160803475, 1660163038767, 1660215394418, 1660215539496, 1660216152999, 1660216470597, 1660228368208, 1660228472947, 1660228711891, 1660325487247","0, 0, 1, 1, 1, 1, 0, 2, 1, 0, 0, 0, 0, 3, 1, 0, 1, 0, 0, 6, 1, 2, 0, 1, 0, 0, 0, 0, 0, 1, 0, 0, 0, 0, 0, 0, 1, 0, 2, 0, 1, 0, 3, 0, 1, 0, 1, 1, 0, 0, 0, 0, 0, 1, 0, 0, 3, 4, 0, 1, 0, 1, 1, 0, 1, 0, 7, 0, 1, 1, 0, 1, 1, 5, 1, 0, 1, 0, 1, 0, 1, 0, 2, 1, 2, 1, 0, 0, 1, 0, 0, 0, 0, 3, 2, 1, 1, 1, 1, 1","70000, 24280, 12248, 80189, 117154, 83472, 38072, 92798, 28748, 30000, 62442, 10000, 46350, 186181, 175653, 20080, 80000, 139863, 33243, 250000, 140000, 140000, 166203, 74081, 60000, 20646, 36498, 40000, 40000, 50000, 5066, 58950, 59246, 107456, 98630, 50000, 46625, 40684, 50000, 21173, 20000, 60000, 230000, 17191, 190000, 95321, 110000, 110000, 29598, 76845, 109948, 50000, 42791, 170000, 30000, 57422, 262186, 103865, 59528, 55594, 43167, 120000, 161079, 43226, 81780, 38905, 218111, 40000, 90000, 89228, 39927, 90000, 175024, 75724, 218284, 93529, 253573, 134597, 87621, 6460, 114882, 10000, 140000, 60000, 106548, 102370, 33991, 184155, 92018, 80000, 60000, 120000, 134367, 387899, 311937, 130260, 98988, 187836, 135003, 52762","19.19, 81.52, 51.76, 74.07, 74.97, 43.37, 67.17, 49.91, 79.23, 42.51, 39.4, 15.5, 55.84, 35.64, 87.12, 39.95, 44.22, 88.21, 59.13, 58.98, 88.84, 79.26, 79.26, 38.47, 32.93, 49.9, 64.72, 58.44, 32.95, 43.23, 44.03, 62.8, 62.49, 45.71, 63.11, 37.04, 60.43, 86.58, 29.52, 57.05, 13.32, 14.09, 100.0, 27.32, 85.05, 67.86, 86.52, 35.14, 53.67, 54.95, 88.23, 54.12, 60.96, 85.97, 28.19, 34.24, 91.77, 79.14, 61.68, 79.77, 9.72, 69.36, 72.23, 36.4, 63.1, 58.78, 76.84, 6.56, 87.03, 83.78, 27.8, 46.72, 77.78, 59.79, 70.96, 50.03, 64.75, 73.48, 79.43, 59.0, 82.84, 7.3, 74.82, 55.23, 90.46, 87.66, 81.43, 83.69, 44.86, 68.28, 59.3, 87.07, 81.99, 87.71, 89.44, 61.51, 84.99, 95.28, 85.8, 64.12","1, 1, 1, 1, 1, 1, 1, 1, 1, 1, 1, 1, 1, 2, 1, 1, 1, 1, 1, 1, 1, 1, 1, 1, 1, 1, 1, 1, 1, 1, 1, 1, 1, 1, 1, 1, 1, 1, 1, 1, 1, 1, 1, 1, 1, 1, 1, 1, 1, 1, 1, 1, 1, 1, 1, 1, 1, 1, 1, 1, 2, 1, 1, 1, 1, 1, 1, 1, 1, 1, 1, 1, 1, 1, 1, 1, 1, 1, 1, 1, 1, 1, 1, 1, 1, 1, 1, 1, 1, 1, 1, 1, 1, 1, 1, 1, 1, 1, 1, 1","1656697880635, 1656955659893, 1657196980992, 1657217616134, 1657217698236, 1657217817417, 1657217907681, 1657218017904, 1657218112392, 1657218143358, 1657220460531, 1657301709289, 1657309337423, 1657309467571, 1657312778773, 1657312956493, 1657313053819, 1657313210044, 1657536364490, 1657550099454, 1657737925570, 1657738211303, 1657743615942, 1657895154597, 1657895782459, 1658164833966, 1658236501833, 1658250105207, 1658316206716, 1658327771032, 1658337819931, 1658337876211, 1658337979518, 1658338279490, 1658406661169, 1658414910219, 1658426673819, 1658427019625, 1658427084750, 1658436846187, 1658516127993, 1658760803460, 1658774622821, 1658864336685, 1658864419601, 1658921933155, 1658946556889, 1658946963415, 1659008413809, 1659008552547, 1659016507836, 1659027437789, 1659035458209, 1659095629107, 1659095971261, 1659116775704, 1659447827465, 1659460379735, 1659460617372, 1659460722929, 1659460784735, 1659523370087, 1659523595429, 1659523860005, 1659532027440, 1659555074564, 1659555135346, 1659555422523, 1659555544601, 1659555736651, 1659555833884, 1659555940953, 1659706971973, 1659707155309, 1659707323262, 1659719793032, 1659725890578, 1659726155469, 1659731734437, 1659964427520, 1659964445057, 1659964624084, 1659964640131, 1659989838268, 1660064070380, 1660064183874, 1660065062822, 1660129971910, 1660135181294, 1660150811724, 1660160803475, 1660163038767, 1660215394418, 1660215539496, 1660216152999, 1660216470597, 1660228368208, 1660228472947, 1660228711891, 1660325487247"
7764ca6d6f4ab9c16cc1f54d6ad52f5171746f5ce4909d8e672875bc1a1249a5,Logged,3,"a32c2469-f257-44e3-b196-e274ebaeb4b5, 75199a4b-8af8-461f-8930-aa7b3d82eb4b, 13f3228d-65b8-408d-862a-06094832dfe0","1659731580183, 1660076345483, 1660076363974","69, 29, 190","133306, 28882, 248733","55.83, 29.93, 78.53","2, 2, 4","1659731580183, 1660076345483, 1660076363974"
910eed6b4edca038802e4d682a457105238c81a2676dd29256dfb9b01bf715f5,Logged,160,"e6be325d-18f3-461d-93b4-435a7c9a6311, 109adb08-8ff3-408b-b828-e16b51788202, 3082a59f-4978-4d36-acf0-7d08804fb925, 461707f2-0460-420d-a77f-c09ebaf8354b, f1ef8827-130a-4915-8690-3ad85e1ca80a, dda7ac72-2500-43de-b630-56c6e8e5a913, 53798cca-fb53-47d3-985b-b081b0f6c7f6, 122f6889-00a5-423a-a085-ac97b73c61c6, c7b9ab55-c768-44f6-9976-812f65d62c87, 426e9777-7ad8-4b0f-98f4-48e8ee96ace5, f8f8fe7a-1ca9-4c0b-8347-eee307a0c45c, 54fd8bf0-d4f2-42f8-89c6-a6d49245954f, b61239e0-eaae-4c65-8ecc-4eee436f7744, b3410419-d387-4e10-91ad-4c8830b196a6, 6110a74b-265a-41b4-b40e-e9c94842006c, 5e0e0692-d30c-4fa2-8da8-3fd00a39290f, 68bc8994-ebef-4e48-8478-e7fe1619ae58, 39dd701b-dbe8-4aab-8306-932c6e67cbad, 17282bc4-4f0b-4a83-91c4-7dbccceba6bc, 9c0c8ae9-4899-4e77-880b-0bf6abe6e08b, 2c1a1f2a-40d4-4b99-aa33-d6c62e4eb49c, 1f32787b-de2b-49be-8c20-ddaeae34cc22, e5dff3ec-c282-4cdc-902a-797474029014, a3a2b2fd-9ae8-4fcf-bbd9-7db104411fcc, 2dc96e27-f87b-4803-b3e6-c1288ad2fce9, ceec35b1-c1b1-4d40-bdd1-0f906361f08b, da06dc6b-5f61-45c7-af19-51f03b4abd92, 9971bdc4-7a95-45e4-a087-83ff44baa7f5, 03ba69ab-cc64-4332-b152-7ec9e99305a8, 40a1e4f4-6daa-45f9-8c26-79fc9bf04bf3, 8f65c24a-09eb-435f-9180-2fc3d2f60d71, c5103dc1-bb43-426c-98f0-7e7812a5fa5a, 5bf8b3a3-3916-40ca-8672-a9f3df311825, dea7a573-00c3-4e58-aea3-3622c8fbde3e, 0e63f228-3f5f-4883-a851-d557a36c603a, 9a7695fe-83b3-44f3-aa45-a02d75e5052a, d5643c9f-d091-4e6e-8474-0b2a67eba181, bd1276fb-8d3a-4d85-9301-d221476dfe23, f13bf60f-17b5-4443-9513-c52e7a933bac, e5b31e24-1bfe-49d5-a0b2-8af464411fda, 9472dc53-33c1-4d80-be4a-b3c9a599a2cf, 86164891-81b4-4474-998a-7eb5167738b5, afb60617-1813-4e1b-93cd-e4f7c7a564cb, da45f558-43ed-483a-ad2d-57ef3755d59c, c0d537cd-eae8-40a2-8c15-b70a73480daa, 02910a33-93ba-49fb-9bfa-f8db58520cdb, 3f54a74a-cf6b-42ae-b372-b3e26e57afba, 11a28a90-a06f-4dca-b66f-d43de5245e8a, 4076d859-88bf-4956-8005-41bb5ef30c47, 71681057-933c-4dc1-af2c-05c487ffd991, 1ce7d5fe-d447-45c6-8c58-ae173fae6bf5, f5430f37-406b-40b3-9dcd-4dfebffed540, 7b056bf6-c232-46bd-8903-59145ff7ce46, bf915bcb-9984-4c75-b383-d61cef6f40c7, bd408e7a-3931-4b8b-a235-df844b7d817d, c8d42cca-7fad-4003-ae03-215219f9468c, c1bfb400-2023-4d62-9ecb-a881d87e7eb7, 6b87f422-3b1e-4e7d-a170-c72c80ab9380, bd3aa0e4-3366-45da-81ef-9cc18dabaa2a, 139c9e4d-b7eb-43d0-b2fc-1cb230f0adc8, 882e7c95-935a-4eab-9ece-f85f5f7d0f4e, d2a66890-151b-4e69-8dbf-32b0de4b24a6, e0e32dfe-2a21-4173-8186-44e0ae091fae, d8ab72b2-7618-48b6-839f-e80cecbba5ff, 7ab5bf7a-8933-428e-afc2-b55709618c4f, ec7dbae8-2ef3-4fa0-8b70-22b425f09f5f, 949a81ac-5df1-4e7b-9f4e-e364b5603e68, 330c84ea-9e36-4580-903c-e40ee4d6ead6, a61751ed-cf1b-4929-bfc4-66e6916bc5d4, 9b08eb47-7b52-42ef-99a2-678fb8ce08dd, ea3b1e84-69a9-461a-92b4-8206903def33, 3e54b313-2fde-4180-9948-74e889dd9430, 9befb7ac-39cc-41b2-b0a9-cc2d6a88f558, d9aed474-2ee1-49a6-9452-2182d3bdf386, 02e4c8f2-12ac-45bd-82ee-06db6fa15b50, e93f13f3-466e-4a34-8cb3-09460b909d29, 4a983c7c-cd3d-4ef8-9584-eb83fd7fa90e, 61c01623-05d1-4e91-bcfa-2e95ebd2a66f, d6c6e4c7-489b-414f-a22e-41b63b4b8fdd, 11649ce1-ed5a-46e0-92da-eb105f4555ff, 91dd61bf-7c49-4276-bba6-1db2804921a9, 03b2975b-7493-462b-a851-711ce6beb6c0, f4e179e7-d4d2-416f-8997-51f421bcab2d, 03d7e455-6e17-4bb6-97f1-9ac6efc450af, a41cc789-d64d-4d8d-9543-2628ff1a4d88, 11055e00-6ed9-46c9-9795-392ab21c61ef, 43cc5638-6dda-4f23-be83-647bac748e70, 115f6177-e050-4e0b-95bd-7759d9af87ab, 0ad9488c-bdb2-4843-bacd-110f6785d8c2, f6b5d170-48b9-4f8e-88d4-c84b6668f3bd, 5ef371d2-457b-4154-a55e-0e1d617d6528, dbfcda30-ec9a-438c-ab16-ae5bfb1465cc, d2205452-e07e-4625-b7c7-040196cf1ea8, 9c774053-1d2b-4c81-9306-610791b60d3c, 0afb7e89-ae34-4985-91ff-2125e590447f, e5c4988a-9803-44f9-b6c9-bdd848e10632, 41a5ceb6-c603-44d2-af37-bc159ed58fa6, 7c2c0c12-6dee-4f32-ac9b-15bc975ebbbc, 121aa523-d5cb-473f-ac9d-2fcbc44ff3b1, 533b3efd-b7d4-418e-92a9-0a1d88440963, ff78044a-d176-44c0-a3dc-d039f74d1d73, 0cf08a84-e902-4ef5-b978-08921a76fed5, b7392db6-0be9-4baa-8bf6-c7a17d4d6919, e0425f71-24b4-46e7-b800-408a4de2ca73, f8274d89-525f-49c4-9331-68b69b03c5a6, 94c77949-55cc-434b-84bc-f84bf875da63, 7d8508f9-2042-4b28-b10f-cbea5a3e30af, 87dfb73c-6645-47d4-a205-1abaeab76ad4, d95c79bd-06de-498d-b837-7eb9d81c8520, 4436a584-86c7-415b-8143-3beeb7e18439, 8bc1cd83-03fb-4afe-81d7-b9e40c2a3888, 76f826c6-9d4d-49d6-8a0b-23085301b6a0, 8e2a6959-7184-4c32-9703-6ec03b2381ae, 35b75714-6aed-44bf-9a87-1d8054d5be98, 979cc774-3738-45e4-b208-b5e1f13623f2, 66f38317-17c5-4c17-8926-765d1089c2e3, ae883cc3-2dce-41eb-9158-9e4b8aeeb20e, 5010aa89-36d7-4ee1-90c7-64025f2e26b6, 0c17d78a-f867-4fa9-acd2-0180e9724edc, 5a70ddfc-8a9b-4a7e-ab92-c64252008427, 7966abf9-474e-4190-a9f6-baa5501068a0, 5b82930f-fdd7-4e5e-b720-8b1b8eb709d8, 727213de-82b8-41b6-9296-2c2ee095c001, ac1e6c6a-9403-45b1-902e-60f4b6914854, ee4e3b80-caf5-4e83-a66a-01e38f2b8475, 766281d9-c4cf-4bf5-b82e-374305ec7095, 1a732119-0975-4bc2-8077-cb2ae8d249af, 5af99ef3-adff-464d-9976-5c5d6391b014, 7c076eda-5b41-4b0f-815f-0f6400148b0c, 7c247d9f-12cb-43eb-b30e-d4330cea1898, 7b6d3c68-cc6e-477b-86d0-622fbe7ffdfc, d9f5db6a-1fdd-40d6-bf28-ccc1e1564d51, 3901a861-007c-45ad-94ac-c635d8663696, 005063cf-ad1c-4a4d-bc96-fb6b4298ec3e, 99f17c96-1798-44c4-ae43-b9f94e771b35, cd57090e-4d8f-40bd-acc7-f53844dd2414, 37283ff5-1ba3-48a6-bf29-c1165c3c261b, b7e453a4-f138-4699-8600-33f9d1534a7e, 5b1d5bc4-e234-4181-a10c-ed1197f52271, a4ac546d-33c8-4792-91c9-7d687cd3ab90, 6329820f-1dfd-4f34-b8ba-0bc81b10298b, d4cd0faa-4611-4311-b916-aff28db4b5a2, 01b6dab8-e07a-473f-b789-a2bb201fb835, 49214975-7aa7-4118-9619-028f61522e23, f3a1a5ac-ef7b-43b0-a079-9212460e90b5, 7043b3f5-6b0d-493e-ad8d-ead88427b834, 2ab5ed43-ddc1-4859-88b6-844bd5355a95, 41ff49c6-a469-4a85-ad6b-d160f357ef5c, fade3fca-a743-496c-8841-e0d98e8675df, ede8f363-4c27-4f5e-a70e-33f8aa31d94b, ebf19cd7-59ad-4541-9ee3-58d95b2ba720, abfbd835-78b2-4583-a8f9-1ec52f486fb3, 3db31d95-bc82-478c-997a-b462aab61fcf, bd109441-eec2-44d3-9b1e-1f6e264bc7ad, 5c2ab86f-1251-4f19-b6fa-fd89cb0c266f, e3f6e172-5893-4a65-abb5-4adfc2ae2685, 42fb9402-672d-4768-8d2f-03ea257150a0, 0c0a3dc4-b6ca-4262-9beb-6ff9a850dfe6, 6fb556ba-1a88-4787-a242-39b6cbfc0b5f, 913dd22f-3dea-4e50-9ce9-e9081a2dc38a","1656688985339, 1656760046072, 1656765866497, 1656788357872, 1656795861091, 1656796047791, 1656850804526, 1656851031649, 1656864226116, 1656882297332, 1656902946417, 1656902950484, 1656934914992, 1656935586840, 1657019835542, 1657019840534, 1657019876450, 1657177988129, 1657178036365, 1657214043827, 1657226296031, 1657235498072, 1657235961821, 1657309054838, 1657319593243, 1657340918635, 1657341122467, 1657371636289, 1657390594561, 1657408685148, 1657456416296, 1657481121039, 1657532786783, 1657533833856, 1657534216975, 1657580125020, 1657590959251, 1657623993055, 1657650312944, 1657670793132, 1657748079249, 1657791064965, 1657810192069, 1657828102591, 1657828110174, 1657828185939, 1657884585238, 1657916589708, 1657944657967, 1657982179103, 1657996739171, 1657998872709, 1658028013702, 1658028106864, 1658096962050, 1658160766715, 1658160849883, 1658185485996, 1658194138503, 1658227154444, 1658227550996, 1658227936150, 1658249994384, 1658250085788, 1658254544525, 1658259061078, 1658259070502, 1658271114326, 1658310229282, 1658310392788, 1658324480866, 1658486409890, 1658486551149, 1658486632573, 1658499485506, 1658499506024, 1658499520632, 1658499523806, 1658506834089, 1658512613088, 1658524050880, 1658524523051, 1658572874354, 1658591196296, 1658591326119, 1658591485392, 1658591556196, 1658591628919, 1658681579712, 1658701101187, 1658701458152, 1658758839769, 1658849957083, 1658850002315, 1658863906744, 1658874269305, 1658917200955, 1658918707847, 1658918934729, 1659016928344, 1659017031286, 1659059719140, 1659088812365, 1659135650543, 1659175718733, 1659175968447, 1659271049871, 1659298702308, 1659306800684, 1659347572605, 1659347831877, 1659348131126, 1659348179552, 1659349990007, 1659350028845, 1659377379821, 1659382956011, 1659472161834, 1659484739613, 1659492901288, 1659539776142, 1659577927187, 1659606906928, 1659636752334, 1659636756693, 1659636930761, 1659636969291, 1659673444989, 1659721967814, 1659739352612, 1659788991538, 1659789249196, 1659876311732, 1659902090017, 1659995606307, 1660074627613, 1660074653786, 1660127189916, 1660135844614, 1660142186264, 1660147759999, 1660155353725, 1660155358032, 1660209444842, 1660209653126, 1660230049159, 1660240722940, 1660305469764, 1660305778215, 1660305782829, 1660332010474, 1660332345569, 1660332360650, 1660332505155, 1660355337274, 1660382462450, 1660476538444, 1660494156202, 1660495715188, 1660496155378","23, 6, 16, 31, 53, 6, 58, 24, 45, 71, 0, 15, 25, 21, 30, 0, 24, 0, 38, 15, 1, 70, 10, 16, 14, 21, 22, 177, 97, 14, 26, 49, 36, 81, 14, 5, 35, 26, 10, 32, 19, 24, 13, 18, 0, 0, 26, 27, 28, 19, 7, 36, 28, 27, 29, 14, 18, 16, 25, 15, 10, 18, 13, 17, 15, 8, 12, 19, 29, 35, 23, 35, 19, 17, 0, 39, 0, 0, 0, 8, 7, 15, 18, 26, 37, 16, 10, 2, 1, 83, 10, 4, 4, 17, 14, 4, 82, 47, 47, 33, 11, 12, 33, 35, 35, 17, 4, 5, 5, 62, 5, 21, 6, 10, 15, 16, 13, 27, 6, 29, 20, 27, 47, 0, 0, 3, 2, 13, 6, 4, 46, 80, 51, 4, 16, 8, 15, 6, 11, 16, 20, 0, 1, 48, 8, 16, 11, 6, 0, 13, 0, 0, 8, 17, 32, 32, 9, 9, 84, 17","80000, 10027, 51485, 63307, 104507, 23675, 176691, 70000, 160000, 262302, 50435, 65153, 98921, 56721, 85873, 94767, 91400, 6682, 72899, 22132, 10000, 418605, 40000, 62786, 58681, 77970, 60000, 300000, 210000, 36588, 80000, 149517, 120000, 368596, 45069, 20000, 131720, 70469, 26446, 60000, 80626, 70000, 121460, 203530, 38822, 10000, 80000, 156115, 59415, 70000, 57869, 73078, 62170, 57787, 126974, 74353, 50000, 39359, 165903, 60000, 50000, 40150, 30000, 51743, 30000, 60029, 53993, 60000, 85193, 112487, 53223, 94868, 63684, 70000, 92300, 90000, 72186, 73410, 86482, 29691, 30000, 90000, 90000, 104032, 122605, 46397, 20000, 10057, 20000, 288593, 20000, 20000, 13549, 62459, 80000, 30000, 326623, 200108, 188163, 101624, 41796, 104204, 80537, 90000, 142481, 45527, 26684, 30000, 40000, 199769, 12493, 43088, 10788, 20123, 75518, 31026, 50000, 100000, 27298, 70762, 50000, 80000, 150000, 10000, 54041, 109676, 90580, 139361, 26458, 30000, 187342, 232266, 123525, 20000, 100000, 22421, 40579, 18072, 36538, 57897, 60000, 10000, 59201, 151988, 25879, 85975, 31030, 30000, 5378, 50355, 39450, 44702, 9408, 79150, 80000, 131940, 40000, 40000, 270000, 86483","47.9, 43.59, 37.74, 39.31, 50.31, 41.7, 71.79, 43.54, 54.27, 68.8, 42.99, 55.91, 59.36, 50.23, 56.84, 73.74, 63.6, 10.93, 45.16, 39.52, 42.4, 77.38, 47.26, 49.0, 41.89, 43.59, 49.91, 48.48, 52.08, 37.07, 56.9, 42.14, 50.58, 70.37, 47.91, 32.58, 69.39, 49.64, 30.79, 37.75, 26.02, 50.19, 33.75, 77.07, 67.65, 8.31, 70.35, 57.84, 41.8, 45.35, 30.77, 54.26, 42.0, 52.34, 72.88, 37.82, 39.12, 31.26, 61.41, 60.02, 40.88, 41.53, 49.3, 43.8, 50.25, 46.61, 47.48, 38.62, 40.56, 48.11, 45.2, 59.45, 45.25, 45.42, 53.63, 40.85, 54.28, 51.11, 44.83, 34.5, 28.48, 63.46, 54.11, 57.02, 72.44, 52.27, 40.39, 25.04, 13.67, 65.14, 16.57, 29.29, 28.84, 44.89, 74.26, 36.04, 77.49, 59.88, 66.06, 93.13, 38.45, 51.63, 39.37, 41.44, 66.14, 53.6, 22.08, 34.44, 11.45, 57.26, 29.37, 48.83, 33.3, 35.37, 52.22, 32.0, 56.25, 50.98, 28.79, 50.7, 41.83, 54.05, 73.02, 38.69, 44.05, 55.54, 33.51, 46.19, 33.55, 29.51, 60.75, 58.81, 58.7, 30.46, 37.97, 38.11, 46.66, 33.23, 43.3, 35.73, 56.25, 7.62, 54.91, 59.17, 31.57, 50.68, 33.49, 26.03, 21.84, 36.8, 29.02, 32.33, 30.46, 53.67, 61.83, 49.83, 38.06, 39.87, 80.94, 29.42","1, 1, 1, 1, 1, 1, 1, 1, 1, 1, 1, 1, 1, 1, 1, 1, 1, 1, 1, 1, 1, 1, 1, 1, 1, 1, 1, 2, 2, 1, 1, 1, 1, 1, 1, 1, 1, 1, 1, 1, 3, 1, 3, 1, 1, 1, 1, 1, 1, 1, 1, 1, 1, 1, 1, 1, 1, 1, 1, 1, 1, 1, 1, 1, 1, 1, 1, 1, 1, 1, 1, 1, 1, 1, 1, 1, 1, 1, 1, 1, 1, 1, 1, 1, 1, 1, 1, 1, 1, 1, 1, 1, 1, 1, 1, 1, 1, 1, 1, 1, 1, 1, 1, 1, 1, 1, 2, 1, 1, 1, 1, 1, 1, 1, 1, 1, 1, 1, 1, 1, 1, 1, 1, 1, 1, 1, 1, 2, 1, 1, 1, 1, 1, 1, 1, 1, 1, 1, 1, 1, 1, 1, 1, 1, 1, 1, 1, 1, 1, 1, 1, 1, 1, 1, 1, 1, 1, 1, 1, 1","1656688985339, 1656760046072, 1656765866497, 1656788357872, 1656795861091, 1656796047791, 1656850804526, 1656851031649, 1656864226116, 1656882297332, 1656902946417, 1656902950484, 1656934914992, 1656935586840, 1657019835542, 1657019840534, 1657019876450, 1657177988129, 1657178036365, 1657214043827, 1657226296031, 1657235498072, 1657235961821, 1657309054838, 1657319593243, 1657340918635, 1657341122467, 1657371636289, 1657390594561, 1657408685148, 1657456416296, 1657481121039, 1657532786783, 1657533833856, 1657534216975, 1657580125020, 1657590959251, 1657623993055, 1657650312944, 1657670793132, 1657748079249, 1657791064965, 1657810192069, 1657828102591, 1657828110174, 1657828185939, 1657884585238, 1657916589708, 1657944657967, 1657982179103, 1657996739171, 1657998872709, 1658028013702, 1658028106864, 1658096962050, 1658160766715, 1658160849883, 1658185485996, 1658194138503, 1658227154444, 1658227550996, 1658227936150, 1658249994384, 1658250085788, 1658254544525, 1658259061078, 1658259070502, 1658271114326, 1658310229282, 1658310392788, 1658324480866, 1658486409890, 1658486551149, 1658486632573, 1658499485506, 1658499506024, 1658499520632, 1658499523806, 1658506834089, 1658512613088, 1658524050880, 1658524523051, 1658572874354, 1658591196296, 1658591326119, 1658591485392, 1658591556196, 1658591628919, 1658681579712, 1658701101187, 1658701458152, 1658758839769, 1658849957083, 1658850002315, 1658863906744, 1658874269305, 1658917200955, 1658918707847, 1658918934729, 1659016928344, 1659017031286, 1659059719140, 1659088812365, 1659135650543, 1659175718733, 1659175968447, 1659271049871, 1659298702308, 1659306800684, 1659347572605, 1659347831877, 1659348131126, 1659348179552, 1659349990007, 1659350028845, 1659377379821, 1659382956011, 1659472161834, 1659484739613, 1659492901288, 1659539776142, 1659577927187, 1659606906928, 1659636752334, 1659636756693, 1659636930761, 1659636969291, 1659673444989, 1659721967814, 1659739352612, 1659788991538, 1659789249196, 1659876311732, 1659902090017, 1659995606307, 1660074627613, 1660074653786, 1660127189916, 1660135844614, 1660142186264, 1660147759999, 1660155353725, 1660155358032, 1660209444842, 1660209653126, 1660230049159, 1660240722940, 1660305469764, 1660305778215, 1660305782829, 1660332010474, 1660332345569, 1660332360650, 1660332505155, 1660355337274, 1660382462450, 1660476538444, 1660494156202, 1660495715188, 1660496155378"
c811e514ac8b75c7bbef3a0ec8cd0ea5bec2308b3dea3b85b5d1fa52416be420,Non-Logged,4,"94f22bc7-4c6c-4313-ac2e-09460f32a845, cc2ffa1e-69d2-4045-8a95-ccaa55b6be8f, f8c85e54-6852-4b5a-b371-6bb0b1b16a00, cfad0a74-0516-4ba1-9a37-de5e31ae8a4e","1657221982061, 1657738828116, 1658432094928, 1659036424037","2, 0, 0, 0","124951, 11551, 30000, 60000","26.68, 8.29, 41.14, 64.5","2, 1, 1, 1","1657221982061, 1657738828116, 1658432094928, 1659036424037"
60c940834d7d013252f6d8e4f35504215760236a2f331e03af5fffba6057c9b8,Logged,6,"9ff804f0-d800-4180-b1b0-ae727821a20f, 788b88f5-d957-4152-8a8e-4c8656405b24, 3f6e3a53-89da-4aaf-90b2-383fa28cfc1a, cd57090e-4d8f-40bd-acc7-f53844dd2414, 225471f2-8631-458c-8c5c-143cc3cf4106, 9a4038db-4b31-49ef-bba9-5a908618ae64","1657111112044, 1657112949681, 1657291508293, 1658155462718, 1658155610064, 1658172318099","2, 0, 7, 0, 0, 0","40168, 6573, 250000, 33647, 100000, 110000","13.61, 2.62, 42.74, 38.22, 45.6, 42.79","2, 1, 2, 1, 1, 1","1657111112044, 1657112949681, 1657291508293, 1658155462718, 1658155610064, 1658172318099"
de258c91c60417ffaf83f1a900d121e33b62234c1b473c12a1af113f9ab37d7b,Non-Logged,64,"7caf0079-a39e-4f7d-9d5b-7f8d8a625f2f, 68bc8994-ebef-4e48-8478-e7fe1619ae58, 11cdab41-edc5-4af3-ba9a-bf53e5681263, 1f32787b-de2b-49be-8c20-ddaeae34cc22, 23243426-4270-4023-ba14-844d96119e70, 700d8181-ed28-48f9-b716-40c18325909a, 4884082c-b54b-4857-8a14-c2e39095cd03, 3a39a372-efa4-4ed5-897e-da3387f2d519, 6bb54e2d-60ce-4ccb-b186-2d5bd093dc5c, fb7b576c-ea03-4468-adf4-6f1a111e75ca, 6ec665b4-dbef-4574-b941-043953679a1b, f82aca8d-3fdb-433b-b245-980d9a040d77, e5079969-835f-41cf-862d-787721226f99, d37d7e59-2ab2-4dd0-a415-8063af12966e, 6c517284-c766-4c7e-a27f-09b4bc6ed8ab, bf257382-74fb-4392-ad6a-143240e39f81, 61e5c9d9-f22a-4993-9062-7bcff41a8b8d, ecd63535-1875-4f84-b7c1-3aabcadd316f, 8f28e4d1-c4ab-4ce6-8acf-27726b061aa3, 1fd81f89-cca7-4122-8749-db21b14c25b1, 4e9c2825-ff13-41ca-8e91-edd848060d19, 7fcf82cf-6a19-4e1f-a054-d5356546bf31, 66a9efac-fd43-4fd1-9824-c404b08efa5d, d9d8d3ba-a44d-4ab4-b657-45e608dca917, b6bdf42c-e375-4e32-b02d-00da4e09c7f1, f3be689d-7567-4f55-a58e-3504e7401621, bacab81b-4dd0-4047-8d51-a9cb03a8e18e, 8956c97a-6d85-4d4b-a6f7-6d42c6be97cc, 18e42f24-7579-439e-ac2b-37bae37673d6, f6c171a0-e188-4709-ba79-676ca7e20b10, 347a01fa-6f39-49c7-9a61-72db9eca0d19, 3ce3160f-004f-48ec-bf4b-ca7373a9e39f, 882e7c95-935a-4eab-9ece-f85f5f7d0f4e, 5ecc4b24-ff5d-4f8c-8449-53de3b34d213, 09430240-0596-4b14-a609-7a05c7fa529b, 008d7a48-0864-4202-9a4e-b5d4f3c08e8b, 0ca6238e-51b3-4d82-b50a-c6756934370b, e8922989-311f-407b-954d-67767cd97d83, a0aba7f4-5e1f-4f92-8239-10575ffa9957, a6e7224d-da3e-468f-bc51-26331659e06a, 756f1fd7-703f-4ba3-ac49-a7c9bff1b1ec, 20fd8684-1210-410a-ac5a-7b1e8488dc9f, 73151e02-dd2a-4509-968e-b9c16ec1c5db, 1c27cf97-b20c-4e40-b1f1-288b721517b3, 9d122587-4859-4177-958c-d635e0c92eff, dcc4e8a7-f99b-46c2-a820-b35873bc8e5e, 58c69cde-570a-4558-bca6-987480110522, bfd7eaa8-9116-4382-b00e-afc35498dbf1, b2543715-4744-4983-991b-7692e2062de1, 300fa404-f624-43f1-ad92-d30d42adce8c, 8d0a8515-4ec2-419e-b591-9615c96ea589, f00301ea-a6ff-437d-b83d-f18cc5d1a314, e384ec29-136e-4241-9321-49b367b8cbd5, 4e73dd4e-0e2b-4a11-8f5b-658619b08027, b3984824-9eea-4ad9-ae37-b07782ecc313, b4edb070-fa34-449a-b082-cf2db0dc04b2, b45d3be3-1172-4a62-8b29-a7c0faba7124, f1310ff3-c7b1-4f72-8a9e-e86355e8b9a7, b86b96bd-6c9d-4e57-a795-c07867059244, 855d20b7-53f2-4678-a10f-55402d085018, 07b5ae90-4161-4463-945e-41a48fdced21, a8d6559f-aec0-4242-ae71-f9671395d1ba, 32cd6e26-2972-4f9c-a101-b5121668cdb0, ece7f38e-1744-4885-83d9-2ffb89e40b11","1656669767933, 1656760079836, 1656772845658, 1656772925421, 1656949174488, 1657033913540, 1657295581523, 1657569918950, 1657727110053, 1657814219523, 1657814257139, 1657880412262, 1657893817085, 1657967171163, 1658239157333, 1658241810381, 1658418116560, 1658418225968, 1658435220871, 1658583703619, 1658781040569, 1658781069919, 1658831783743, 1658925302197, 1658930526359, 1658930529676, 1658930541056, 1658930559128, 1658930564674, 1658930565559, 1659015505010, 1659015535737, 1659015613745, 1659015647828, 1659016131397, 1659040670564, 1659101465010, 1659178051712, 1659178294839, 1659191779593, 1659351987880, 1659363585476, 1659370418376, 1659454914843, 1659454931133, 1659465233815, 1659557668809, 1659634789720, 1659694348769, 1659715047790, 1659715067246, 1659717750275, 1659785712642, 1659796660981, 1659970904550, 1659987546007, 1659987546632, 1660044864162, 1660125827078, 1660139195298, 1660139634720, 1660162283506, 1660228688867, 1660302076100","0, 0, 1, 0, 0, 1, 0, 0, 1, 0, 0, 0, 4, 0, 2, 0, 1, 0, 0, 0, 0, 0, 0, 0, 0, 0, 0, 0, 1, 0, 0, 0, 0, 0, 0, 1, 0, 0, 0, 0, 1, 1, 0, 0, 1, 1, 0, 0, 1, 0, 3, 0, 1, 0, 1, 0, 0, 1, 0, 0, 0, 0, 0, 1","240605, 30000, 53634, 56437, 36459, 100000, 9221, 62215, 58695, 67610, 87821, 42562, 95062, 9817, 22517, 8592, 81365, 56424, 201714, 110000, 83958, 67456, 8758, 33362, 70000, 77837, 47286, 46816, 36507, 55253, 11780, 68411, 87675, 81397, 10000, 10027, 67574, 50504, 35571, 81696, 59165, 71970, 35197, 20641, 97277, 110000, 10000, 50000, 40000, 10000, 92794, 30000, 80000, 119890, 40000, 51832, 40000, 201124, 63387, 75973, 124798, 67590, 110387, 44183","57.4, 30.89, 60.96, 31.82, 51.26, 76.9, 33.78, 27.6, 41.69, 65.73, 27.24, 60.2, 69.31, 55.37, 62.25, 36.92, 49.84, 55.22, 78.2, 50.51, 53.67, 54.75, 36.92, 52.98, 49.36, 61.38, 42.95, 39.6, 17.4, 34.02, 26.08, 42.88, 47.9, 54.7, 6.9, 18.57, 40.71, 48.72, 50.59, 42.46, 15.5, 55.4, 60.06, 25.68, 50.09, 49.49, 8.33, 36.52, 24.06, 2.81, 45.61, 55.38, 50.37, 62.65, 51.97, 26.72, 58.67, 51.59, 49.76, 63.31, 80.17, 64.43, 74.55, 55.77","1, 1, 1, 1, 1, 1, 1, 1, 1, 1, 1, 1, 1, 1, 1, 1, 1, 1, 1, 1, 1, 1, 1, 1, 1, 1, 1, 1, 1, 1, 1, 1, 1, 1, 1, 1, 1, 1, 1, 1, 1, 1, 1, 1, 1, 1, 1, 1, 1, 1, 2, 1, 1, 1, 1, 1, 1, 1, 1, 1, 1, 1, 1, 1","1656669767933, 1656760079836, 1656772845658, 1656772925421, 1656949174488, 1657033913540, 1657295581523, 1657569918950, 1657727110053, 1657814219523, 1657814257139, 1657880412262, 1657893817085, 1657967171163, 1658239157333, 1658241810381, 1658418116560, 1658418225968, 1658435220871, 1658583703619, 1658781040569, 1658781069919, 1658831783743, 1658925302197, 1658930526359, 1658930529676, 1658930541056, 1658930559128, 1658930564674, 1658930565559, 1659015505010, 1659015535737, 1659015613745, 1659015647828, 1659016131397, 1659040670564, 1659101465010, 1659178051712, 1659178294839, 1659191779593, 1659351987880, 1659363585476, 1659370418376, 1659454914843, 1659454931133, 1659465233815, 1659557668809, 1659634789720, 1659694348769, 1659715047790, 1659715067246, 1659717750275, 1659785712642, 1659796660981, 1659970904550, 1659987546007, 1659987546632, 1660044864162, 1660125827078, 1660139195298, 1660139634720, 1660162283506, 1660228688867, 1660302076100"
a2e99d6282b712f118da45fe0be33f91ddf3d6f492bb50cb4248efd7845bd8da,Logged,10,"120e052c-3bad-4a11-9586-fd2fe746b3a4, d7f8a775-3da7-4de2-a2b9-6dceff7957bb, cae40ab9-8284-44f5-b3fd-943826ec6f51, 4383029b-3136-437c-9d0c-eda329089c73, 0b5caeed-ff6f-4b9d-8375-9ad25827a4ae, ee4e3b80-caf5-4e83-a66a-01e38f2b8475, 399c1321-5d2b-494e-9025-2ba2b8b56117, 31f2e9aa-a9c8-4bce-bd37-5e8cb1f7821a, 542cbae0-40d6-49bb-b7cb-c869ea3192bc, ece1a214-2dd7-4c92-a9b6-6d6bb5eb35b0","1657052048572, 1657588025068, 1657588189179, 1657588455724, 1657588770444, 1657589018022, 1658764461259, 1658766368967, 1660049583728, 1660152480190","23, 34, 45, 5, 46, 68, 402, 2, 0, 0","98975, 143805, 120000, 42064, 219718, 220000, 1240000, 10005, 91710, 72566","36.77, 55.48, 59.61, 58.88, 85.49, 70.98, 83.02, 11.69, 31.55, 22.37","1, 1, 1, 1, 1, 1, 1, 1, 2, 1","1657052048572, 1657588025068, 1657588189179, 1657588455724, 1657588770444, 1657589018022, 1658764461259, 1658766368967, 1660049583728, 1660152480190"
e3c44ebd27f739e78d489ee4e170fd9fcbf679b03c3fec6185d0ab351c97183e,Logged,34,"5150d895-34e7-4332-a634-1fc238af56c9, 1f2b9c2f-a2d2-4192-b009-09065da8ec23, 6e68605b-1938-41bd-bae5-8e775bdb723e, 94bb48e7-fa2e-482d-be7a-4f4353dffcce, 53fadf2e-ff25-4778-8c0d-0780abf42439, b7f30490-0b67-4ccc-b032-1eeeb179b464, 2008f497-c05f-49e0-88dd-86aa1e395f15, d7f17a3c-3885-4b47-95a8-c4204a3698f5, 749f0d28-c60b-49b3-9ebf-174f43d1d530, 1f32787b-de2b-49be-8c20-ddaeae34cc22, 2c86bff7-c3a9-4ad0-a693-462bc56ebe5c, a1edbf75-8e75-4446-bc91-19cddcf88191, 9a4bb232-f1b6-4cd1-ba6c-c4696952153b, 0f9192bc-00c9-4874-8d5d-817a50b3b813, 58ef692e-0974-471c-ad6d-8793f28bc948, 137a7b5d-d7e9-4baa-b62b-4dcd599f9470, 55455526-a0e9-40c7-94e1-08824f4e1b52, c85cb6f6-60e1-4a94-8f8f-6b436bb1d77c, 914fe264-109c-4d4d-8f18-052785666a24, fb96b132-fcde-46cc-86ef-000cb250c361, d8de2192-12b4-4fb5-97d8-8a6360a10e78, 33b8607c-f4aa-4379-a18d-f7dddd2dd52e, 7b056bf6-c232-46bd-8903-59145ff7ce46, 8c04226e-9a63-4c14-b5ac-e33c2e1ae8f1, bd16efee-c21b-4a28-aab6-0d374729fbbc, f4b9eb2c-5b14-4bea-8281-231355e612e7, 6fe53826-37dc-4fd2-a60f-ce7334832556, 9b08eb47-7b52-42ef-99a2-678fb8ce08dd, a26c923e-c158-4136-a669-57d9f21f638b, 42a4e279-29aa-42f6-9309-82f1184c745e, 4eab9734-d1e3-439a-8d7e-ba48ad5aa52c, bb1327e4-e23c-4709-a28c-ecd94f1f6d67, 54600b87-2432-4147-92b6-a93e2f6befb4, 6732e0d3-f12f-4994-98ca-166292e4cba4","1656891112845, 1657022544248, 1657023818166, 1657125160106, 1657164691766, 1658713248530, 1658713712390, 1658759390741, 1658856042926, 1658856260190, 1658856546935, 1659296089957, 1659408295215, 1659408465547, 1659545683992, 1659583141543, 1659584210037, 1659584513400, 1659657714557, 1659840245378, 1659892020590, 1659939765992, 1659939817418, 1660007002684, 1660199142835, 1660199290405, 1660199367134, 1660199560694, 1660199722131, 1660284470719, 1660372887875, 1660373080456, 1660373135962, 1660425690075","0, 125, 6, 4, 57, 37, 87, 5, 32, 44, 140, 66, 63, 33, 18, 38, 32, 6, 59, 3, 8, 0, 6, 6, 16, 29, 61, 46, 45, 33, 17, 27, 95, 37","10000, 390000, 13226, 10000, 170555, 116277, 306768, 20000, 60000, 123135, 340067, 268129, 167999, 70495, 56107, 167984, 129411, 13732, 194262, 6221, 23071, 20000, 20000, 14197, 40000, 67512, 184375, 151635, 83411, 73252, 51800, 43632, 212968, 46842","8.32, 74.01, 15.81, 10.41, 55.61, 47.14, 60.27, 22.48, 33.52, 55.82, 99.49, 57.27, 83.56, 40.1, 50.09, 97.62, 61.39, 32.26, 54.41, 26.7, 48.21, 100.0, 34.08, 50.19, 45.93, 56.6, 82.64, 65.78, 58.46, 72.78, 34.7, 71.13, 100.0, 75.49","1, 1, 1, 1, 1, 1, 1, 1, 1, 1, 1, 2, 1, 1, 1, 1, 1, 1, 1, 1, 1, 2, 1, 1, 1, 1, 1, 1, 1, 1, 1, 1, 1, 1","1656891112845, 1657022544248, 1657023818166, 1657125160106, 1657164691766, 1658713248530, 1658713712390, 1658759390741, 1658856042926, 1658856260190, 1658856546935, 1659296089957, 1659408295215, 1659408465547, 1659545683992, 1659583141543, 1659584210037, 1659584513400, 1659657714557, 1659840245378, 1659892020590, 1659939765992, 1659939817418, 1660007002684, 1660199142835, 1660199290405, 1660199367134, 1660199560694, 1660199722131, 1660284470719, 1660372887875, 1660373080456, 1660373135962, 1660425690075"
76820e8cedf77f5ca26a5449c92ef917a37e6098962c2aac014fd83f9e54ac39,Logged,24,"230d19cf-28f8-459a-ad3a-da60aa640639, 949a81ac-5df1-4e7b-9f4e-e364b5603e68, 497ac2b5-0d0e-442d-9ce6-dbb9eda2c029, 3cf76927-1628-4f7a-b023-3deb4e5ea770, 1b2a4054-f802-418f-9573-d97219f7b84b, 504ab8cd-f9f3-421e-b2b5-215a2d4b65bd, 61ed789a-cb59-4a88-ba2e-b6dc63e9100b, 3f201d73-9c2d-4cd1-9e48-ee0438cf179c, 7df942bc-4703-47d5-b479-dfb15b6c1d1a, 87452cdf-b18d-4b83-8d4d-5548241520e7, e5c4988a-9803-44f9-b6c9-bdd848e10632, 0e8c2624-a039-48ac-8d5f-f1482ea5b36e, dcafd475-09f7-4574-8c9c-d6e6636f7cd4, 100ff71c-da18-4182-9672-369324a71bb5, 06294fd4-5d1e-498f-9a46-b0631ebcb60e, 674ee8f4-e4ec-4534-9cec-27a22206f285, 95b0f9e6-e8fc-4196-8d40-885e76ec1c27, 15281e10-e6bc-48bc-9b1b-94402f83699b, 5640b3e5-cc95-4af9-a943-9d4083cbb557, 250b3f58-c19e-47b0-b3e2-c57ae4d9cf06, cbd5caa8-568d-408e-909f-056c32d6b75a, 1c6341f3-ca86-4f0a-ba3c-5f2ecc924bc3, 89fa73f0-4341-4de4-bb2a-e429ef96bd43, 737e1847-2251-40f8-a8f4-78b8517ec9c0","1656944808449, 1657561959889, 1657563116099, 1657639359743, 1658166906280, 1658167033824, 1658167155825, 1658232460904, 1658232463475, 1658247614230, 1658247652774, 1658247697621, 1658248365165, 1658249058046, 1658404959052, 1658421330271, 1658421582122, 1658421799728, 1658421808631, 1658421818260, 1658421847347, 1658421854397, 1658924148779, 1659624274168","1, 7, 0, 1, 1, 1, 0, 1, 0, 0, 1, 0, 1, 0, 0, 1, 1, 0, 0, 0, 0, 1, 2, 0","30000, 320000, 170000, 102422, 70000, 40000, 10000, 20000, 21565, 110000, 60000, 70000, 180000, 40130, 18218, 80000, 92036, 133852, 15363, 30000, 38966, 37618, 80000, 80329","21.54, 76.11, 85.79, 67.68, 16.86, 12.83, 9.43, 32.35, 32.38, 40.79, 31.79, 11.34, 70.72, 44.31, 19.75, 19.96, 59.22, 69.54, 30.99, 38.52, 25.06, 17.83, 62.42, 13.5","1, 1, 1, 1, 1, 1, 1, 1, 1, 1, 1, 1, 1, 1, 1, 1, 1, 1, 1, 1, 1, 1, 1, 1","1656944808449, 1657561959889, 1657563116099, 1657639359743, 1658166906280, 1658167033824, 1658167155825, 1658232460904, 1658232463475, 1658247614230, 1658247652774, 1658247697621, 1658248365165, 1658249058046, 1658404959052, 1658421330271, 1658421582122, 1658421799728, 1658421808631, 1658421818260, 1658421847347, 1658421854397, 1658924148779, 1659624274168"
29208410c9fac3558fd9818abb186ebbb3b241635b4b2867d4a9370031448d81,Logged,43,"cb565dfb-8a3c-48c1-b671-334a529d0d1b, fb0938f6-52bb-49a6-997f-29e0d91c5e9c, 561850c2-9ade-4985-bf36-402abf02153d, 57c247cf-df33-4845-b3d5-1bcf023f816a, 94bb48e7-fa2e-482d-be7a-4f4353dffcce, df83a68c-fcf9-43a4-b563-083b769d4c14, 23172c53-336a-4235-a08f-b20118bfc483, 50028008-aa11-4519-9d75-452c84dd27fb, cd3b041e-6889-41d3-a37a-9376057ba632, fbffe526-e94a-408f-a19b-7510f3d56016, 09d12b1e-2262-4ad4-a0a8-e8d86a7c1ca4, 91dd61bf-7c49-4276-bba6-1db2804921a9, 975a23ca-3302-49d0-83bf-5fd1076b2558, 254d6034-f972-4b73-a8bd-152222638033, 5af379e6-1bd1-4cf8-a23c-03266fb77b2c, 7ccdee1e-c91a-4c93-8bca-d671cab1ee1c, 15281e10-e6bc-48bc-9b1b-94402f83699b, ffeea3a6-d969-4a9a-baf0-101da68da3f9, 38f206b8-17eb-4f60-8a20-27e808061ef5, 7d8508f9-2042-4b28-b10f-cbea5a3e30af, 8be03387-6c44-43cc-93ad-65824af9c22a, 8c220e4e-f18e-463e-b337-00b3817a28b2, 5f2f1833-d203-486a-ac56-665fc3767018, ed32aada-eead-4dec-8826-b7655707feda, 95446444-dbd0-4db8-ab51-887423ed1d5e, 8642418f-15b0-4373-8f06-a61b32800368, 72aa2fe1-f324-4f74-995a-b31b2e5236b0, 85cdc285-0b47-4ff4-abca-037544c5d002, 35a3eb46-f1d1-452f-aa7b-42c1382826c8, 8ce81c16-71ad-4eb4-88dc-d6a85c49dbff, cbc832d6-af68-41bf-91d4-8740d71c5952, 9929eaae-7536-4dbb-a05d-8261c8df07e6, 31f2e9aa-a9c8-4bce-bd37-5e8cb1f7821a, 54cb252a-78b5-463d-b31f-f54f63d85a29, 458bf0ec-efb4-4bfd-9446-c80295e6aa87, 1c6341f3-ca86-4f0a-ba3c-5f2ecc924bc3, 8d477e04-3bab-4ad9-8fe3-799059238a9c, 0306487b-37be-4eda-bd8e-ad0a60886480, 89fa73f0-4341-4de4-bb2a-e429ef96bd43, d2593c3d-2347-40d9-948c-b6065e8459a9, 61e07f64-cddf-46f2-b50c-ea0a39c22050, e0f3d541-6098-4e89-a948-efe461be919d, 674672ff-3bf9-42cf-ab90-659a146a8776","1656938069399, 1657071746324, 1657273694942, 1657536377814, 1657560045268, 1657560047570, 1657560048644, 1657560053344, 1657560188149, 1657560473327, 1657581862631, 1657582092690, 1657645717009, 1657650822946, 1657660386176, 1657676905761, 1657728124999, 1657732368318, 1657732480111, 1657965219528, 1657965243408, 1657999290254, 1657999743900, 1658052970329, 1658053221549, 1658167125810, 1658167210582, 1658181870268, 1658401890900, 1658425703942, 1658506418066, 1658526415608, 1659045487722, 1659106793030, 1659343245586, 1659980482567, 1660009914696, 1660050427530, 1660343174938, 1660352739963, 1660352835915, 1660480966606, 1660480996124","29, 8, 7, 13, 10, 4, 2, 14, 2, 0, 3, 15, 26, 13, 23, 12, 6, 19, 1, 1, 4, 2, 1, 14, 7, 18, 14, 24, 2, 2, 34, 9, 21, 3, 4, 9, 9, 0, 5, 9, 2, 6, 13","93402, 40042, 42312, 32182, 155496, 46495, 104169, 66707, 61957, 10000, 10008, 50000, 50000, 98073, 149908, 43705, 387189, 94776, 10038, 14111, 20000, 451290, 153413, 40000, 10000, 59262, 42367, 80000, 89664, 110000, 130000, 67199, 68275, 40222, 34689, 71986, 21495, 10000, 10000, 56546, 20000, 21361, 22408","51.69, 26.55, 28.19, 32.77, 20.93, 86.22, 68.49, 69.92, 19.84, 7.65, 27.69, 33.94, 33.15, 41.27, 55.23, 31.8, 23.73, 48.83, 17.23, 17.59, 24.31, 94.64, 63.56, 57.69, 31.05, 43.25, 31.69, 40.33, 66.48, 22.33, 60.73, 36.16, 38.15, 44.45, 42.17, 54.7, 23.05, 34.45, 27.12, 28.52, 29.9, 24.94, 23.41","1, 1, 1, 1, 2, 1, 1, 1, 1, 1, 1, 1, 1, 1, 1, 1, 4, 1, 1, 1, 1, 1, 1, 1, 1, 1, 1, 1, 1, 1, 1, 1, 1, 1, 1, 1, 1, 1, 1, 1, 1, 1, 1","1656938069399, 1657071746324, 1657273694942, 1657536377814, 1657560045268, 1657560047570, 1657560048644, 1657560053344, 1657560188149, 1657560473327, 1657581862631, 1657582092690, 1657645717009, 1657650822946, 1657660386176, 1657676905761, 1657728124999, 1657732368318, 1657732480111, 1657965219528, 1657965243408, 1657999290254, 1657999743900, 1658052970329, 1658053221549, 1658167125810, 1658167210582, 1658181870268, 1658401890900, 1658425703942, 1658506418066, 1658526415608, 1659045487722, 1659106793030, 1659343245586, 1659980482567, 1660009914696, 1660050427530, 1660343174938, 1660352739963, 1660352835915, 1660480966606, 1660480996124"
6b408a0c3958c8c435f4466437a6437fab66dd951c64c9a29aa1ebe961451eca,Non-Logged,143,"85110683-db97-44b0-a493-e3059b382b0d, 4549c4eb-c949-47e2-a071-7de377677d6b, 3c787cdc-99f7-4001-94ac-4edb2e971b94, 1d899325-ad3c-4287-804a-3d994492dad8, f74aa0cb-fd5d-4f5f-a4cf-74e2c098bfb6, 57c247cf-df33-4845-b3d5-1bcf023f816a, 426e9777-7ad8-4b0f-98f4-48e8ee96ace5, 669ecf46-cbaa-45a9-bca7-969e2f7e047a, 561850c2-9ade-4985-bf36-402abf02153d, 94bb48e7-fa2e-482d-be7a-4f4353dffcce, e69d567c-41c3-4076-846e-23324fe91104, c44af7c6-88e9-4ce2-81d6-7b8adc4e085b, 3137f551-87d2-48b6-82bf-48b2bf11e643, cb97062b-a3d9-4e1f-b60e-dec6c008aa76, 2ad9e481-2801-418b-b092-50cf6282733d, 286428b0-dd16-46e6-8189-2908a23967ea, c1ee25ec-8981-48fd-8711-76f59870503d, d7f17a3c-3885-4b47-95a8-c4204a3698f5, 29b6b142-4173-4ec4-832f-7d0a32255c10, 6e5ae05a-ccc9-4384-85b8-9fa1d871ba1b, 7f16bca4-4683-4665-87bf-9fa3334b382a, eb7cf69c-3d60-4967-bd8e-0b0be870665b, 21532265-cfd0-4301-a58d-dd615d0189d6, d0b15500-c57e-4c4b-bcdf-c8d643d883b6, 0eed57b2-1281-440f-86d6-02d3603eec54, c64c0aa5-37f1-4da2-9e10-bbae843f7d7c, 82206221-05a0-4f89-aa10-e8c8dc0cc418, 09d074f5-0cc9-4c31-9bb4-bc1c0d315675, 69cdf5cb-1f8c-44aa-a28e-030d8dddca89, d3c5b271-ebae-41ee-8d9b-2290ca1e802c, f55eb66b-52d6-4da3-8ff1-d2832389651a, cee20002-7c68-466a-933e-f8969dc58afc, 87b7c93a-809a-4709-8e59-c56b02fec7c2, ccd31dd8-059f-4790-bb12-4ea56133951b, 18651e8e-4eca-4944-870c-c7351900f053, bf257382-74fb-4392-ad6a-143240e39f81, 5bf8b3a3-3916-40ca-8672-a9f3df311825, 5a8c0d96-e126-4472-bc01-e581564c6575, 0ec37f7d-2877-45a3-bd54-81c84c3057f7, 67c7a319-dc69-467a-81c2-4c03e88850a7, a082319b-4ce7-4d3b-b6aa-85da9d5f31b1, f8f52df6-0dbc-44e1-8ea5-78a61c209ed3, 5a0f9ab6-eaef-4331-80a9-4554b9cb5cd3, f0a78e58-ec7e-494c-9462-fbd6446a9a89, 9f308c6b-57dc-4d97-9ac9-6afd30483e67, 30fa8088-bc67-440e-b66f-6f6b42c76e45, 8f28e4d1-c4ab-4ce6-8acf-27726b061aa3, e544658a-7fbf-4c01-8b83-b63cf6e78987, 66a9efac-fd43-4fd1-9824-c404b08efa5d, 84ee3cef-c6d2-4d95-ba2f-b0b8b04376c7, 51b38ce7-11f0-4dc0-8e21-6522b0587ec7, 16b4a079-37cc-4220-87e4-f101abbccd83, bacab81b-4dd0-4047-8d51-a9cb03a8e18e, c40c2035-77ad-439b-847f-ad984d28d056, 30a03e2f-327f-42b2-babf-fbc8e9a208fd, d3302868-9c63-4712-9cf0-adfcaad19187, 78154e46-5198-47ef-859d-42d75fc357ca, d8b6f5a1-2f96-4d02-a78f-dbe1c87946f8, 97c00ceb-20e2-455e-b706-9a720e9b32d2, 4b762622-7d6c-4ee3-ac57-0255df5d44a4, 8dbb03ff-5a2e-416e-bf62-9222e1de11de, e8922989-311f-407b-954d-67767cd97d83, 6a83890a-d9e9-4f6b-a6c6-90d031785bbf, a6e7224d-da3e-468f-bc51-26331659e06a, 32bfa091-2ba9-459b-9f5a-30c567bf645f, f4b9eb2c-5b14-4bea-8281-231355e612e7, 47847b22-f255-4df8-a319-3705d4accd85, c307cda0-19e2-4e7b-bd7b-65db51e2767f, 0baa8cd7-1eef-4960-aeb4-4128e58efba3, 2d02962a-7705-40e3-b5dd-e3217995c239, 0305a46a-fe62-4666-9742-f5fe5db890ab, 746d6f36-70e0-4b16-a29a-bb9a4108b12e, e3cdb277-ad80-4025-b5de-cd98cc67d23d, 6c04dc83-e523-4a23-9329-5499a899392c, bc84377a-7436-4098-87af-822874a41753, cb479713-8d66-4c95-9642-b753ac908721, cfffeeb9-277c-4df7-bfce-623f37f2d1fc, 87a8c93b-e3f8-421e-9375-8dc9129c0f66, b954a1b6-d613-4012-8bb5-d60ffb9e94e6, 3d04dbfe-799c-404a-bfee-f7a23ef1343e, 8c642565-b2fd-4bf0-8f57-01a4b58801a9, 91dd61bf-7c49-4276-bba6-1db2804921a9, 9a410816-8a7e-4860-a977-0899cc6d7c20, e40ae165-2210-4649-9f4a-8ec02b2424e9, 141814bf-48d5-492e-9605-bed1b400d346, a6ab18ec-e32f-474b-964b-987309c61581, d262c24d-1d6a-4c9a-97db-a721bd27f9db, 557c0d37-0427-407d-a235-c78028d91220, d57f0e9a-445b-465d-b757-be4f32e75fb9, f6b5d170-48b9-4f8e-88d4-c84b6668f3bd, a9c454c8-9493-4622-a499-43d20c525f81, 5c7794c7-c59d-47a4-890e-ed86aab100fc, bfb489b2-b686-4f2d-bb6e-08337dce539d, 64dd5b2a-0963-401c-bf69-ade920ce7e28, 03e43166-56a9-48c2-a005-c0b578b78395, f1426a08-cc53-4552-a6bd-fed3168fff1e, 26516399-e091-4bc4-89e4-d9d45cc3f9e4, 9c989bd5-2987-451b-a4af-1143e774f2a0, 55ef590a-5198-4d2b-b84d-a03e9c87ba0c, 8864af44-c4a2-4862-82de-be58579ac4f3, 19446b17-33cc-4df2-aaf0-f59205e188ea, a9466ce5-0cc8-4cad-96f3-fa3de8becf7e, b3984824-9eea-4ad9-ae37-b07782ecc313, b442d94e-f0c5-4fc1-9406-a4b64b595d71, 58075d9c-16c9-401d-b1a5-fa53684f127b, 35a3eb46-f1d1-452f-aa7b-42c1382826c8, bd4e7054-4043-4acf-9a49-7d883152189d, cb324527-6a66-491d-b53c-6a6d7ece566f, 0b5caeed-ff6f-4b9d-8375-9ad25827a4ae, 27625dab-0353-4ea8-b88c-b945c9e782dc, 1c6341f3-ca86-4f0a-ba3c-5f2ecc924bc3, 1db5507f-ba78-4c81-96f1-36a4874fca87, 8d477e04-3bab-4ad9-8fe3-799059238a9c, 458bf0ec-efb4-4bfd-9446-c80295e6aa87, 89fa73f0-4341-4de4-bb2a-e429ef96bd43, d2593c3d-2347-40d9-948c-b6065e8459a9, 1ae136f8-4732-4f25-bc57-5385a933e3fb, 3422afb1-dea7-4e62-a4c5-1fc3bd0c9a44, 2f671c58-a8a9-4ef5-ada3-d45015b30b4b, 5af99ef3-adff-464d-9976-5c5d6391b014, 9e1b4571-e55d-4a26-8c5a-1ddd6ecf53ba, 61e07f64-cddf-46f2-b50c-ea0a39c22050, 705b2c6c-ce1c-418b-8d91-303485edffc1, faed6949-f172-47e1-981b-cca7300ab75c, c3ab8c0a-c9a4-4211-a478-821766ef7fda, 50f85bf5-c153-4611-bf35-2f781ae4e234, 5a867ffb-7227-416d-a286-f73c9ee6a4af, 6144af8d-bd8e-415b-9cc6-b463c6de4bed, 63c15988-9cf3-40c4-8e38-ceb414e56e7c, 6760953a-6c40-461c-87ef-45639ea4909a, 2b271fd6-d438-4e0a-b5a4-9fcf16b64b93, 08a27175-61cb-4462-b0cf-4f9ec2d9d9f0, 855d20b7-53f2-4678-a10f-55402d085018, 77c42ab3-c51d-40d8-8e26-f44d795cb043, 362d282e-5d9d-4691-86a6-21bcac0703d7, 7c06b43c-507c-46d8-9a35-2f5910af8238, 8e0884e2-50ba-44c0-87b9-d64d913288af, c309c7aa-b438-416a-b3a2-bd433614c6ab, 1a3641be-fa6a-4d72-a5eb-9069686a88ee, ea12f8aa-58b6-4ad8-97c7-2a4266f95c57, e0d765b4-0711-4c31-913f-0c7b903199d1, cee3cc71-129d-4b61-8715-0df0b13b3b40, 1be6911b-3fa5-449b-9926-1c8d32046e43","1656654924041, 1656655105328, 1656655287227, 1656706494020, 1656867713360, 1656912769675, 1656912794609, 1656913977165, 1656998046521, 1656998482552, 1656998704128, 1656998866687, 1657075755958, 1657075801826, 1657075858303, 1657139073680, 1657172267888, 1657259467796, 1657259934544, 1657260263309, 1657260347111, 1657292296242, 1657504359051, 1657504522288, 1657521041665, 1657521064678, 1657521135950, 1657521367080, 1657552854059, 1657553052598, 1657553158525, 1657583822010, 1657583935584, 1657584127068, 1657593959527, 1657657634011, 1657678295235, 1657678344053, 1657770729786, 1657771837356, 1657809306343, 1657848650534, 1657864021318, 1657922907617, 1658005366672, 1658005977159, 1658038541104, 1658038618899, 1658097174271, 1658115413279, 1658116375676, 1658159041410, 1658269218326, 1658346377062, 1658365328923, 1658365505883, 1658365593315, 1658458900246, 1658503401641, 1658503446521, 1658503484678, 1658526802370, 1658526866346, 1658526944820, 1658527079892, 1658527568804, 1658557639174, 1658557882867, 1658645530794, 1658645793627, 1658672961105, 1658728532418, 1658728835348, 1658758672120, 1658759177060, 1658774621660, 1658813955263, 1658858831861, 1658871895403, 1658945042711, 1658945313785, 1658945415039, 1658972719639, 1658972844062, 1658972882420, 1659071341162, 1659071400406, 1659071470408, 1659071606161, 1659157881951, 1659158169172, 1659158497087, 1659187371396, 1659190266544, 1659365968091, 1659367068985, 1659469306434, 1659494497817, 1659494815660, 1659562176362, 1659562442631, 1659562731145, 1659591856299, 1659592068811, 1659667532559, 1659667774295, 1659676723082, 1659706137857, 1659805653908, 1659805861999, 1659853040046, 1659853388966, 1659853592257, 1659881906832, 1659896158886, 1659925968315, 1659993086163, 1660012152129, 1660013229543, 1660023813434, 1660023997298, 1660024201034, 1660024261800, 1660076151305, 1660193747904, 1660194205514, 1660196332977, 1660196614881, 1660197380530, 1660197964546, 1660275993438, 1660281808563, 1660341250562, 1660367786020, 1660368415823, 1660368620611, 1660368931340, 1660369095577, 1660369280902, 1660369746050, 1660452769998, 1660452865879, 1660452956210","5, 14, 4, 10, 21, 1, 19, 1, 38, 19, 13, 9, 0, 7, 3, 1, 48, 20, 14, 4, 3, 19, 19, 18, 5, 6, 9, 18, 15, 31, 27, 9, 35, 0, 3, 2, 1, 6, 38, 18, 13, 11, 8, 14, 10, 13, 3, 8, 8, 17, 3, 7, 20, 2, 18, 10, 1, 14, 10, 1, 1, 0, 7, 2, 0, 1, 5, 0, 9, 4, 2, 15, 13, 31, 37, 8, 15, 1, 1, 3, 2, 2, 2, 2, 18, 0, 1, 5, 26, 22, 9, 1, 97, 1, 10, 19, 9, 29, 6, 6, 1, 18, 14, 1, 7, 2, 16, 101, 7, 13, 61, 18, 0, 98, 20, 0, 64, 27, 2, 3, 28, 8, 13, 3, 74, 0, 27, 7, 49, 12, 24, 10, 0, 2, 1, 28, 0, 7, 6, 5, 6, 10, 58","30000, 110000, 40000, 50000, 67646, 10007, 108530, 10711, 230000, 120000, 50000, 60000, 12708, 41470, 29911, 10000, 250000, 139567, 120000, 40000, 25734, 40000, 60000, 130000, 10107, 34223, 53639, 140091, 70264, 100469, 203590, 50000, 90000, 10469, 30000, 20000, 20000, 30000, 150000, 100000, 100000, 60000, 40000, 100000, 40000, 50000, 23695, 72145, 24469, 90000, 21620, 32425, 100000, 20000, 80000, 30000, 10005, 70000, 36132, 10204, 10052, 10000, 30000, 30000, 10000, 10008, 40000, 10000, 40000, 10027, 10000, 90000, 80000, 110000, 130000, 50000, 164905, 20065, 10003, 38847, 20000, 20000, 20000, 27162, 100000, 10000, 20000, 50000, 150000, 140000, 60000, 12287, 215025, 10000, 30000, 60000, 50000, 100000, 30000, 30000, 10105, 160000, 70000, 10002, 50000, 20000, 120000, 320000, 40000, 70000, 190684, 143091, 10416, 283007, 103824, 10000, 290000, 190000, 20000, 20000, 90000, 54940, 103558, 20000, 390000, 10000, 120000, 53106, 220000, 80000, 116076, 40000, 10000, 25687, 10071, 169441, 12325, 60000, 60000, 56390, 50000, 88641, 452853","34.98, 35.1, 33.07, 17.54, 34.99, 14.2, 44.82, 33.36, 55.27, 86.41, 50.14, 42.21, 12.97, 34.88, 34.15, 15.5, 97.3, 45.64, 56.74, 26.85, 24.72, 15.04, 16.94, 53.67, 26.79, 44.25, 38.51, 84.76, 56.36, 65.25, 45.12, 37.47, 32.99, 8.77, 16.89, 16.71, 25.05, 17.55, 50.22, 35.81, 34.66, 30.92, 37.11, 32.96, 16.6, 62.8, 37.14, 33.09, 8.89, 15.76, 30.83, 26.49, 35.61, 14.98, 39.83, 33.84, 21.22, 32.5, 22.73, 20.65, 12.06, 9.02, 28.5, 24.69, 8.82, 18.87, 30.69, 11.58, 28.53, 10.87, 8.88, 46.52, 46.1, 43.38, 43.5, 39.63, 59.73, 10.95, 8.77, 28.5, 17.09, 24.6, 26.99, 29.26, 27.11, 9.12, 26.42, 49.22, 63.53, 50.19, 46.25, 28.31, 44.99, 27.29, 33.61, 31.72, 26.95, 52.65, 29.62, 27.32, 25.89, 33.51, 34.15, 16.85, 47.46, 26.62, 40.47, 73.73, 34.41, 32.99, 44.25, 60.29, 8.86, 39.47, 47.79, 8.82, 59.89, 67.25, 18.54, 32.44, 44.4, 26.92, 31.91, 35.7, 71.04, 8.78, 55.25, 15.36, 63.57, 25.23, 36.8, 27.27, 9.16, 14.27, 11.02, 51.0, 8.83, 28.43, 28.31, 47.64, 34.69, 31.58, 76.7","1, 1, 1, 1, 1, 1, 1, 1, 1, 1, 1, 1, 1, 1, 1, 1, 1, 1, 1, 1, 1, 1, 1, 1, 1, 1, 1, 1, 3, 1, 2, 1, 1, 1, 1, 1, 1, 1, 2, 1, 1, 1, 1, 1, 1, 1, 1, 1, 1, 1, 1, 1, 1, 1, 1, 1, 1, 1, 1, 1, 1, 1, 1, 1, 1, 1, 1, 1, 1, 1, 1, 1, 1, 1, 1, 1, 1, 1, 1, 1, 1, 1, 1, 1, 2, 1, 1, 1, 1, 1, 1, 1, 1, 1, 1, 1, 1, 2, 1, 1, 1, 2, 1, 1, 1, 1, 2, 1, 1, 1, 2, 1, 1, 1, 1, 1, 2, 1, 1, 1, 1, 1, 1, 1, 2, 1, 1, 1, 1, 2, 1, 1, 1, 1, 1, 1, 1, 1, 1, 1, 1, 1, 1","1656654924041, 1656655105328, 1656655287227, 1656706494020, 1656867713360, 1656912769675, 1656912794609, 1656913977165, 1656998046521, 1656998482552, 1656998704128, 1656998866687, 1657075755958, 1657075801826, 1657075858303, 1657139073680, 1657172267888, 1657259467796, 1657259934544, 1657260263309, 1657260347111, 1657292296242, 1657504359051, 1657504522288, 1657521041665, 1657521064678, 1657521135950, 1657521367080, 1657552854059, 1657553052598, 1657553158525, 1657583822010, 1657583935584, 1657584127068, 1657593959527, 1657657634011, 1657678295235, 1657678344053, 1657770729786, 1657771837356, 1657809306343, 1657848650534, 1657864021318, 1657922907617, 1658005366672, 1658005977159, 1658038541104, 1658038618899, 1658097174271, 1658115413279, 1658116375676, 1658159041410, 1658269218326, 1658346377062, 1658365328923, 1658365505883, 1658365593315, 1658458900246, 1658503401641, 1658503446521, 1658503484678, 1658526802370, 1658526866346, 1658526944820, 1658527079892, 1658527568804, 1658557639174, 1658557882867, 1658645530794, 1658645793627, 1658672961105, 1658728532418, 1658728835348, 1658758672120, 1658759177060, 1658774621660, 1658813955263, 1658858831861, 1658871895403, 1658945042711, 1658945313785, 1658945415039, 1658972719639, 1658972844062, 1658972882420, 1659071341162, 1659071400406, 1659071470408, 1659071606161, 1659157881951, 1659158169172, 1659158497087, 1659187371396, 1659190266544, 1659365968091, 1659367068985, 1659469306434, 1659494497817, 1659494815660, 1659562176362, 1659562442631, 1659562731145, 1659591856299, 1659592068811, 1659667532559, 1659667774295, 1659676723082, 1659706137857, 1659805653908, 1659805861999, 1659853040046, 1659853388966, 1659853592257, 1659881906832, 1659896158886, 1659925968315, 1659993086163, 1660012152129, 1660013229543, 1660023813434, 1660023997298, 1660024201034, 1660024261800, 1660076151305, 1660193747904, 1660194205514, 1660196332977, 1660196614881, 1660197380530, 1660197964546, 1660275993438, 1660281808563, 1660341250562, 1660367786020, 1660368415823, 1660368620611, 1660368931340, 1660369095577, 1660369280902, 1660369746050, 1660452769998, 1660452865879, 1660452956210"
fa88df000a2d1830578a7adfec220bb4ffc51ead4d8e68763a81f49c3eb9f592,Non-Logged,113,"6f1a3d83-b2aa-4eae-98de-3b07ab0fdec3, 19e16c3b-4761-4880-8c07-5ba4ae9e7293, 3c787cdc-99f7-4001-94ac-4edb2e971b94, 487330a8-b48e-4183-80f7-a1baf7c4c7e0, a43a9d4c-08bc-4732-a281-bb516e443d76, d730c4a6-e8f6-4fde-b73a-afbe148479cd, ca380869-b9c2-4407-b715-df53f9cdf817, 571ccb1d-b3f8-4833-af1e-9c66eafe7b41, f23b9136-f838-4b3b-996d-1c7af64d7810, 279ccbff-f203-4c6d-aa48-83d97f085302, 32f55b4c-2dd2-45e6-8362-b7b0d3af36f2, 561850c2-9ade-4985-bf36-402abf02153d, 343da407-157d-4846-be76-8ff9b19a1f96, 8634c420-35d5-4d2d-af72-542ade25b3d7, 57c247cf-df33-4845-b3d5-1bcf023f816a, 147ee077-cc5c-496f-8aec-2564a2cf7df3, 38e587ad-1ccd-41e7-9925-c863da80e7f4, 1f98aaf2-578f-417a-bbeb-9cc124b322d3, 2ecaf33f-aacb-4c4f-be75-c14d4c042d82, f45e09c1-f091-4720-9bd6-b3a4248873df, af0941ee-a164-46e9-a3bc-218665b6a382, 6bfa9f59-121c-4f06-9499-bc747fa302e1, fb96b132-fcde-46cc-86ef-000cb250c361, a07ab9d3-d200-43e2-bfd1-4c839c25cff2, 1722384c-f8ad-40e3-8f3f-a73d3634e47c, 0310e81e-f678-4bce-a1cd-59baa9052ad9, b2a21491-7576-4be0-a520-97ce9470efeb, 77934187-5890-4a35-9657-323a5557df2e, 66ea3d7f-c897-4696-a2db-4066b82469a8, 4a2d4727-0813-41c3-8fc6-e6c2e8e692cf, b19a32fe-4eb1-424c-89a4-31c40830f7db, f0a78e58-ec7e-494c-9462-fbd6446a9a89, fbbd2472-9ee2-4d84-9211-deb431ba8a75, 3c121d67-13b7-444c-b2a4-f3ca494360db, 477453ac-53bd-42c9-81d8-2f37c8367309, a3546453-e741-493b-94d1-9043ba082039, 263bf90f-b1de-408a-b23c-d345d6415fb0, b246d010-1bac-4550-ad00-466be2e69486, 8c246d2b-81bd-4c1f-b563-2c905675f984, 17dcedf8-c7fa-47e5-90f5-c63259b9391d, a9e5c64c-192a-4698-bb26-4f7935f3b77f, 6b6635bb-d15a-4698-97b2-f3f25be0d019, 8eae4d30-4b67-491e-b7a2-5a3ee7a352d3, 7b056bf6-c232-46bd-8903-59145ff7ce46, 0c7223ea-77c0-4db9-8402-b2d4dd7bbd45, 87008b9e-3665-43b9-92e1-7b1b63217e92, 071e16a3-adf1-4821-b434-db1b5268d00f, 8de636f6-e61d-422c-9820-88b85ff85727, 3494faf6-e441-45e2-b482-b392e1bcf6f7, 4e163060-2488-4627-a8ba-bbfc54a4d57d, 7d0ed489-9a81-409b-86c5-73867cda14a9, dd534066-113e-41a1-8091-a013c7f4819b, 79058416-0be3-44d3-9200-6f2869306150, 0d4bfcb5-6287-447c-a409-57039c0ca099, 3f48a776-06a9-40ae-a75c-afa5dad17958, 0f85c531-8e31-4488-ace3-83e9e3b44bc6, 9220d7b6-6427-4d22-a558-a36009b9fe76, 37c56d52-c47f-4584-8f24-3aae138c490f, 8dbb03ff-5a2e-416e-bf62-9222e1de11de, f362e0de-1cd1-4597-83d2-1286a04f04da, 16148bcd-6783-408b-b6d8-c7b0671cb64c, a28f4f25-42bb-4828-864f-a7d1e36dd4f4, 4b762622-7d6c-4ee3-ac57-0255df5d44a4, 90c1930d-6795-4daf-8efb-635b7ac3dfae, e0b8e742-f94f-4361-b662-9e9d24c99803, a94ec35e-0ef4-4b83-ac96-034d409c82e0, d8aec8ab-0361-418a-8698-1920b452f12a, 1c27cf97-b20c-4e40-b1f1-288b721517b3, 3c941fc4-43eb-482e-9160-e186bd71f66f, 74989606-cfbd-4992-84e2-0c6ae07eb2d2, ea3b1e84-69a9-461a-92b4-8206903def33, a94cff24-3e54-4c5a-8bbd-f383e90ec1cd, 3e54b313-2fde-4180-9948-74e889dd9430, ff5f93cc-0091-4444-b251-96c6c4e21c70, c55b5b0f-9cd7-416c-a87c-e781c6e9bdaf, 1159621f-bf11-48f5-80f4-e149fbdad284, e5ec4534-8204-4b10-b504-607a0215b560, 2033c2df-a38a-4d9b-8dc7-4124024d3874, 9eb42e23-6f0c-489d-849a-694eda70ee23, 199523ba-6df4-4ae9-8a7e-de346a8de5e9, 91dd61bf-7c49-4276-bba6-1db2804921a9, 807d5f5b-e102-4cfc-acf3-a3e74537f7f2, cc766b1f-ef8d-4643-beab-37634ddf8249, 8390a22a-cc2b-4286-9043-c7270807bf77, 7d52e391-865c-4fb0-be5e-3a4b5089d3ce, 562dcabb-3d15-4b43-8701-4d1e441bbe38, b954a1b6-d613-4012-8bb5-d60ffb9e94e6, 1527180f-7be1-40a0-b003-43852f95378b, 1f59877a-6e53-4e34-a24a-0e2283dd745b, 64dd5b2a-0963-401c-bf69-ade920ce7e28, bcf0a249-f985-4e6a-bde8-730726a42a16, 22459d32-a4a6-463f-8b83-901a77c7d905, e5c4988a-9803-44f9-b6c9-bdd848e10632, 100ff71c-da18-4182-9672-369324a71bb5, 06294fd4-5d1e-498f-9a46-b0631ebcb60e, 801d8ece-5a4c-4ce7-b31b-2ecbd49578fb, ffeea3a6-d969-4a9a-baf0-101da68da3f9, 87dfb73c-6645-47d4-a205-1abaeab76ad4, 26c1e097-e6c0-4996-b6f6-abc7955e9583, a195bee8-4bb8-471c-bdff-508bbc0fade7, 84c68fc4-68d9-4987-b740-2e32d30f7069, b0803304-62b4-4428-a333-e9bf623c8a98, d60563cb-18f7-4e89-a687-fec6728f7632, 24c2166c-5582-4a79-a064-b5ef481e1157, 2f022fe5-67d4-4058-903b-482324891e13, e8c2b07d-525d-4d3d-a166-25f81ee0bc18, 8ed8e775-2106-4c6c-84c7-2df06f1c9c02, a6791b3d-db3f-4aa0-94c9-f12045f11c73, 229628a2-f8e0-43ca-bac9-f14a161f9124, d9f8917f-e290-412d-9226-1f6c0390ab0c, 625ee760-5f1a-42d7-9d6a-cfaa3d203b0d, e93fb5f7-e64e-4866-be46-838c3c71e471, 52f1e9d9-9d83-4566-b4df-f224ff11d1e1","1657669142062, 1657671351105, 1657671412669, 1657760202033, 1657812587768, 1657812614586, 1657824291773, 1657908344763, 1657915835264, 1657916312455, 1657933434462, 1657933480759, 1657934674093, 1657935110160, 1657993879696, 1658018435641, 1658158095130, 1658158137700, 1658252018850, 1658252545859, 1658252571502, 1658252572547, 1658252928423, 1658253460873, 1658253469151, 1658267601614, 1658508050719, 1658508062010, 1658508089860, 1658508532935, 1658516225333, 1658516291684, 1658516297485, 1658516495014, 1658518611714, 1658529672199, 1658529677546, 1658544174309, 1658544191358, 1658617298499, 1658676970091, 1658678591368, 1658707828804, 1658714885593, 1658714923358, 1658767770677, 1658767773908, 1658767775878, 1658767814586, 1658768081283, 1658967953668, 1658967967903, 1658967981340, 1658968035940, 1658980460822, 1658980506529, 1658980582780, 1659047910646, 1659050255295, 1659050332238, 1659051322808, 1659117443757, 1659119071822, 1659119177725, 1659119199309, 1659122367369, 1659144174057, 1659237065560, 1659288508881, 1659289589665, 1659289791215, 1659293836618, 1659293845085, 1659404343007, 1659483228301, 1659486146059, 1659486548168, 1659558953939, 1659559467612, 1659559469512, 1659559658929, 1659560834387, 1659570289195, 1659576588023, 1659637296747, 1659740485318, 1659741548316, 1659741610167, 1659837135482, 1659837145476, 1659837214738, 1659837284261, 1659837320597, 1659904033504, 1659938234083, 1660240560875, 1660281759698, 1660344865852, 1660346477307, 1660355705888, 1660363640766, 1660363654591, 1660363672830, 1660443761264, 1660443765734, 1660444369997, 1660499405145, 1660499447005, 1660499686099, 1660499732928, 1660499796423, 1660502639697, 1660520221984","1, 3, 0, 2, 45, 0, 4, 7, 10, 0, 0, 1, 0, 0, 26, 9, 0, 1, 16, 3, 0, 0, 1, 0, 2, 5, 4, 5, 0, 11, 0, 3, 1, 1, 0, 0, 1, 0, 0, 28, 1, 1, 1, 1, 2, 7, 0, 2, 0, 0, 0, 1, 0, 0, 1, 1, 1, 4, 0, 0, 0, 2, 12, 4, 0, 2, 9, 0, 6, 8, 7, 0, 0, 0, 0, 8, 2, 0, 1, 2, 0, 0, 0, 7, 0, 3, 2, 0, 2, 0, 0, 3, 1, 1, 1, 0, 0, 0, 0, 0, 0, 0, 6, 0, 0, 0, 0, 1, 0, 1, 0, 0, 0","49733, 113385, 5478, 81888, 280220, 28494, 154987, 44305, 80000, 10000, 56623, 43297, 25866, 80000, 240000, 50766, 30000, 113407, 63198, 60000, 53549, 43254, 163174, 5771, 64314, 62436, 119206, 120000, 10000, 112646, 60000, 102370, 69456, 39844, 11388, 25852, 71591, 20000, 10000, 280000, 76567, 10000, 20000, 24276, 40000, 80000, 14295, 80000, 10000, 32778, 30000, 34496, 34880, 20000, 51868, 78582, 33308, 51111, 20000, 20000, 20000, 41562, 123114, 63588, 10000, 167486, 50000, 50234, 30000, 100132, 87783, 12655, 10000, 10000, 42026, 100000, 81297, 29782, 47013, 50000, 30000, 10000, 20000, 90816, 10000, 44985, 70000, 24589, 49419, 29908, 37737, 42490, 50752, 80000, 23566, 21213, 10000, 13786, 37234, 37286, 30000, 74292, 64950, 62425, 20000, 14125, 44854, 227552, 83523, 54293, 30000, 20000, 33337","68.72, 58.84, 9.0, 82.13, 73.54, 49.71, 57.08, 64.96, 27.35, 6.83, 68.28, 74.62, 41.45, 17.75, 82.97, 36.04, 74.35, 50.79, 37.45, 51.01, 81.45, 63.99, 92.58, 4.42, 31.21, 65.48, 51.51, 69.13, 19.37, 43.23, 53.51, 52.65, 82.17, 33.77, 8.58, 21.75, 86.67, 8.49, 24.32, 99.75, 75.49, 38.08, 38.29, 62.01, 31.8, 69.01, 17.41, 40.11, 28.7, 84.99, 57.71, 68.77, 46.68, 32.08, 27.58, 82.45, 65.77, 57.62, 29.71, 25.64, 6.83, 42.21, 83.73, 58.18, 13.78, 86.25, 34.3, 80.63, 67.97, 72.26, 87.64, 10.54, 13.4, 24.14, 17.27, 80.32, 49.23, 21.89, 84.09, 51.09, 85.0, 11.29, 3.69, 75.46, 7.34, 35.22, 61.96, 50.11, 67.29, 46.76, 59.82, 51.81, 59.45, 44.69, 24.53, 33.46, 16.76, 22.01, 77.9, 46.06, 72.53, 82.7, 54.74, 80.44, 16.18, 12.31, 36.15, 86.29, 90.6, 36.67, 83.17, 6.01, 32.03","1, 4, 1, 1, 1, 1, 2, 1, 1, 1, 1, 1, 1, 1, 1, 1, 1, 1, 1, 1, 1, 1, 1, 1, 1, 1, 1, 1, 1, 1, 1, 1, 1, 2, 1, 1, 1, 1, 1, 1, 1, 1, 1, 1, 1, 1, 1, 1, 1, 1, 1, 1, 1, 1, 1, 1, 1, 1, 1, 1, 1, 1, 1, 1, 1, 1, 1, 1, 1, 1, 1, 1, 1, 1, 1, 1, 1, 1, 1, 1, 1, 1, 1, 1, 1, 1, 1, 1, 1, 2, 1, 1, 1, 1, 1, 1, 1, 1, 1, 1, 1, 1, 1, 1, 1, 1, 1, 1, 1, 1, 1, 1, 1","1657669142062, 1657671351105, 1657671412669, 1657760202033, 1657812587768, 1657812614586, 1657824291773, 1657908344763, 1657915835264, 1657916312455, 1657933434462, 1657933480759, 1657934674093, 1657935110160, 1657993879696, 1658018435641, 1658158095130, 1658158137700, 1658252018850, 1658252545859, 1658252571502, 1658252572547, 1658252928423, 1658253460873, 1658253469151, 1658267601614, 1658508050719, 1658508062010, 1658508089860, 1658508532935, 1658516225333, 1658516291684, 1658516297485, 1658516495014, 1658518611714, 1658529672199, 1658529677546, 1658544174309, 1658544191358, 1658617298499, 1658676970091, 1658678591368, 1658707828804, 1658714885593, 1658714923358, 1658767770677, 1658767773908, 1658767775878, 1658767814586, 1658768081283, 1658967953668, 1658967967903, 1658967981340, 1658968035940, 1658980460822, 1658980506529, 1658980582780, 1659047910646, 1659050255295, 1659050332238, 1659051322808, 1659117443757, 1659119071822, 1659119177725, 1659119199309, 1659122367369, 1659144174057, 1659237065560, 1659288508881, 1659289589665, 1659289791215, 1659293836618, 1659293845085, 1659404343007, 1659483228301, 1659486146059, 1659486548168, 1659558953939, 1659559467612, 1659559469512, 1659559658929, 1659560834387, 1659570289195, 1659576588023, 1659637296747, 1659740485318, 1659741548316, 1659741610167, 1659837135482, 1659837145476, 1659837214738, 1659837284261, 1659837320597, 1659904033504, 1659938234083, 1660240560875, 1660281759698, 1660344865852, 1660346477307, 1660355705888, 1660363640766, 1660363654591, 1660363672830, 1660443761264, 1660443765734, 1660444369997, 1660499405145, 1660499447005, 1660499686099, 1660499732928, 1660499796423, 1660502639697, 1660520221984"
3c95bb47e7edafb01f2157e6ea45ae087b07c7a204f06e6a4ce861d639c9990a,Non-Logged,20,"d5f5e1da-c3c8-49ab-b0a6-e027f3d4d724, 83ebda93-e1cf-422d-ae6b-18298c55ed8e, dcea5a57-ec0d-4447-94e9-3449e11628d6, 2463b085-fab1-4d06-b557-614e28ba71fc, bf915bcb-9984-4c75-b383-d61cef6f40c7, e77ae307-18b9-4174-bca0-afed4139e03c, 882e7c95-935a-4eab-9ece-f85f5f7d0f4e, a6ab18ec-e32f-474b-964b-987309c61581, 64323b0f-d998-4f8d-a9ff-0e8c4f8859a0, d95c79bd-06de-498d-b837-7eb9d81c8520, 89fa73f0-4341-4de4-bb2a-e429ef96bd43, d2593c3d-2347-40d9-948c-b6065e8459a9, 458bf0ec-efb4-4bfd-9446-c80295e6aa87, 6df2d9ea-1ba6-466b-a9d4-e64ea37361a9, b08e75f7-e4a1-4d5c-9267-d3edb3725065, 2f48f7b6-6a9a-4121-9ed7-2e5571b3cd54, 4c63d7cd-4902-4ffb-9b94-578b1b2151f0, 3a54bc78-a1f6-4a3c-a1f8-d541597eb6a0, 42fb9402-672d-4768-8d2f-03ea257150a0, 97ac6c4c-5b3d-4e36-9816-0791226573e5","1656695108833, 1656767160470, 1657116074716, 1657304281311, 1657473369007, 1657473381616, 1657473528997, 1657573026973, 1657573046934, 1657573047998, 1657992206531, 1658442254369, 1658442311139, 1659027063346, 1659186916938, 1659272435494, 1659382150530, 1659539374858, 1660337630131, 1660339538792","9, 0, 3, 5, 2, 0, 4, 0, 6, 0, 0, 0, 0, 1, 1, 0, 0, 0, 2, 1","194570, 83577, 70330, 131186, 118550, 88345, 166274, 83752, 154288, 10256, 49153, 44060, 10000, 78064, 330859, 10000, 52140, 80000, 146687, 124410","63.3, 44.23, 64.06, 19.92, 68.13, 63.06, 67.92, 63.62, 58.29, 18.81, 28.4, 31.73, 8.91, 53.14, 40.98, 4.7, 55.63, 40.61, 55.04, 44.24","1, 1, 1, 2, 1, 1, 1, 1, 1, 1, 1, 1, 1, 1, 2, 1, 1, 1, 1, 1","1656695108833, 1656767160470, 1657116074716, 1657304281311, 1657473369007, 1657473381616, 1657473528997, 1657573026973, 1657573046934, 1657573047998, 1657992206531, 1658442254369, 1658442311139, 1659027063346, 1659186916938, 1659272435494, 1659382150530, 1659539374858, 1660337630131, 1660339538792"
75444198726631d0771f1f75ad594400ca931abfb7deaa1dab7a1fd3bad6b376,Logged,8,"974717c5-28aa-4769-8b29-2a53eb9be6a9, d7f17a3c-3885-4b47-95a8-c4204a3698f5, 99c4a6d3-41f3-4bf0-bfba-a419e0e621f8, 4884082c-b54b-4857-8a14-c2e39095cd03, 2dd15d83-5cb6-4d69-a230-11480d86bb74, 1353c360-1dd0-43df-b4b2-4b299ef3c208, b442d94e-f0c5-4fc1-9406-a4b64b595d71, bb8a99cb-83ad-44b6-854b-8e3f8c492164","1657658971934, 1657885539916, 1659479628651, 1660046636983, 1660046711275, 1660211184339, 1660211199767, 1660314975136","1, 31, 43, 40, 120, 5, 32, 28","88894, 40000, 80000, 51261, 142354, 10000, 50342, 25960","54.98, 34.7, 59.44, 30.44, 68.23, 27.41, 38.24, 29.58","1, 1, 1, 1, 1, 1, 2, 1","1657658971934, 1657885539916, 1659479628651, 1660046636983, 1660046711275, 1660211184339, 1660211199767, 1660314975136"
21f9901a5a0d3e0ebb051d85b011fb228b3af18712264bde0116081e730a07ba,Non-Logged,2,"9a18d6ef-857f-4501-8372-6ecaa78c78dd, b7865dc5-91bd-4f7c-a08a-cad5c37f3c64","1660079246140, 1660163026144","0, 0","15686, 71393","26.9, 15.85","1, 2","1660079246140, 1660163026144"
922026e7daf0dd2e366e547d3c4c1dd5b9d90296ea81f8a1581d9d0b98d1abc1,Logged,184,"68bcd037-cf0e-4a5f-899b-79d97ce2827a, 7caf0079-a39e-4f7d-9d5b-7f8d8a625f2f, 974717c5-28aa-4769-8b29-2a53eb9be6a9, 9fedc28f-b68e-4bd7-b97e-778e1e8f6274, edf58114-c7ab-4675-8af0-a74074f0f865, 0650a691-26f6-4a08-85c8-4716ae0d5388, d0b15500-c57e-4c4b-bcdf-c8d643d883b6, e5d814f2-7979-427f-8274-f865ea7f1d79, 7c597d02-aab9-4326-8a8a-e92987dae011, 2dd15d83-5cb6-4d69-a230-11480d86bb74, 17c1c875-a2ed-4b98-ace2-96ba127e272d, d8e96969-c9d9-4c28-a9a8-403abc1e784a, e6f987c1-546f-4a9e-9a88-b2e2eb2a9068, 9dc80b61-f703-4122-abff-4666d617745c, 21532265-cfd0-4301-a58d-dd615d0189d6, 5ff57c8a-8269-49e8-be21-5997c71ac566, 9a4bb232-f1b6-4cd1-ba6c-c4696952153b, 69cdf5cb-1f8c-44aa-a28e-030d8dddca89, be3675e3-407f-4425-ac08-5251fa9720a6, e41d9ce2-4ed4-4c85-ad07-304a9159b6ed, e9de8ac6-229f-4836-bb13-c08a6927b80c, 5dff8fb2-73e6-4c22-a34f-c367aa2677df, 0981aa5a-7687-4aec-bcf7-6868ea563935, 3230374d-3227-480f-8aad-be40e7918a89, 5bf8b3a3-3916-40ca-8672-a9f3df311825, 2c8d0162-7a7c-420b-ac35-1f7f1e9f7ba4, 1babbe41-50e0-49f6-aab8-20b5cba9a010, 2db1a14c-afb7-435b-9cc7-3d85d5aecd09, c6142cff-2cc0-4cf0-86d7-ae74be6baace, 5b68d910-8e4a-4fa5-8fae-65c841282e94, 80aa7bb2-adce-4a55-9711-912c407927a1, 4d16a079-ca73-4bb6-b6ce-872bdddf1aa4, 8f3d661a-9a9d-4080-baf0-422014067d7e, b80450c6-2099-4c59-b311-9fe733104de9, 5299f529-c3f7-48a5-96eb-e30fb0dbdf2e, bcb082df-30e5-44c0-926c-6172cacaaae3, 707aa39a-ef6a-4e5d-9148-3ebedb686707, 27927a8f-0869-4b87-b9ee-20865df5348b, 3ac9251a-05b0-4ee5-88ba-afe022c03488, 9771b0d9-b14a-4908-8932-440b6fe33aeb, 8c246d2b-81bd-4c1f-b563-2c905675f984, 33b8607c-f4aa-4379-a18d-f7dddd2dd52e, 9410dadd-0d3b-43de-9186-e934a3da6be3, e5b31255-e567-41a8-9b71-2b04a7025f85, esid:conteudo_editorial_g1#materia#https://especiais.g1.globo.com/economia/concursos-e-emprego/lista-de-concursos-publicos-e-vagas-de-emprego/, esid:conteudo_editorial_g1#materia#http://especiais.g1.globo.com/economia/concursos-e-emprego/lista-de-concursos-publicos-e-vagas-de-emprego/, 4076d859-88bf-4956-8005-41bb5ef30c47, e4f17e5b-6da2-4cc1-a979-f08d6c3ffa4b, 0c060313-9ecb-446a-800f-1242ed98feff, 431154d9-478d-4c01-bef6-e86041c50126, 7d0ed489-9a81-409b-86c5-73867cda14a9, a2555e62-df84-4730-80a2-fa4684ba3a29, b9e7aa37-d2f8-4c1b-8c95-e935eef1f413, 69b7551f-431d-4d75-8685-07ae2626f2ac, 8de636f6-e61d-422c-9820-88b85ff85727, fbffe526-e94a-408f-a19b-7510f3d56016, 6db754a3-73b8-4ffa-895f-a03725486bff, d27db1e4-e90b-40f3-8be9-5b1c6086c52a, 55533efc-3d6c-457e-b393-f7db3567bb7f, 961338f6-9822-4794-bd79-24d234517397, b8d51b59-3bb7-458d-a305-50c20b817a28, 674bedf9-2a22-450f-94d5-6f8ec16422e8, 4e2281de-bab1-4f06-b3e9-8263d0ab2b0b, 46dd4c62-0ebb-4496-8676-6fe2e787895d, 4e33d729-b10e-4c47-ba60-20d25e23c442, c7b54f40-cb1c-4e57-8f86-f1f87de52075, 746d6f36-70e0-4b16-a29a-bb9a4108b12e, c1866ea5-67bb-431d-a6fe-df1cf98ca8be, 90c1930d-6795-4daf-8efb-635b7ac3dfae, b4ee4184-4be2-42bc-806c-90579721181e, 5d8388f3-736d-451b-a794-d826453e12e1, d6e16058-93a9-4f7c-93fe-d839c796703f, a478ed70-98c5-4988-b855-565ab71dba0e, 3e54b313-2fde-4180-9948-74e889dd9430, e650aae9-2b05-4564-9ce7-108a31c4de20, c55b5b0f-9cd7-416c-a87c-e781c6e9bdaf, 11649ce1-ed5a-46e0-92da-eb105f4555ff, 8390a22a-cc2b-4286-9043-c7270807bf77, 3db4c0cd-5a55-4be3-a268-bf08b0a0ec2b, ff50a0fb-97e5-4483-94a1-0e1f13c5938e, d53144a7-7d1c-41ca-acb2-6d3f5908d4a9, cec08bf9-4f41-4cbf-88da-bd1643c99b21, 8195ec4b-276b-4fbd-8da8-94c4ebd1a039, b4ea2877-1b5a-4c1c-b304-267be54a5b5a, 09092757-a6a5-49e6-b2b4-a59856c6ea81, 8ea85faa-11d8-4ab2-98e8-39ed5a1198f7, 85b6ba37-11d3-4157-ab0f-7eeb9e115f70, c963b3af-46f5-40f7-a918-aebdfe46a653, 5f007eb0-9eba-40bc-8591-ef0edb9d958c, 9c774053-1d2b-4c81-9306-610791b60d3c, dcafd475-09f7-4574-8c9c-d6e6636f7cd4, bcf0a249-f985-4e6a-bde8-730726a42a16, a1a27aa8-6ac4-4ff8-be0d-96b8c286059c, 45a2068f-7dd0-4244-89c1-9119d1937bd4, bacb77e8-bb1e-4c86-a926-a05925f786ae, 3925d492-2ff3-4eaa-93f7-e172bd1759e6, faec7707-99a5-406d-a1ea-f10df6ee1c06, 825b2cc9-cb4d-4a0e-82d3-683985721cdc, e57cc467-d8c7-4981-b095-8b8a09cf1bf2, 9ff804f0-d800-4180-b1b0-ae727821a20f, 16834dee-0e39-4152-b3e5-4d2ac9f586c7, 15281e10-e6bc-48bc-9b1b-94402f83699b, 5640b3e5-cc95-4af9-a943-9d4083cbb557, c3fe0bf1-2245-4b9c-bdcc-bc0104fbbc7c, 857a13e0-28f3-448b-b4c9-b78cc9cb751e, 2ae5aab4-3e84-441f-8e24-d57f1d8c2830, b5d2b77c-c780-4f35-abe6-9dad5fb55a4d, 9c989bd5-2987-451b-a4af-1143e774f2a0, 148518b5-c324-4882-81a6-678168063a2c, 24f43679-4728-45ee-8c55-23694015de4c, 529a23e0-baa8-4824-9554-416ceba464ae, 94d5ccc9-09e1-47f4-8566-7cddc91aca9c, 251269d5-3194-4fa1-a62d-fab4971dcbaf, 96e61e99-4834-48ff-9b73-cf5811b83609, ce7cec2c-a527-49d5-8e99-3a22fa78f260, 4e73dd4e-0e2b-4a11-8f5b-658619b08027, 224d8516-f349-4d8a-9e73-e3ca1c47a992, eca84ac2-67b7-4816-9197-2b1936967720, b44aa244-12a8-43a7-9bd3-e69db2cb1b09, 548b37fb-0d23-4e99-b1cd-4809bd6fe53d, 4055787c-8379-430a-926d-5e6be111d843, a7fd5256-6d4e-4b51-801b-5620296c5c31, 5b3d6251-33ad-4234-825f-6390d004f74f, df29b835-b2ad-4a83-8ac2-65f8bdca70b0, bd4e7054-4043-4acf-9a49-7d883152189d, e30c84b4-e76d-4606-aa9f-61819c8baec3, 4f3f0192-5bbe-403d-8899-47148b6a6cbc, 06c0a626-f784-4d7c-aaf7-a3fdd06c2a56, d5bcd4a5-63af-4373-824f-ba2112d7d6b9, cb324527-6a66-491d-b53c-6a6d7ece566f, d1422d99-b0a6-4b67-923f-95de35bb5125, 177e58be-2a70-490c-8aaa-e2247919b282, 7918ecef-ec87-410d-a839-8356b9c27231, 012c617d-12c3-4377-a466-f0586bbeaea6, 7456c88d-6473-46ed-83a6-dfc406994162, e06765a8-fc9e-4150-97cd-00fac0c4f192, 0f851ba3-dbf0-42f3-963d-25e9df37242a, dd870c62-78d7-4bca-8e4b-892699ec382b, 27625dab-0353-4ea8-b88c-b945c9e782dc, d9405306-3af8-4248-b429-394d4479447b, 0088259f-a5a9-4f74-b4da-451e6d20844a, 580f11e4-cbb8-469d-9573-df55f4e94e99, 0e7d06be-39c0-4e49-b5e5-1efb7ba5bb51, b45d3be3-1172-4a62-8b29-a7c0faba7124, 9929eaae-7536-4dbb-a05d-8261c8df07e6, 4dfa6150-96e9-4355-835c-dcefefffca17, 1e1c52a7-9e0d-4b66-af21-d91674139af0, 89fa73f0-4341-4de4-bb2a-e429ef96bd43, 46611382-99ab-41b1-a3f7-8e0270f06f79, 1a732119-0975-4bc2-8077-cb2ae8d249af, 7c076eda-5b41-4b0f-815f-0f6400148b0c, a4b78e6a-ce83-40dc-9fb6-6dd313a6bd71, e5bcf07e-caf8-45c3-991f-9f1b0276410e, 3901a861-007c-45ad-94ac-c635d8663696, 02953bf6-d721-47d9-a2de-f01114449756, d5fe8ac5-a1f3-4287-a2b5-b12eb503abeb, 6a0c14a6-63a7-4783-a35a-52a4986a32ea, d05c0270-b38e-4e97-9bdc-02106d088069, bf44b8ea-c737-4eec-a51b-01006202f303, da42bebf-eb62-41e2-b325-26f2037900bc, 97806044-085c-4366-9221-910e929a63fc, 563e33e5-43c0-414d-830d-9768c030c682, f12b23ee-1c5d-4d46-a03c-e0f42a796040, 462af4d5-8e94-4c42-a388-b9a5fb334aa1, 5e0c254f-91d8-4527-959f-664c095a2d64, ed3ad131-309c-4613-a4b5-27afd62456fd, 08e8043c-d31c-412e-ac58-b9d66bacdda0, 4e170078-70d8-4245-bb0b-19f4af929446, f0f33418-5a4d-4fe6-8ba4-c65eff7c041f, d5d5aa56-986c-4657-9754-945939e393a9, 9bc6f6fa-94fc-4748-b4ff-40aaa6c4f525, abfbd835-78b2-4583-a8f9-1ec52f486fb3, e3f6e172-5893-4a65-abb5-4adfc2ae2685, c041f6d7-df78-40ee-8832-6772a0db14bb, bf961fba-2e9d-4fad-a02a-467268deb453, a93d9c56-f689-4b2f-ac87-fbc3774d357b, 76ddb16c-b141-4fa0-a220-894f4484eaa7, 6d4e0922-de9a-4cb8-a778-8a94396ef656, 38578b5c-4509-49df-ad79-c62cc914e4a5, e5185368-70f8-4998-a738-ca22f300da7b, 6be11f1b-fbcb-4bdc-9415-a52721d191fc, 4bb25c74-f3bc-489b-903b-6cef6d722c90, 16629309-5f66-4836-98ac-41b09f45a10f, e93fb5f7-e64e-4866-be46-838c3c71e471","1656674795013, 1656675274645, 1656675357224, 1656693707551, 1656697326060, 1656702451702, 1656703044125, 1656703469690, 1656716211186, 1656717493318, 1656718414939, 1656808253401, 1656862695080, 1656939555797, 1656946980132, 1657021193393, 1657031899408, 1657032207027, 1657032267220, 1657128483061, 1657129116013, 1657192873547, 1657200138152, 1657200772744, 1657241760080, 1657280077594, 1657280144256, 1657280156100, 1657308883664, 1657361908405, 1657362094863, 1657413962252, 1657477802707, 1657478729809, 1657540244892, 1657540917447, 1657544308006, 1657548583370, 1657557426162, 1657568060512, 1657571238222, 1657624266388, 1657626742810, 1657626748041, 1657627007583, 1657627424692, 1657627764468, 1657627943278, 1657631961631, 1657634675906, 1657635105620, 1657636658060, 1657636763342, 1657636766192, 1657642960324, 1657643174334, 1657643477916, 1657650575120, 1657658232056, 1657681439260, 1657681733580, 1657718503345, 1657728946431, 1657735329676, 1657735363580, 1657740616481, 1657801246333, 1657801472683, 1657808414012, 1657819727435, 1657822937168, 1657884639787, 1657895800527, 1657903013196, 1657903782099, 1657911896222, 1657987774343, 1658077885202, 1658145789545, 1658155488887, 1658155925194, 1658161866256, 1658161908217, 1658168250556, 1658172216790, 1658177042635, 1658197787779, 1658229903762, 1658230304327, 1658230606900, 1658241812349, 1658248280025, 1658253210250, 1658259712216, 1658259963896, 1658261071853, 1658325536615, 1658325957657, 1658326500005, 1658339406797, 1658339767119, 1658344444210, 1658344863348, 1658429807354, 1658429876958, 1658430107823, 1658510841936, 1658528864558, 1658529173722, 1658609924489, 1658673898422, 1658674298474, 1658674677369, 1658748138798, 1658748152541, 1658758125133, 1658765540715, 1658765672738, 1658765724303, 1658766169769, 1658782278697, 1658883355451, 1658920442188, 1658950073534, 1658959985145, 1659011944322, 1659054025123, 1659054157203, 1659112641098, 1659112794259, 1659112846279, 1659117875015, 1659118440968, 1659123390536, 1659123634707, 1659142820656, 1659212139123, 1659354188935, 1659354440227, 1659354440227, 1659382832852, 1659383729626, 1659402193948, 1659473033811, 1659473226712, 1659524930058, 1659524953573, 1659525546606, 1659551178485, 1659551896649, 1659553146242, 1659612216359, 1659612537517, 1659623448620, 1659628449223, 1659636814985, 1659643754082, 1659643869349, 1659653234580, 1659698562308, 1659706591151, 1659727105039, 1659735201656, 1659735486466, 1659735732737, 1659736683569, 1659906413888, 1659906624849, 1659968792314, 1659977842338, 1659979810319, 1659980047898, 1660044156082, 1660044287227, 1660044332203, 1660044367008, 1660044547043, 1660044597385, 1660086678795, 1660248508718, 1660304592324, 1660309355973, 1660309479294, 1660328343798","0, 0, 0, 0, 0, 0, 0, 0, 14, 26, 10, 26, 49, 0, 0, 0, 0, 0, 0, 0, 1, 1, 0, 0, 15, 0, 0, 0, 0, 17, 59, 32, 10, 23, 0, 0, 2, 0, 0, 0, 0, 0, 0, 0, 0, 0, 0, 0, 0, 1, 0, 1, 0, 0, 0, 0, 1, 0, 0, 14, 3, 0, 0, 0, 0, 0, 0, 1, 2, 0, 0, 0, 0, 1, 0, 0, 9, 9, 2, 1, 0, 1, 1, 0, 0, 1, 37, 0, 0, 0, 1, 0, 0, 0, 0, 0, 0, 0, 0, 0, 0, 3, 0, 0, 0, 0, 17, 20, 15, 26, 50, 4, 15, 1, 0, 1, 0, 0, 0, 0, 1, 33, 0, 21, 4, 0, 14, 4, 0, 0, 0, 0, 0, 0, 0, 9, 11, 0, 0, 0, 0, 0, 9, 0, 4, 0, 0, 0, 0, 0, 0, 0, 3, 0, 21, 0, 0, 0, 8, 0, 0, 1, 20, 13, 38, 13, 14, 1, 0, 0, 1, 0, 0, 0, 1, 0, 0, 0, 54, 2, 0, 0, 0, 0","143362, 22007, 100000, 70000, 128522, 119066, 60000, 63506, 100000, 200000, 90000, 120000, 390000, 110000, 155320, 224724, 130000, 107541, 161704, 199971, 48309, 112000, 33873, 22752, 88206, 30000, 118720, 80047, 134587, 100000, 372750, 279213, 60000, 170000, 569531, 110000, 195993, 30000, 153265, 30000, 196086, 70000, 7426, 46756, 110000, 24998, 30000, 243625, 50000, 26137, 160000, 233753, 170886, 10000, 79966, 80000, 110000, 120876, 70000, 70000, 30000, 25565, 41611, 10000, 20000, 241530, 219515, 308312, 100000, 22602, 10000, 70000, 10000, 531349, 146615, 15310, 60000, 40000, 260000, 86696, 82689, 90000, 185508, 130000, 120000, 167609, 140000, 125248, 67138, 30000, 180000, 10000, 146588, 130000, 63154, 60000, 35662, 452141, 32691, 88385, 14796, 190000, 133670, 20250, 200000, 95320, 60000, 120000, 92761, 110000, 210000, 20000, 70615, 166148, 29695, 99733, 30000, 48542, 130000, 5441, 113249, 145429, 45143, 130000, 40000, 250000, 60000, 51891, 40000, 157029, 340000, 119550, 40024, 130000, 26940, 100000, 50000, 60179, 82714, 82714, 30000, 10000, 50000, 30000, 70000, 20000, 90000, 20650, 13471, 58760, 187996, 150000, 310000, 186186, 154878, 92767, 82560, 27994, 60000, 150000, 474111, 200830, 120000, 100000, 260000, 80000, 116533, 11915, 194350, 130651, 120000, 90086, 50000, 70000, 250000, 74221, 95131, 61338, 270000, 172766, 141621, 90954, 69958, 274086","58.44, 24.62, 62.15, 35.0, 62.8, 53.21, 52.22, 46.77, 36.87, 60.78, 44.52, 49.73, 67.06, 60.09, 39.01, 71.23, 69.6, 63.33, 78.38, 63.22, 18.8, 40.73, 31.04, 11.75, 64.47, 8.67, 46.97, 67.24, 60.63, 40.19, 54.16, 68.49, 32.41, 52.52, 70.97, 54.11, 10.06, 22.44, 52.49, 35.84, 74.31, 45.64, 42.35, 58.68, 35.38, 16.48, 15.97, 73.68, 41.92, 9.03, 49.77, 62.91, 65.0, 7.36, 50.2, 55.21, 17.02, 54.78, 53.15, 33.64, 23.17, 9.05, 86.54, 11.39, 5.17, 70.33, 57.59, 68.75, 49.33, 42.15, 13.67, 20.55, 8.18, 72.99, 66.38, 14.68, 29.08, 17.44, 71.63, 52.88, 63.5, 40.7, 45.06, 67.1, 54.39, 61.44, 39.34, 78.76, 52.77, 39.28, 55.72, 12.75, 65.92, 64.86, 40.93, 50.77, 47.47, 60.71, 36.59, 69.07, 55.69, 35.0, 71.62, 51.5, 51.43, 45.45, 21.14, 37.33, 27.85, 55.15, 69.58, 29.16, 28.99, 62.98, 57.82, 32.04, 22.53, 59.87, 15.55, 5.61, 48.19, 52.66, 57.67, 48.64, 17.33, 80.55, 37.2, 21.01, 31.55, 58.99, 69.44, 62.31, 37.44, 44.87, 8.85, 22.54, 31.58, 61.41, 50.62, 50.62, 37.74, 6.48, 38.62, 6.87, 12.66, 19.26, 34.11, 68.57, 39.22, 26.07, 51.76, 67.02, 64.89, 35.01, 44.72, 55.56, 43.52, 8.66, 27.12, 56.66, 29.48, 14.14, 45.27, 57.08, 61.09, 42.66, 46.71, 11.24, 37.18, 63.44, 51.98, 48.23, 54.67, 37.79, 72.5, 61.83, 56.34, 51.67, 73.91, 66.16, 73.53, 64.57, 52.16, 73.3","1, 1, 1, 1, 1, 1, 1, 1, 1, 1, 1, 1, 1, 1, 1, 1, 1, 1, 1, 1, 1, 1, 1, 1, 1, 1, 1, 1, 1, 1, 1, 1, 1, 1, 1, 1, 2, 1, 1, 1, 1, 1, 1, 2, 1, 1, 1, 1, 1, 1, 1, 1, 1, 1, 1, 1, 1, 1, 1, 1, 1, 1, 1, 1, 1, 1, 1, 1, 1, 1, 1, 1, 1, 1, 1, 1, 1, 1, 1, 1, 1, 1, 2, 1, 1, 2, 1, 1, 1, 1, 1, 1, 1, 1, 1, 1, 1, 1, 2, 1, 1, 2, 1, 1, 1, 1, 2, 1, 1, 1, 1, 1, 1, 1, 1, 3, 1, 1, 1, 1, 1, 1, 1, 1, 1, 1, 1, 2, 1, 1, 1, 1, 1, 1, 1, 2, 1, 1, 1, 1, 1, 1, 1, 1, 2, 1, 1, 1, 1, 1, 1, 1, 1, 2, 1, 1, 1, 1, 1, 2, 1, 2, 1, 1, 1, 1, 1, 1, 1, 1, 1, 1, 1, 1, 1, 1, 1, 1, 1, 1, 1, 1, 1, 1","1656674795013, 1656675274645, 1656675357224, 1656693707551, 1656697326060, 1656702451702, 1656703044125, 1656703469690, 1656716211186, 1656717493318, 1656718414939, 1656808253401, 1656862695080, 1656939555797, 1656946980132, 1657021193393, 1657031899408, 1657032207027, 1657032267220, 1657128483061, 1657129116013, 1657192873547, 1657200138152, 1657200772744, 1657241760080, 1657280077594, 1657280144256, 1657280156100, 1657308883664, 1657361908405, 1657362094863, 1657413962252, 1657477802707, 1657478729809, 1657540244892, 1657540917447, 1657544308006, 1657548583370, 1657557426162, 1657568060512, 1657571238222, 1657624266388, 1657626742810, 1657626748041, 1657627007583, 1657627424692, 1657627764468, 1657627943278, 1657631961631, 1657634675906, 1657635105620, 1657636658060, 1657636763342, 1657636766192, 1657642960324, 1657643174334, 1657643477916, 1657650575120, 1657658232056, 1657681439260, 1657681733580, 1657718503345, 1657728946431, 1657735329676, 1657735363580, 1657740616481, 1657801246333, 1657801472683, 1657808414012, 1657819727435, 1657822937168, 1657884639787, 1657895800527, 1657903013196, 1657903782099, 1657911896222, 1657987774343, 1658077885202, 1658145789545, 1658155488887, 1658155925194, 1658161866256, 1658161908217, 1658168250556, 1658172216790, 1658177042635, 1658197787779, 1658229903762, 1658230304327, 1658230606900, 1658241812349, 1658248280025, 1658253210250, 1658259712216, 1658259963896, 1658261071853, 1658325536615, 1658325957657, 1658326500005, 1658339406797, 1658339767119, 1658344444210, 1658344863348, 1658429807354, 1658429876958, 1658430107823, 1658510841936, 1658528864558, 1658529173722, 1658609924489, 1658673898422, 1658674298474, 1658674677369, 1658748138798, 1658748152541, 1658758125133, 1658765540715, 1658765672738, 1658765724303, 1658766169769, 1658782278697, 1658883355451, 1658920442188, 1658950073534, 1658959985145, 1659011944322, 1659054025123, 1659054157203, 1659112641098, 1659112794259, 1659112846279, 1659117875015, 1659118440968, 1659123390536, 1659123634707, 1659142820656, 1659212139123, 1659354188935, 1659354440227, 1659354440227, 1659382832852, 1659383729626, 1659402193948, 1659473033811, 1659473226712, 1659524930058, 1659524953573, 1659525546606, 1659551178485, 1659551896649, 1659553146242, 1659612216359, 1659612537517, 1659623448620, 1659628449223, 1659636814985, 1659643754082, 1659643869349, 1659653234580, 1659698562308, 1659706591151, 1659727105039, 1659735201656, 1659735486466, 1659735732737, 1659736683569, 1659906413888, 1659906624849, 1659968792314, 1659977842338, 1659979810319, 1659980047898, 1660044156082, 1660044287227, 1660044332203, 1660044367008, 1660044547043, 1660044597385, 1660086678795, 1660248508718, 1660304592324, 1660309355973, 1660309479294, 1660328343798"
c9eda7572be501cd770fee9d6565b99a445a6e32bceeddb11f3257a1f6b71999,Logged,395,"e19cd9a0-3fa4-49b0-8453-86999bcc0452, 71de78af-e13a-4e35-8b10-7fb4f17a400e, 3c787cdc-99f7-4001-94ac-4edb2e971b94, 279ccbff-f203-4c6d-aa48-83d97f085302, 426e9777-7ad8-4b0f-98f4-48e8ee96ace5, ce52b7cb-4bac-41ec-8218-42bcd0574642, fe31a3a1-20b9-4c6e-9692-c3bca946eb26, dda7ac72-2500-43de-b630-56c6e8e5a913, e69d567c-41c3-4076-846e-23324fe91104, 68bcd037-cf0e-4a5f-899b-79d97ce2827a, 83ebda93-e1cf-422d-ae6b-18298c55ed8e, 8dbab4f7-06d4-447b-996f-b253f35160b0, 9fedc28f-b68e-4bd7-b97e-778e1e8f6274, 1f2b9c2f-a2d2-4192-b009-09065da8ec23, 5f0ffb57-c88b-41bb-b427-ff9fe126dc7d, 6617a8f7-712a-434f-a9bf-89148e7c78f5, 54fd8bf0-d4f2-42f8-89c6-a6d49245954f, ce483c1a-18a9-4ad7-b916-6f45ce3d12c0, 55ab912a-2bac-46d9-9fcf-8e9be376f1b3, d173164f-dcfc-4e32-8006-64ab44a57c66, d226b580-1961-4c68-b928-f045ffaaebd5, 68bc8994-ebef-4e48-8478-e7fe1619ae58, 29b6b142-4173-4ec4-832f-7d0a32255c10, 3ccc9244-328d-4f56-b8d8-119dc55bacd0, 886317fa-cdaa-4d94-b108-d16ad1421678, 44db03fa-78a8-4296-b8c6-f6aba1c995a9, 1c4faf15-dcb3-46c3-ae9f-b79380e1d1d4, 1f32787b-de2b-49be-8c20-ddaeae34cc22, 242a3ced-bcbe-4083-8099-eae08787ebbd, 0650a691-26f6-4a08-85c8-4716ae0d5388, 5b1cb0ce-8056-4dec-a64d-623068958061, 212cf9dc-02e0-4ee6-a8f1-53f6f565cc55, 5fada3ca-d728-4b7b-91c0-b1352a07ada6, c30aca5a-65af-4dfa-9efd-f19ca241610a, e59e23ae-31e6-4eba-b85a-ce46918829b9, 430b49c2-993d-4519-a4fe-5aa5d183fe62, 0e4e09a8-7a88-4758-a3f2-d0dce43df4c1, 248757b0-a2a7-4f5f-b9eb-3f009a596360, 50028008-aa11-4519-9d75-452c84dd27fb, c9f6922d-c67a-41e5-82d7-b283af240233, a289fde1-2ea9-4c18-a489-b8ad09c6a3dd, d4623930-ae85-4058-aa4b-867696479d9a, 4780be1c-b7af-4bc1-ac7a-e68de27868ad, 3ce73782-d80e-4031-be53-5761b158cae7, 7737756d-9c31-4e57-8709-917ec7d60904, 25d54fe7-248b-4e1d-89a1-20b36aba6159, a30dfbe4-47d5-45b3-93e3-24618014e1ad, da41feb2-f5de-4c9b-8b4f-30c050602a41, b2a21491-7576-4be0-a520-97ce9470efeb, 6d4717ca-8617-4486-96b9-88667704116d, ab13659f-bd85-4879-a6e9-03cd994a42ad, f89f8706-ffd4-4d86-af65-b2d0236996f4, bf257382-74fb-4392-ad6a-143240e39f81, 7b41b70c-5434-4ecf-898a-e4315641ad41, 2db1a14c-afb7-435b-9cc7-3d85d5aecd09, f4ac3eb5-e145-4685-b9e9-b61f3551aa58, 0e63f228-3f5f-4883-a851-d557a36c603a, c6142cff-2cc0-4cf0-86d7-ae74be6baace, 6452a218-de3c-4511-b482-d58f26b7ecda, 83cf1546-5235-491f-ae0c-90949a2ab3c2, 230d19cf-28f8-459a-ad3a-da60aa640639, 9ce4b202-e8af-4904-93a3-c7141dc97166, f0a78e58-ec7e-494c-9462-fbd6446a9a89, b80450c6-2099-4c59-b311-9fe733104de9, 2735cfa2-1e87-4f5d-85ad-72aac99ff0da, e2a81417-e811-46a4-b26e-f77c1c836046, 477453ac-53bd-42c9-81d8-2f37c8367309, 9771b0d9-b14a-4908-8932-440b6fe33aeb, 785e6e9f-69e6-416f-b6a2-2b7d13426a75, afb60617-1813-4e1b-93cd-e4f7c7a564cb, 470ccd72-1478-4a82-9e75-ecb6f732772a, 8c246d2b-81bd-4c1f-b563-2c905675f984, 4d89c4b6-6827-4935-9ba1-0502025af270, c88cebc3-e150-4efc-993b-76cda07dc6ef, f2ea56e9-7ccd-4f50-b39c-2baf08b9a346, 4e9c2825-ff13-41ca-8e91-edd848060d19, d6d7696e-9bd3-4cb4-9cbd-9e58b9656bd4, 33b8607c-f4aa-4379-a18d-f7dddd2dd52e, dc5abd37-fda0-4ad8-9620-8db2b13090d5, 9410dadd-0d3b-43de-9186-e934a3da6be3, 2463b085-fab1-4d06-b557-614e28ba71fc, cfe6b8be-db8f-4269-a3f5-c861e298a10b, 3d983e49-8950-4f14-900e-fb180da36f6a, 84475a89-38d0-47f5-b26b-58078f824530, 539c0c29-885e-452d-86dc-562209ba9f3f, ef221d13-ce4f-47ae-8567-8df605e9336f, 62bd40ea-5428-4d9b-a62f-1e81d19749d6, 6f24ab1a-0b23-438a-ba50-ce1d063918d6, 4fe175de-b2bb-414f-8bb6-ab9ebf564dbe, 8b64b810-cff4-40e0-9de9-25b809ae6009, 18214963-8542-4ce9-ae94-769332edd06a, 79ba0d72-e03a-474d-8315-267d4e9ef6d9, 6d3d7ed2-bd28-4acf-b888-5440c23b1690, 4a108326-b19d-42ce-94f6-807abf6e4679, 30a03e2f-327f-42b2-babf-fbc8e9a208fd, 24207949-f000-44c6-b44a-2c172033472f, 447f1db7-0700-47b9-a8d2-f442e2c16d56, f607649b-4ebb-4738-85c5-317eff2059a2, c015e910-53ef-48ce-b4d3-9ae7700a3d66, 6db754a3-73b8-4ffa-895f-a03725486bff, 79058416-0be3-44d3-9200-6f2869306150, 7216cefe-eb57-434a-81cf-4512db2dbc7f, 23acbbe8-30b8-4c4a-ba8b-88782e651380, daf3e95d-8e3b-469a-bfde-56fe34795fe1, d27db1e4-e90b-40f3-8be9-5b1c6086c52a, 882e7c95-935a-4eab-9ece-f85f5f7d0f4e, 962fbd06-d5d1-40a3-b089-d2f5e63bf520, 6051f09f-0a45-43ad-8077-ebb5c8064dad, 7f4f8989-de58-49bf-a882-c3cc180a189c, 347a01fa-6f39-49c7-9a61-72db9eca0d19, de0beb67-5582-49e5-ab3b-8899610b7a6e, 5ecc4b24-ff5d-4f8c-8449-53de3b34d213, 97c00ceb-20e2-455e-b706-9a720e9b32d2, a0aba7f4-5e1f-4f92-8239-10575ffa9957, d0b5ac09-591f-4f39-a325-25c242fe84b2, 0d5865c5-8185-4143-a707-4c3c6238cec7, e8fc4f0d-6d18-4690-824e-4869a1d2d12d, d8ab72b2-7618-48b6-839f-e80cecbba5ff, 5e32085f-3c20-42ee-b996-8ffbfb629006, 068b6f11-9330-4d80-874f-7c0b2789c685, 9a995df9-084f-4a39-a623-4ef1b06a36ed, f4b9eb2c-5b14-4bea-8281-231355e612e7, 900d36c0-3e25-4034-8d0d-f1fdd0ac0e3e, d9cfa482-5a79-4ecd-b7e7-8448d4a1ddc9, d57cd3fc-5185-4b29-8a85-c2f04bf6921c, d68dd58e-f214-4c86-a7df-70a63a4bee12, d6b4d7b3-1721-4721-aa00-29fc7b97a567, c4ed041a-f0f9-4493-a074-3fe395b3c163, e8fb2d61-4b48-4369-a3f7-5e291338a61c, 1c27cf97-b20c-4e40-b1f1-288b721517b3, a61751ed-cf1b-4929-bfc4-66e6916bc5d4, 73151e02-dd2a-4509-968e-b9c16ec1c5db, 49b790ed-8512-4649-965a-057773c50997, e0b8e742-f94f-4361-b662-9e9d24c99803, a4c6c4ba-0143-47a3-832f-3f6cc1235cc8, 6c7114b8-19fd-4bdc-95aa-48f8466a4ad2, a4f5f378-2346-4024-90fc-ad82d22c96d0, d973bcc5-eb9d-4c11-8017-c88828858da4, 0baa8cd7-1eef-4960-aeb4-4128e58efba3, 0b69b7d3-3b11-4cd8-9306-23572be9a053, 053f8aeb-8d1e-4ab8-8bfe-33ab5172b48e, 587971da-40af-460e-acdd-cfca2eefa957, 4cc037f3-0d83-4086-9642-fcd4a5feea55, 0305a46a-fe62-4666-9742-f5fe5db890ab, 11cf4020-f10e-4eff-a3b1-b81113120198, e3cdb277-ad80-4025-b5de-cd98cc67d23d, b53242a1-7d87-49c8-923d-1a0bba9ee592, 45fcb63b-d80b-42af-8aa1-988149bcd1da, e6bbb32e-35da-4cd9-b76e-61451b94d3db, 93d124a5-14d0-452f-a3e6-b5fd82f5c24a, 43cc5638-6dda-4f23-be83-647bac748e70, 11649ce1-ed5a-46e0-92da-eb105f4555ff, 750ec729-cd61-4227-85fe-a1e0ebbf7d50, cfaaf988-800f-4a3c-bd52-54160834cb93, 45a4ed6e-4f6e-4fd4-8997-864b3a68c85c, 03b2975b-7493-462b-a851-711ce6beb6c0, dead8761-5778-409b-afc6-0161962e54ff, e10db950-962f-43d5-83c4-8aa12d1a9712, bf655c3c-7775-4624-8db1-b17b6b3c5e11, 9a410816-8a7e-4860-a977-0899cc6d7c20, 9468d948-25cc-49d2-a659-167496e0892a, 0ad9488c-bdb2-4843-bacd-110f6785d8c2, 11055e00-6ed9-46c9-9795-392ab21c61ef, 13f2cc37-f575-44d5-b33f-045d0b0a912b, 4c0134a9-82db-46f3-9b90-0d71bd97f0cb, d4f4c049-6657-4d52-8da7-eb18982a02b2, 3faece3c-a834-4789-bdb7-9652bb29d1b6, 96aebf6e-817d-4a3d-9e21-f5357ecebab0, 4700f517-5c5d-483c-81b7-d77aca04991c, bfd7eaa8-9116-4382-b00e-afc35498dbf1, e77e093c-d944-4d4c-9143-e67c75c616c5, d262c24d-1d6a-4c9a-97db-a721bd27f9db, ee58686b-c703-4fc6-93dd-acdffd30f2de, f712cfd4-b1f3-49ec-82c7-5f3b366a5ac3, 5ce9a319-fcb6-4191-afc3-52f9eff12db4, 4155c639-9abf-4137-9243-9e23e8134b41, 7ce75467-19bb-47d5-8177-782599fdc779, e87e512f-5fb9-46b0-b93e-9ffa382a78c9, 5af379e6-1bd1-4cf8-a23c-03266fb77b2c, 41cded4d-0045-4bdd-8e84-9fb7a1062280, d1ca4660-38ad-493f-850c-548ecb1e6da0, 0a449219-862a-4184-91c1-9af3bb6755c1, e57df07a-7cea-47f2-92cc-14b6d085cd04, 557c0d37-0427-407d-a235-c78028d91220, 58c69cde-570a-4558-bca6-987480110522, e60f86b4-d9b7-47e5-ab2b-5459dbcceccc, 1dc0c4a8-0e13-454d-b3cc-16181bdf727d, d5a7e11a-8665-4dfd-bf5b-cc1d5564d964, 665b6471-0d73-4611-9320-f5937aa41338, d57f0e9a-445b-465d-b757-be4f32e75fb9, 9659f9a7-c6b6-4772-9b59-7c085d3051de, 09092757-a6a5-49e6-b2b4-a59856c6ea81, cec08bf9-4f41-4cbf-88da-bd1643c99b21, 6a64daa7-32ec-4d35-a7ec-f3df800f6d5e, 37a0932b-e52e-4483-a370-a566d4c5b8f9, 100ff71c-da18-4182-9672-369324a71bb5, 45a2068f-7dd0-4244-89c1-9119d1937bd4, d996ffb0-0ed4-42b8-a547-368c6f7ae7f7, 2b42c74c-5eca-4dd1-afab-f5de95d03e76, 8c40879b-c112-43c4-a962-263c51e2105f, fd86f185-25a1-408d-8dd5-2b53126483ab, 0cf08a84-e902-4ef5-b978-08921a76fed5, 0396f828-3984-44ec-95aa-511dbb40fa88, f8274d89-525f-49c4-9331-68b69b03c5a6, 9ff804f0-d800-4180-b1b0-ae727821a20f, 6d0a4a90-821e-4a01-9e2f-5bec389167f9, 7a01fdb1-c5c0-4833-a252-8593f91eed3d, 1f59877a-6e53-4e34-a24a-0e2283dd745b, 7ccdee1e-c91a-4c93-8bca-d671cab1ee1c, 5b9271a4-a750-4dc8-bdf8-20653b1acfd8, 8be03387-6c44-43cc-93ad-65824af9c22a, 38f206b8-17eb-4f60-8a20-27e808061ef5, f1426a08-cc53-4552-a6bd-fed3168fff1e, c90b4c5b-57f1-430a-9d9a-f0ed1b0246ee, e8642618-47e1-4a15-a0e4-6b5eafec322f, b678d8ff-79c8-46ec-82ec-ca3ba7a2875a, c051edc0-c167-4d1c-8a62-620320f07cbc, 03e43166-56a9-48c2-a005-c0b578b78395, dccce65b-8982-46e1-afcb-01db956e2cd6, c7f74c0d-dada-4858-a4d1-008cb8c0934a, 55d287d4-a007-4c95-91ce-34a5d732d1f6, 9c989bd5-2987-451b-a4af-1143e774f2a0, f5d2a476-c8dd-4ef7-bf6e-8d9016c7f349, b894ddc9-38f5-4d48-82e5-294c23eba97c, 4d5b3227-1f0e-41f8-9090-c8b4f4b0c8b9, 59fa21cf-1ae3-49e7-9e45-ede7d17d56e8, 0f9229b8-9135-4352-914e-24d0d93f42b1, 1b45d8c7-2e99-4c17-ae6a-19193d16603d, 9add83fa-63c8-4152-abce-ba1206cddc5e, 824a74b7-0b6a-491c-ba71-e513f20c7eed, b9469dd0-e836-453f-9fcd-2dd6db445448, b0803304-62b4-4428-a333-e9bf623c8a98, f3e4630d-2b67-48d1-80f8-b222d2064adb, d3f1ee4d-fc50-4e1f-af67-99bbbd2e9555, 890d07b3-46a1-4fa2-9ebc-80e3d6346834, 5f2f1833-d203-486a-ac56-665fc3767018, 1321a7ad-20a7-4690-ab79-f8de41483008, 8864af44-c4a2-4862-82de-be58579ac4f3, f00301ea-a6ff-437d-b83d-f18cc5d1a314, e384ec29-136e-4241-9321-49b367b8cbd5, 74b0e1d9-7ff2-4740-b22e-465a5d644ed7, eaef7cbe-d3c8-4357-b181-3d6db46fb06f, 519a07a5-8446-4baa-a89b-9081e85cd862, e2d9f560-91ce-4a23-bdae-36a003372b70, a6ff3348-3fd4-4d3c-8ac2-44294877fe83, 2b02dd1f-8c2a-47ea-b963-c0db5aeb4c1f, 3ca1a139-c835-4536-be84-a4f9befa1e92, 31a25404-d57a-437c-a187-7c6967a4c06c, 3211b1db-98b2-47f1-b641-8dedfc38f654, dc009ac8-363b-40ad-ba25-c11e4318ea8e, 62a87ceb-643a-409f-8097-830c2f3e248b, 4e73dd4e-0e2b-4a11-8f5b-658619b08027, 229628a2-f8e0-43ca-bac9-f14a161f9124, ae883cc3-2dce-41eb-9158-9e4b8aeeb20e, 116fb46c-a297-4772-8de8-3609409599be, 0c17d78a-f867-4fa9-acd2-0180e9724edc, c4fa4a10-d95c-4b41-81bb-8ad16c40b5db, db6f552a-f2e7-426e-869c-65aa51f8cced, e22473a3-7a8a-46cb-8c86-1bda7a5c70de, 919f29bf-d153-400c-a04a-4237f5adf116, b4edb070-fa34-449a-b082-cf2db0dc04b2, 091e1cb9-bf0d-4f5e-b938-119ec0e80afb, 5b82930f-fdd7-4e5e-b720-8b1b8eb709d8, 5c37a504-0ed8-49c1-a6a9-d237d90664e3, 95446444-dbd0-4db8-ab51-887423ed1d5e, 127dc467-cdde-4738-aa8c-e18ab0e3e81c, 9d5bb1a5-43b7-403f-9687-6bebccd58aee, a4a90685-5ce6-4c6f-9fd3-0316c052bb0a, 277b545b-04ab-4b5d-80cb-1d0b40e705ee, e30c84b4-e76d-4606-aa9f-61819c8baec3, 158f92dc-c9c3-455e-9bbb-59176fc17e0e, bcbf252c-7d12-4756-bfb6-b507591117b5, e43e9799-305f-430e-bae3-477e98b3dfc0, 83568c85-7264-4e45-8a2e-eeb246118465, 7966abf9-474e-4190-a9f6-baa5501068a0, bd4e7054-4043-4acf-9a49-7d883152189d, c407cdec-cf95-480c-a0f6-9a34ae66cf54, 1c0de40e-9796-48e1-ad7e-144d809f7f41, 4d2fcf49-2e79-4381-8a46-3ad6c9921950, 5b90df37-0b8b-44d6-abdb-6fad31217c26, cbd5caa8-568d-408e-909f-056c32d6b75a, f4d46a04-e9dc-4cb1-a383-af5c2a6413d6, 25252b0f-9b1a-4d11-b74f-d51f5261be1c, a9edcef3-47c9-4be0-803d-6350d045a78b, 7456c88d-6473-46ed-83a6-dfc406994162, feeba286-bd4a-4d39-b112-002df77b024b, 81094a7e-7b3d-48b5-b98d-9b1a6a20e7d0, 0b5caeed-ff6f-4b9d-8375-9ad25827a4ae, 1db5507f-ba78-4c81-96f1-36a4874fca87, e67a8a04-2e7d-45a3-8374-73380b09a47b, 6fd7873c-74c8-4344-bdf0-e9c3ac2be4aa, 542cbae0-40d6-49bb-b7cb-c869ea3192bc, b45d3be3-1172-4a62-8b29-a7c0faba7124, edfb59b9-4713-42b3-89a6-a09b0debfe78, 8d477e04-3bab-4ad9-8fe3-799059238a9c, 1c4bec68-91dd-4479-9604-055b82700747, 89fa73f0-4341-4de4-bb2a-e429ef96bd43, 82d5ad79-433e-42af-b8d7-9d56ab3a9033, 57829839-9caf-4fcf-b557-271dd0dbc7a8, 5dc238f3-93be-4fbe-ab76-ec09c9cdcbd3, 458bf0ec-efb4-4bfd-9446-c80295e6aa87, 1a732119-0975-4bc2-8077-cb2ae8d249af, d2593c3d-2347-40d9-948c-b6065e8459a9, 9e1b4571-e55d-4a26-8c5a-1ddd6ecf53ba, 1ca0b64a-8bb4-4a2b-b3d0-af935960bf15, 5af99ef3-adff-464d-9976-5c5d6391b014, 6f344c45-e731-41b4-8c65-9967ebc03096, ff3e8c61-d72a-42bf-a84a-ecf5409468dd, a4b78e6a-ce83-40dc-9fb6-6dd313a6bd71, 81554b6d-3d0d-45ea-a5f5-15c09331690d, fd3cef8e-7a96-4c4e-a76f-983b7de8931f, 119c9753-fd82-422b-b6d1-e255cfbc5d42, e6846c18-8ebd-48eb-a076-322974711472, c2ae69a6-07a4-42e0-9c00-e642cb97b2ff, 29f38a91-5f3f-4cdb-bc7c-db95cfb52710, 698ce0ed-49f8-4a09-bee8-f3be6b6c9ebe, 30ce5ec4-dfcc-4199-b51b-6ad38003180d, e996de8d-b5d7-4824-9e44-35997faf4e2f, e2cd1c23-e372-4525-8b2b-b6886428f444, 4c63d7cd-4902-4ffb-9b94-578b1b2151f0, cd57090e-4d8f-40bd-acc7-f53844dd2414, 38d13f6a-2511-4a37-b113-1466951f420d, b79a9385-ab79-4949-a953-2320bfb28bc0, e987b2ab-5b21-4320-8470-a0a9947d12f2, 89e19170-9ad6-4a7d-afbf-1721b2fae186, fa571e66-a5b4-448f-905f-59e398a673b5, 61e07f64-cddf-46f2-b50c-ea0a39c22050, ff26f5dd-71d1-4364-940b-8647e048a209, ddf529ad-154e-4d9c-89ec-44b4aeb4b51a, da42bebf-eb62-41e2-b325-26f2037900bc, e4a32f87-4d4a-42dd-b1d0-b4d0564b03bf, 9641e073-c9f4-49c2-855f-dc11353f9903, c3ab8c0a-c9a4-4211-a478-821766ef7fda, a76dc579-5e75-4d29-84ec-0e8b7cf477e5, 999f8b86-8f29-44b5-942a-79d1174efb6b, 6329820f-1dfd-4f34-b8ba-0bc81b10298b, 79fa537e-6643-4a83-8896-2e1ea3d18215, 9c8465e1-65d5-44d6-817e-a8657d38fd32, 7db50ab0-83c7-4be9-9c4e-d619faacfcf3, 0d7dbf6b-1abb-4aa1-a4d9-47d9c3429333, 106e6c31-5aa8-4d21-8d76-2fd90d35dba1, 18791a88-6b7b-4b1a-b563-4c508e594a0d, b452eb68-8668-474e-9800-35f0835c993e, 8c484ebd-872f-498f-86e8-84077d21c347, 12597070-c976-4baa-9036-a415fa24d962, 44c1c60f-ae33-4350-a362-21fa3b26fb2c, 5acaac71-a0c9-4d6f-897d-308409a37f01, 8668a87e-6ec5-4069-8649-a08824bb3e14, c21004f0-4d4b-4882-8718-e1d6d276b175, 933fbf60-77a9-47ff-94e7-2484deb50922, 1b7ff567-9910-4c51-945e-aca71a45687e, 3250d2e5-a83a-4955-9dd3-d97a25c278b5, 56df2662-b10e-4c20-bbb4-be524dc8b6df, 5ef8124d-495e-4de3-af19-48c14b92dbd4, e2f2e651-177b-4497-84cb-36de7166b0da, f3a1a5ac-ef7b-43b0-a079-9212460e90b5, 3a54bc78-a1f6-4a3c-a1f8-d541597eb6a0, 73ed2c35-f112-4153-9123-9a31d7e0c103, 1696c66c-0622-43b7-ad83-9a1651a7b622, f6c1dada-7c43-499f-b15a-633c05b3bd55, 1045a19a-a686-47b8-aa54-33c1063613d6, 8af857b5-9817-47b6-b91f-62ff2b4a9148, d2562ba8-5dd0-4fcd-abaf-39484ec94545, affb19a9-a6c1-44f0-9895-707434d6306e, ee32df8d-d066-4711-b678-e0f5876efe20, 9a9d7eab-eb79-4268-a3e1-da0515ea4815, 08a27175-61cb-4462-b0cf-4f9ec2d9d9f0, 52c9aba1-35b5-44ae-9cc6-1196fac56d5a, 39d58a42-3ef4-4785-802f-20a4164553d9, b6ff34a6-65f6-43d4-a434-c72e009e32dd, 362d282e-5d9d-4691-86a6-21bcac0703d7, 72e5a5af-c657-41c0-a859-d4fcc4b7b933, a22480d4-2dc0-4b39-b2f8-262e104e1e2d, 70a4f87e-8231-40e6-bccb-a14180a87258, 43f21744-09f9-467e-b611-8af70a8a4def, df2d9052-6367-4a26-a565-6b496abc734a, d92e24bb-00ce-4779-a7e8-1192849ac7f4, 5d62d256-238e-4516-a750-68799c6ec2e1, feee3eb1-d625-4766-9da5-d855ac2f557c, 4911b621-be8b-43d9-b1ce-7f34ec19517b, 039eca3d-3894-4309-845c-ae42cfa599f1, d694725b-ecbc-4139-8a70-1b80b3893897, 5ad189e3-77e6-4c5e-9eed-8979ba58e283, 037155f4-4db8-4f07-8d0a-3e559605b8ad, ede8f363-4c27-4f5e-a70e-33f8aa31d94b, ebf19cd7-59ad-4541-9ee3-58d95b2ba720, 9f26a73d-eace-49a3-a771-4a84491ec2bf, 8eb1b262-5865-45bd-8a7a-256b8f85400d, deaf45ea-3913-4a8b-841b-4fe6508565b7, 9d780356-4f15-4feb-bad4-311edddf1826, 2f543504-2f59-44e0-9c40-26fbda9ebd2d, e3f6e172-5893-4a65-abb5-4adfc2ae2685, 0c0a3dc4-b6ca-4262-9beb-6ff9a850dfe6, 3457f9f3-7465-481c-8917-d4e92fe62b08, ea12f8aa-58b6-4ad8-97c7-2a4266f95c57","1656699822391, 1656700105084, 1656757427157, 1656803080394, 1656810970318, 1656844286162, 1656845244963, 1656893729163, 1656893793095, 1656903018624, 1656936579679, 1656937916448, 1656938726738, 1656940003475, 1656940254267, 1656953105940, 1656953268340, 1656953346818, 1656953720714, 1656954570661, 1656956121850, 1656961425481, 1656961679895, 1656966224137, 1656968517379, 1656987287572, 1656987374165, 1656989671680, 1656989756696, 1657022026579, 1657022030944, 1657022049049, 1657022054789, 1657025755888, 1657025935684, 1657043343130, 1657044300112, 1657044480493, 1657044635380, 1657044719503, 1657052652936, 1657108351226, 1657108921826, 1657111202215, 1657114987622, 1657127628814, 1657142586303, 1657189620904, 1657195512402, 1657195542326, 1657197659182, 1657201752601, 1657201863858, 1657203714164, 1657205854872, 1657206155770, 1657206361607, 1657214595585, 1657214632434, 1657214697913, 1657214736952, 1657215350004, 1657222553781, 1657225575006, 1657226073676, 1657244911686, 1657245005670, 1657248636090, 1657277677439, 1657278431717, 1657283157648, 1657283357596, 1657285782776, 1657301643904, 1657310268284, 1657310640170, 1657310718884, 1657320673680, 1657320812737, 1657323395687, 1657323446082, 1657332388465, 1657374169996, 1657374473528, 1657374589426, 1657401915194, 1657466052631, 1657466130962, 1657466184139, 1657492526709, 1657494740996, 1657501378517, 1657532829973, 1657532916802, 1657541204397, 1657544619848, 1657561104980, 1657561213480, 1657561528301, 1657561902347, 1657562131980, 1657566583339, 1657568333658, 1657579055668, 1657579156346, 1657579299735, 1657594722634, 1657594835487, 1657598065875, 1657626329659, 1657628088721, 1657628398657, 1657628989206, 1657630156295, 1657634836557, 1657636455893, 1657636626867, 1657638066827, 1657638112014, 1657680296456, 1657680672249, 1657680741320, 1657681281067, 1657681401647, 1657681497917, 1657681663225, 1657681757615, 1657681783488, 1657681896472, 1657715602187, 1657722948871, 1657723627532, 1657728830709, 1657728894829, 1657728996785, 1657732334325, 1657740017163, 1657740063415, 1657742494097, 1657765454822, 1657792583370, 1657799261327, 1657800124114, 1657811922550, 1657816545813, 1657816708200, 1657816816313, 1657817425683, 1657818628500, 1657818853551, 1657823689911, 1657830502189, 1657832505709, 1657834322985, 1657847556706, 1657888075807, 1657892906164, 1657895496351, 1657901943941, 1657906045160, 1657916422305, 1657916910368, 1657916995394, 1657935412659, 1657935488038, 1657935571870, 1657935696147, 1657936054687, 1657936205275, 1657936354094, 1657936430279, 1657936614202, 1657937032071, 1657970924635, 1657971092526, 1658003344948, 1658067930362, 1658095529763, 1658095630467, 1658095668122, 1658095734415, 1658095927630, 1658096102257, 1658096233586, 1658096324987, 1658153542097, 1658164171655, 1658172570696, 1658172863813, 1658173091847, 1658173821582, 1658182302163, 1658182374302, 1658182795762, 1658183163803, 1658203282783, 1658232386815, 1658232467705, 1658254718214, 1658258433817, 1658272054655, 1658272495939, 1658324909425, 1658335467904, 1658352145252, 1658372828299, 1658372958046, 1658373206636, 1658403958382, 1658404190346, 1658404587484, 1658404940155, 1658407325990, 1658407494508, 1658407647654, 1658407736363, 1658408314484, 1658408550634, 1658408889198, 1658410887616, 1658411031274, 1658411346444, 1658412619318, 1658412693714, 1658426065761, 1658426272513, 1658431744577, 1658433872667, 1658435035399, 1658435382654, 1658436868971, 1658489563692, 1658491355745, 1658492426607, 1658495526733, 1658495953690, 1658496222708, 1658497138220, 1658498443711, 1658507483454, 1658511886099, 1658519028080, 1658519088455, 1658521799829, 1658522800685, 1658579490900, 1658579571184, 1658579748136, 1658666458651, 1658684922220, 1658685409271, 1658696298511, 1658710649597, 1658710797079, 1658710892055, 1658750665437, 1658750669047, 1658750676133, 1658750683857, 1658750694285, 1658750724381, 1658767848875, 1658768760512, 1658769093024, 1658770036784, 1658770150139, 1658772200551, 1658773261548, 1658843008897, 1658851623982, 1658853614942, 1658853717688, 1658854356179, 1658854915775, 1658868924596, 1658871367370, 1658920085500, 1658920504367, 1658920975575, 1658921068569, 1658921175347, 1658925733560, 1658971549274, 1659010285308, 1659010373566, 1659010447626, 1659014593457, 1659015614833, 1659016503557, 1659027540321, 1659033603545, 1659036484338, 1659036488947, 1659036498839, 1659038663776, 1659039000121, 1659039180351, 1659039402856, 1659041210229, 1659096495442, 1659096503524, 1659096521446, 1659106310867, 1659127446389, 1659232388034, 1659232444614, 1659313133120, 1659354736196, 1659354788897, 1659354797245, 1659354800607, 1659359514391, 1659374527639, 1659375394100, 1659378001856, 1659386326141, 1659389779654, 1659401462638, 1659442617558, 1659446565439, 1659447634243, 1659448417422, 1659451385723, 1659456690225, 1659461703747, 1659466263828, 1659469292684, 1659473072181, 1659528932829, 1659529417537, 1659535347925, 1659547989298, 1659558251206, 1659559338598, 1659617474505, 1659620327430, 1659633511154, 1659639789097, 1659640197887, 1659640898760, 1659641692218, 1659646207687, 1659704160015, 1659709504136, 1659710872163, 1659718663875, 1659761597851, 1659818899285, 1659819743680, 1659819804677, 1659963770019, 1659963791203, 1659964150063, 1659966999921, 1659971947835, 1659972034950, 1659973365182, 1659979014813, 1659980380653, 1659980653883, 1660049149026, 1660049163674, 1660052633320, 1660057044156, 1660070789115, 1660100598059, 1660100984270, 1660138132712, 1660142722962, 1660165630022, 1660165678180, 1660165874676, 1660181302236, 1660219968280, 1660236403191, 1660236421803, 1660241986729, 1660246608810, 1660309893718, 1660309914823, 1660311483741, 1660311787485, 1660312316632, 1660312598973, 1660328382634, 1660330055418, 1660336589206, 1660336629507, 1660415099799, 1660415206509, 1660415358405, 1660442771855, 1660443761285, 1660443861854, 1660443989478","45, 17, 17, 20, 6, 11, 18, 11, 4, 8, 1, 0, 0, 0, 0, 0, 0, 0, 0, 0, 0, 1, 0, 0, 0, 12, 18, 13, 8, 0, 0, 0, 0, 0, 0, 10, 0, 0, 0, 0, 0, 0, 0, 0, 0, 2, 0, 4, 0, 0, 0, 1, 0, 0, 0, 2, 0, 0, 0, 0, 0, 0, 26, 1, 0, 26, 17, 16, 23, 0, 4, 0, 11, 1, 1, 0, 0, 6, 50, 16, 13, 13, 70, 11, 2, 5, 10, 7, 7, 20, 16, 25, 9, 51, 0, 0, 0, 0, 0, 0, 4, 4, 0, 17, 24, 8, 14, 48, 28, 12, 0, 1, 1, 0, 0, 0, 0, 0, 1, 40, 8, 19, 32, 17, 19, 7, 3, 26, 8, 0, 1, 0, 14, 2, 4, 1, 23, 39, 4, 0, 13, 0, 1, 36, 0, 0, 0, 0, 0, 0, 0, 2, 5, 17, 36, 0, 0, 0, 0, 0, 18, 21, 5, 11, 20, 17, 43, 19, 6, 11, 17, 10, 13, 35, 17, 11, 26, 25, 9, 4, 20, 43, 17, 35, 16, 7, 18, 19, 2, 0, 0, 11, 5, 38, 24, 18, 0, 0, 1, 1, 26, 22, 0, 0, 0, 21, 35, 2, 0, 0, 0, 0, 0, 0, 0, 0, 2, 0, 1, 0, 1, 0, 1, 0, 21, 12, 0, 1, 0, 0, 0, 19, 0, 20, 0, 0, 0, 3, 0, 1, 6, 0, 0, 0, 0, 5, 16, 33, 16, 20, 12, 16, 30, 24, 15, 0, 1, 0, 1, 1, 1, 14, 0, 1, 0, 0, 0, 10, 0, 0, 0, 0, 0, 0, 0, 0, 1, 18, 0, 0, 0, 0, 19, 19, 8, 1, 0, 1, 6, 2, 0, 0, 0, 0, 0, 0, 0, 0, 0, 0, 1, 1, 0, 0, 12, 42, 28, 0, 0, 0, 0, 0, 1, 0, 0, 0, 0, 9, 0, 0, 0, 0, 0, 4, 0, 1, 0, 0, 0, 0, 1, 1, 1, 0, 33, 1, 0, 0, 1, 0, 0, 0, 0, 0, 0, 0, 25, 14, 2, 13, 0, 0, 0, 0, 0, 1, 0, 0, 0, 0, 0, 0, 0, 2, 0, 64, 37, 1, 2, 0, 0, 0, 19, 0, 0, 0, 2, 2, 0, 2, 0, 1, 0, 0, 0, 0, 12, 19, 11, 14, 14, 16, 12, 22, 15","200000, 60000, 60000, 40468, 36940, 53533, 130000, 53829, 24491, 22511, 140000, 120547, 58128, 46708, 49804, 86354, 32538, 93255, 95385, 10000, 52836, 12137, 31711, 17844, 58520, 50665, 88789, 50000, 22507, 49743, 98751, 19429, 80000, 66951, 43062, 20149, 36485, 42038, 29742, 50000, 7084, 48799, 260755, 30000, 21220, 30000, 18404, 30948, 84714, 177791, 58745, 109867, 70000, 80000, 37062, 70665, 30000, 25092, 52251, 15751, 27179, 14706, 106348, 80000, 52265, 37019, 40463, 107462, 128815, 30000, 132007, 20752, 61931, 42587, 53002, 20000, 30000, 41355, 275860, 39489, 37737, 104231, 279278, 76673, 10485, 20000, 30000, 27897, 70334, 86684, 85018, 144536, 102340, 202468, 34658, 72339, 67465, 29357, 99381, 57989, 160000, 63770, 34160, 60000, 99984, 20020, 55124, 153146, 76345, 43107, 20944, 127638, 179140, 40000, 50000, 33386, 8102, 8907, 109437, 185215, 37095, 84229, 96229, 70748, 129338, 63846, 10000, 108632, 20129, 170000, 85568, 50000, 41829, 10000, 20409, 45254, 62836, 140000, 10006, 10000, 82372, 260000, 233045, 214773, 60000, 70674, 140000, 131984, 30000, 50000, 19799, 20000, 20000, 63340, 155130, 90806, 50000, 60000, 27376, 38204, 94120, 72191, 10000, 62413, 72775, 93423, 230000, 118397, 33225, 30000, 95661, 70645, 66128, 110000, 95103, 30000, 89604, 99889, 21839, 10002, 80000, 145181, 69066, 87633, 40449, 20000, 179829, 44443, 10035, 28196, 81042, 37583, 56618, 215084, 64626, 122692, 67798, 23373, 36492, 82716, 83837, 104765, 26138, 60356, 60446, 111684, 170467, 10000, 110000, 57108, 70659, 52661, 56198, 135006, 54970, 62135, 152484, 88927, 40000, 40000, 100000, 30000, 73872, 57361, 105157, 60000, 26719, 208247, 48883, 27890, 70000, 102638, 160000, 118517, 67220, 20000, 10928, 63850, 27706, 38530, 73970, 46939, 54246, 50000, 77515, 35731, 102681, 151949, 102025, 106259, 51625, 60000, 117999, 79070, 66388, 61481, 47448, 91265, 119290, 10000, 26397, 53719, 109035, 80000, 30000, 50000, 41371, 34191, 14406, 13700, 61530, 29638, 209209, 120000, 49107, 71152, 30000, 60000, 69919, 60000, 10000, 100820, 33588, 67171, 51045, 60000, 122321, 81082, 120000, 150894, 10970, 29260, 30906, 30000, 74730, 30000, 20000, 113067, 67007, 40000, 93489, 158816, 50000, 49434, 47290, 191813, 78977, 40000, 15568, 5096, 40000, 40000, 10000, 15212, 80430, 20000, 32188, 34989, 78783, 48948, 23830, 48294, 60403, 316113, 50409, 110000, 84568, 52268, 50000, 129272, 42807, 20000, 39916, 10000, 116855, 24054, 81993, 144793, 230000, 51137, 10000, 97316, 91374, 17952, 22088, 170000, 96549, 64486, 25468, 77470, 30575, 7690, 173867, 60000, 40000, 117513, 97139, 17962, 57644, 25762, 14502, 9747, 39641, 110000, 40000, 354410, 91098, 124130, 47523, 34010, 109697, 23000, 64565, 40000, 39088, 47258, 60000, 120000, 70000, 128012, 43327, 89945, 60000, 28132, 92326, 9661, 30876, 70000, 32031, 60000, 70000, 73713, 38604, 70095, 42386","92.29, 44.15, 48.95, 27.29, 72.05, 48.23, 51.31, 33.71, 22.75, 31.07, 32.19, 56.13, 54.62, 52.26, 49.63, 69.32, 63.16, 57.82, 46.75, 31.81, 30.38, 30.91, 39.57, 47.47, 67.99, 32.72, 40.02, 82.4, 27.78, 46.37, 31.58, 51.79, 48.5, 69.23, 56.06, 30.43, 52.05, 36.47, 46.34, 63.82, 48.03, 56.14, 78.16, 36.31, 57.74, 11.85, 42.44, 30.51, 57.37, 66.11, 48.01, 87.32, 54.6, 70.53, 49.35, 51.57, 16.27, 51.85, 63.04, 27.79, 43.85, 36.7, 54.87, 54.45, 49.06, 46.55, 58.41, 53.83, 36.24, 48.93, 45.44, 55.14, 77.51, 45.63, 39.91, 9.45, 43.22, 30.93, 60.13, 36.28, 31.21, 49.8, 61.77, 48.49, 13.67, 34.84, 32.26, 27.02, 54.5, 55.6, 28.19, 59.77, 54.39, 61.41, 52.08, 64.87, 58.29, 43.85, 39.76, 65.16, 55.85, 59.59, 47.51, 46.43, 51.29, 30.18, 35.59, 69.51, 80.81, 35.04, 48.06, 56.91, 62.14, 18.52, 49.07, 30.22, 27.8, 47.71, 66.63, 59.63, 28.57, 45.9, 43.87, 45.41, 53.25, 35.07, 23.17, 68.6, 34.53, 71.59, 59.84, 24.47, 38.21, 26.24, 35.38, 46.26, 70.28, 53.39, 30.2, 8.83, 40.97, 75.51, 72.35, 54.71, 54.41, 60.17, 63.45, 64.37, 40.18, 21.9, 48.59, 18.23, 29.0, 42.95, 54.46, 58.98, 59.37, 45.43, 52.44, 61.38, 49.32, 67.59, 13.92, 40.15, 34.2, 37.08, 67.05, 41.55, 27.9, 30.92, 41.44, 42.87, 41.06, 71.23, 49.0, 54.76, 40.74, 78.93, 23.33, 27.0, 40.18, 45.71, 35.38, 65.3, 45.37, 27.33, 42.6, 30.27, 27.89, 56.65, 50.37, 31.08, 47.96, 56.81, 44.6, 48.92, 50.85, 43.32, 45.52, 56.06, 46.82, 50.88, 60.44, 56.2, 60.68, 45.0, 48.27, 27.12, 37.18, 14.79, 58.21, 32.77, 46.25, 70.9, 53.02, 53.79, 67.46, 60.66, 27.5, 34.75, 63.15, 56.63, 68.56, 54.15, 43.45, 42.27, 45.64, 68.48, 59.13, 45.63, 59.26, 29.19, 71.28, 52.53, 60.23, 55.38, 38.0, 57.5, 21.8, 36.16, 41.78, 61.94, 69.86, 66.5, 34.15, 32.61, 40.52, 51.86, 30.71, 38.27, 34.94, 45.78, 44.91, 50.8, 35.68, 54.01, 47.66, 48.72, 63.54, 20.29, 20.07, 35.79, 63.25, 50.26, 37.01, 18.01, 48.6, 30.18, 39.47, 59.39, 69.71, 40.5, 48.34, 73.79, 38.79, 54.87, 8.31, 32.22, 41.11, 48.75, 45.3, 60.66, 40.44, 36.9, 32.75, 50.02, 66.03, 25.74, 62.53, 64.68, 32.79, 36.43, 49.18, 56.32, 60.39, 29.87, 62.81, 73.87, 41.16, 54.24, 51.27, 68.5, 44.52, 71.56, 29.4, 68.33, 43.68, 23.73, 45.59, 14.57, 43.67, 39.33, 26.96, 33.09, 70.36, 23.12, 53.22, 40.85, 65.12, 64.59, 60.68, 60.31, 49.09, 44.33, 61.02, 34.97, 67.3, 9.61, 36.02, 62.18, 43.74, 16.44, 35.82, 11.42, 35.53, 49.71, 48.5, 60.7, 62.15, 59.19, 9.19, 57.18, 39.22, 24.02, 41.52, 57.37, 47.7, 36.05, 23.2, 47.43, 23.39, 32.22, 49.28, 34.07, 46.99, 57.96, 60.27, 49.72, 60.34, 35.4, 41.54, 18.01, 48.08, 61.37, 15.56, 76.3, 41.51, 70.0, 53.96, 40.21, 78.1, 47.67, 38.31, 28.49, 55.55, 27.75, 36.53, 58.22, 20.72, 33.67, 29.95, 48.76, 22.31, 34.28, 61.61, 35.48, 26.65, 47.34, 40.54, 33.74, 35.62, 34.66, 35.96, 42.35, 33.52","1, 1, 1, 1, 1, 1, 1, 1, 1, 1, 1, 1, 1, 1, 1, 1, 1, 1, 1, 1, 1, 1, 1, 1, 1, 1, 1, 1, 1, 1, 1, 1, 1, 1, 1, 1, 1, 1, 1, 1, 1, 1, 1, 1, 1, 1, 1, 1, 1, 1, 1, 1, 1, 1, 1, 1, 1, 1, 1, 1, 1, 1, 1, 1, 1, 1, 1, 1, 1, 1, 1, 1, 1, 1, 1, 1, 1, 1, 1, 1, 1, 1, 1, 1, 1, 1, 1, 1, 1, 1, 1, 1, 2, 1, 2, 1, 1, 1, 1, 1, 1, 1, 1, 1, 1, 1, 1, 1, 1, 1, 1, 1, 1, 1, 1, 1, 1, 1, 1, 1, 1, 1, 1, 1, 1, 1, 1, 1, 1, 1, 1, 1, 1, 1, 1, 1, 2, 1, 1, 1, 1, 1, 1, 1, 1, 1, 1, 1, 1, 1, 1, 1, 1, 1, 1, 1, 1, 1, 1, 1, 1, 1, 1, 1, 1, 1, 1, 1, 1, 1, 1, 1, 1, 1, 1, 1, 1, 1, 1, 1, 1, 1, 1, 1, 1, 1, 2, 1, 1, 1, 1, 1, 1, 1, 1, 2, 1, 1, 1, 1, 1, 1, 1, 1, 1, 1, 1, 1, 1, 1, 1, 1, 1, 1, 1, 1, 1, 1, 1, 1, 1, 1, 1, 1, 1, 1, 1, 1, 1, 1, 1, 1, 1, 1, 1, 1, 1, 1, 1, 1, 2, 1, 1, 1, 1, 1, 1, 1, 1, 1, 1, 1, 1, 1, 1, 1, 1, 1, 1, 1, 1, 1, 2, 1, 1, 1, 1, 1, 1, 1, 1, 1, 1, 1, 1, 1, 1, 1, 1, 1, 1, 1, 1, 1, 1, 1, 1, 1, 1, 1, 1, 1, 1, 1, 1, 1, 1, 1, 1, 1, 1, 1, 1, 1, 1, 3, 1, 1, 1, 1, 1, 1, 1, 1, 1, 1, 1, 1, 1, 1, 1, 1, 1, 3, 1, 2, 1, 1, 1, 1, 1, 1, 1, 1, 2, 1, 1, 1, 1, 1, 1, 1, 1, 1, 1, 1, 1, 1, 1, 1, 1, 1, 1, 1, 1, 1, 1, 1, 1, 1, 1, 1, 1, 1, 1, 1, 1, 1, 1, 1, 1, 1, 1, 1, 1, 1, 1, 1, 1, 3, 1, 1, 1, 1, 1, 1, 1, 1, 1, 1, 1, 1, 1, 1, 1","1656699822391, 1656700105084, 1656757427157, 1656803080394, 1656810970318, 1656844286162, 1656845244963, 1656893729163, 1656893793095, 1656903018624, 1656936579679, 1656937916448, 1656938726738, 1656940003475, 1656940254267, 1656953105940, 1656953268340, 1656953346818, 1656953720714, 1656954570661, 1656956121850, 1656961425481, 1656961679895, 1656966224137, 1656968517379, 1656987287572, 1656987374165, 1656989671680, 1656989756696, 1657022026579, 1657022030944, 1657022049049, 1657022054789, 1657025755888, 1657025935684, 1657043343130, 1657044300112, 1657044480493, 1657044635380, 1657044719503, 1657052652936, 1657108351226, 1657108921826, 1657111202215, 1657114987622, 1657127628814, 1657142586303, 1657189620904, 1657195512402, 1657195542326, 1657197659182, 1657201752601, 1657201863858, 1657203714164, 1657205854872, 1657206155770, 1657206361607, 1657214595585, 1657214632434, 1657214697913, 1657214736952, 1657215350004, 1657222553781, 1657225575006, 1657226073676, 1657244911686, 1657245005670, 1657248636090, 1657277677439, 1657278431717, 1657283157648, 1657283357596, 1657285782776, 1657301643904, 1657310268284, 1657310640170, 1657310718884, 1657320673680, 1657320812737, 1657323395687, 1657323446082, 1657332388465, 1657374169996, 1657374473528, 1657374589426, 1657401915194, 1657466052631, 1657466130962, 1657466184139, 1657492526709, 1657494740996, 1657501378517, 1657532829973, 1657532916802, 1657541204397, 1657544619848, 1657561104980, 1657561213480, 1657561528301, 1657561902347, 1657562131980, 1657566583339, 1657568333658, 1657579055668, 1657579156346, 1657579299735, 1657594722634, 1657594835487, 1657598065875, 1657626329659, 1657628088721, 1657628398657, 1657628989206, 1657630156295, 1657634836557, 1657636455893, 1657636626867, 1657638066827, 1657638112014, 1657680296456, 1657680672249, 1657680741320, 1657681281067, 1657681401647, 1657681497917, 1657681663225, 1657681757615, 1657681783488, 1657681896472, 1657715602187, 1657722948871, 1657723627532, 1657728830709, 1657728894829, 1657728996785, 1657732334325, 1657740017163, 1657740063415, 1657742494097, 1657765454822, 1657792583370, 1657799261327, 1657800124114, 1657811922550, 1657816545813, 1657816708200, 1657816816313, 1657817425683, 1657818628500, 1657818853551, 1657823689911, 1657830502189, 1657832505709, 1657834322985, 1657847556706, 1657888075807, 1657892906164, 1657895496351, 1657901943941, 1657906045160, 1657916422305, 1657916910368, 1657916995394, 1657935412659, 1657935488038, 1657935571870, 1657935696147, 1657936054687, 1657936205275, 1657936354094, 1657936430279, 1657936614202, 1657937032071, 1657970924635, 1657971092526, 1658003344948, 1658067930362, 1658095529763, 1658095630467, 1658095668122, 1658095734415, 1658095927630, 1658096102257, 1658096233586, 1658096324987, 1658153542097, 1658164171655, 1658172570696, 1658172863813, 1658173091847, 1658173821582, 1658182302163, 1658182374302, 1658182795762, 1658183163803, 1658203282783, 1658232386815, 1658232467705, 1658254718214, 1658258433817, 1658272054655, 1658272495939, 1658324909425, 1658335467904, 1658352145252, 1658372828299, 1658372958046, 1658373206636, 1658403958382, 1658404190346, 1658404587484, 1658404940155, 1658407325990, 1658407494508, 1658407647654, 1658407736363, 1658408314484, 1658408550634, 1658408889198, 1658410887616, 1658411031274, 1658411346444, 1658412619318, 1658412693714, 1658426065761, 1658426272513, 1658431744577, 1658433872667, 1658435035399, 1658435382654, 1658436868971, 1658489563692, 1658491355745, 1658492426607, 1658495526733, 1658495953690, 1658496222708, 1658497138220, 1658498443711, 1658507483454, 1658511886099, 1658519028080, 1658519088455, 1658521799829, 1658522800685, 1658579490900, 1658579571184, 1658579748136, 1658666458651, 1658684922220, 1658685409271, 1658696298511, 1658710649597, 1658710797079, 1658710892055, 1658750665437, 1658750669047, 1658750676133, 1658750683857, 1658750694285, 1658750724381, 1658767848875, 1658768760512, 1658769093024, 1658770036784, 1658770150139, 1658772200551, 1658773261548, 1658843008897, 1658851623982, 1658853614942, 1658853717688, 1658854356179, 1658854915775, 1658868924596, 1658871367370, 1658920085500, 1658920504367, 1658920975575, 1658921068569, 1658921175347, 1658925733560, 1658971549274, 1659010285308, 1659010373566, 1659010447626, 1659014593457, 1659015614833, 1659016503557, 1659027540321, 1659033603545, 1659036484338, 1659036488947, 1659036498839, 1659038663776, 1659039000121, 1659039180351, 1659039402856, 1659041210229, 1659096495442, 1659096503524, 1659096521446, 1659106310867, 1659127446389, 1659232388034, 1659232444614, 1659313133120, 1659354736196, 1659354788897, 1659354797245, 1659354800607, 1659359514391, 1659374527639, 1659375394100, 1659378001856, 1659386326141, 1659389779654, 1659401462638, 1659442617558, 1659446565439, 1659447634243, 1659448417422, 1659451385723, 1659456690225, 1659461703747, 1659466263828, 1659469292684, 1659473072181, 1659528932829, 1659529417537, 1659535347925, 1659547989298, 1659558251206, 1659559338598, 1659617474505, 1659620327430, 1659633511154, 1659639789097, 1659640197887, 1659640898760, 1659641692218, 1659646207687, 1659704160015, 1659709504136, 1659710872163, 1659718663875, 1659761597851, 1659818899285, 1659819743680, 1659819804677, 1659963770019, 1659963791203, 1659964150063, 1659966999921, 1659971947835, 1659972034950, 1659973365182, 1659979014813, 1659980380653, 1659980653883, 1660049149026, 1660049163674, 1660052633320, 1660057044156, 1660070789115, 1660100598059, 1660100984270, 1660138132712, 1660142722962, 1660165630022, 1660165678180, 1660165874676, 1660181302236, 1660219968280, 1660236403191, 1660236421803, 1660241986729, 1660246608810, 1660309893718, 1660309914823, 1660311483741, 1660311787485, 1660312316632, 1660312598973, 1660328382634, 1660330055418, 1660336589206, 1660336629507, 1660415099799, 1660415206509, 1660415358405, 1660442771855, 1660443761285, 1660443861854, 1660443989478"
2b6791b16fa128e4b60b13315d8606f9d7369f59a4a62d036d0f6db79cc475e6,Logged,4,"f3ba3d7c-7a80-4d6f-88df-ea19fa85cdbb, 98e0bdf1-d28b-435c-abd0-1426389d2d8f, 0a9cbb63-486b-4fe7-91e7-fd06c9e8c4b7, a7dcf97f-4fb4-4f3e-bdc6-e99e35377e51","1660392235880, 1660392307891, 1660395074315, 1660395375489","55, 24, 13, 8","203003, 70135, 90000, 20000","35.82, 45.15, 14.88, 39.61","4, 2, 3, 1","1660392235880, 1660392307891, 1660395074315, 1660395375489"
ad5340c999da2c18e0c286e1cbce712d1fbc9504055e68d885ce5c8e59c6c01b,Non-Logged,4,"f4a08418-5192-47df-a93e-e903aba2016b, 76d062aa-ce8c-49be-ae98-250d51fd1cf3, 61578e45-2d62-4fab-947e-3304f2b33786, efef5cd6-fbf5-469c-bf43-8e0d30f64134","1660356451760, 1660439671619, 1660439777029, 1660439826514","0, 0, 0, 0","130000, 160002, 10000, 70000","100.0, 100.0, 12.74, 100.0","1, 2, 1, 1","1660356451760, 1660439671619, 1660439777029, 1660439826514"
2f12070a5e78a7ebadfe757ed4e7779725d46475f000e225f3a9519b41b30e90,Non-Logged,4,"c92af523-704a-43cf-ade5-0c50b7dc5a24, 96c81ac1-fe41-49c9-9445-abd5d77c2062, e3f9a79d-cabd-4dad-9004-d57b606426a3, f5b99f2a-b4b9-4886-8d95-9788df19ca13","1659003673657, 1660083990938, 1660084134043, 1660084397973","2, 34, 50, 40","22166, 107709, 220174, 168341","24.82, 20.84, 57.28, 48.58","1, 2, 1, 1","1659003673657, 1660083990938, 1660084134043, 1660084397973"
3e91d81b5994fe51e2c3f2a008693f6e51eaf0997429606208152ab5c35b8ffa,Non-Logged,12,"83001e5f-b1f0-4808-a279-fc742fedbca8, 18651e8e-4eca-4944-870c-c7351900f053, 0906fe9c-99b4-4fbf-b879-47674953717b, 5db25cd8-32e2-4502-9208-b62d0e13b015, 607f61e9-1c0f-4971-be06-50b5f7df676c, 0458efca-6f84-4223-bb16-68096059b07b, 9a9c978f-46ba-4186-9b98-403e68d6ce16, 24cdc0db-4b58-415f-a8b2-e2432ec1c5c8, 262d5975-7440-473f-8811-9560bb209dba, 100ff71c-da18-4182-9672-369324a71bb5, 83fee52b-947b-490b-8e57-d53eef93fb67, 16310e7f-45db-490b-bc2d-94862bc260d0","1656866826094, 1656936825489, 1658255469156, 1658610045191, 1659272021542, 1659373164823, 1659542283910, 1659625153298, 1659714071249, 1659801103832, 1659816416194, 1659816591155","1, 0, 1, 0, 0, 2, 0, 0, 3, 0, 2, 4","681419, 230000, 60000, 140000, 150000, 330000, 300000, 18469, 311108, 334147, 173111, 60000","100.0, 85.0, 28.28, 92.08, 53.02, 71.11, 80.87, 52.8, 79.95, 100.0, 91.12, 13.84","1, 1, 1, 1, 1, 1, 1, 1, 1, 1, 1, 1","1656866826094, 1656936825489, 1658255469156, 1658610045191, 1659272021542, 1659373164823, 1659542283910, 1659625153298, 1659714071249, 1659801103832, 1659816416194, 1659816591155"
3235f79fde7f139b701b3e54de1aef601d46aaa633380347b1deffe3edc0deed,Logged,169,"aeab0e46-f1e4-41e9-821b-571255c41f69, d7ef402b-ffef-48d3-a6d3-76048a490a18, 525cc9b4-dd6f-42e0-94d9-e02eeb7f2012, ff5a0a24-fde9-42a4-b472-a4984b76ee14, 8a042ffb-2801-4c72-a8ff-63a9a2205bd2, c997f3ea-3a38-49d4-bacb-6dbdf415bd74, 8986091e-e534-4911-b257-62156be2988a, 7b65851b-2ab2-4c6f-a112-19ec1219d201, 122f6889-00a5-423a-a085-ac97b73c61c6, 83ebda93-e1cf-422d-ae6b-18298c55ed8e, 68bcd037-cf0e-4a5f-899b-79d97ce2827a, 4878aa8f-2a61-4be1-af17-e2a15a3f12e2, 7caf0079-a39e-4f7d-9d5b-7f8d8a625f2f, 5f0ffb57-c88b-41bb-b427-ff9fe126dc7d, 6617a8f7-712a-434f-a9bf-89148e7c78f5, d173164f-dcfc-4e32-8006-64ab44a57c66, febe2095-c935-4b8f-a70a-c87eaf77e212, 1d83d47f-e287-4538-aed4-e9524a09d5d4, 598ed114-fd5a-4d82-90d8-f1e893cb0892, 886317fa-cdaa-4d94-b108-d16ad1421678, c6ef110d-7837-47f2-84f6-cfea4da5e328, 50eb18db-d487-4f59-ab56-71dfcfee7e8d, ad2c51f7-26ff-4f7e-98c8-32462c62874e, 8a1fd37d-5775-4c22-9857-1d4c177e5e26, 700d8181-ed28-48f9-b716-40c18325909a, 1f32787b-de2b-49be-8c20-ddaeae34cc22, 4fa06866-14bb-4536-9673-7bbeaf06ec9e, 99cee40b-98dd-49a0-b741-41296aaea59e, ab7e0db8-4d7b-4ffb-8c34-5eaf29661c0f, 22406eff-6720-4c47-8707-42e5454f04e9, f4780a77-b7a1-47f8-ab87-a6c0ac26ac3b, d8e96969-c9d9-4c28-a9a8-403abc1e784a, 7dcf0266-188d-467e-b09f-20834df60605, 21532265-cfd0-4301-a58d-dd615d0189d6, 3bd9f24b-cb02-4cc4-b6b7-da5c1389463d, 064b539b-a4cd-4781-b97f-9e9859ce15f7, 932eaf80-754e-4c28-bdb8-73ef64c0841e, ecc37a22-b730-4e3a-bc87-c3ba3403acbc, 03ba69ab-cc64-4332-b152-7ec9e99305a8, 358a38f8-fe69-4b27-9329-96ea52f24d94, 7de31812-bbae-485e-a118-64d3a6fb3896, 5bf8b3a3-3916-40ca-8672-a9f3df311825, 5db25cd8-32e2-4502-9208-b62d0e13b015, 2db1a14c-afb7-435b-9cc7-3d85d5aecd09, 3bec1a9e-84cf-4e70-b041-c3aabffbce88, d16c5f99-1fa4-45f7-8da0-f7d7bed103d8, 3d34afb1-b073-43e8-9691-8fb2e2459000, 6a09b2ed-1c8c-4a6d-b43f-18a36b4b31b3, cdcf9e9c-e109-4948-b85c-ea0348896569, f0a78e58-ec7e-494c-9462-fbd6446a9a89, 914fe264-109c-4d4d-8f18-052785666a24, b80450c6-2099-4c59-b311-9fe733104de9, fb96b132-fcde-46cc-86ef-000cb250c361, 99566c41-bd03-4b37-9ed7-4ba3485e7de5, 564ca071-5872-4020-a4f5-3421a29498a7, 6be357e5-8bdd-492f-bdda-04bf3c04af4b, 33b8607c-f4aa-4379-a18d-f7dddd2dd52e, 60d611ba-5bdf-41f3-b1cf-0f712879397a, 62c033c2-103d-4c76-8dbf-19c1cc869ddf, 4e163060-2488-4627-a8ba-bbfc54a4d57d, fbffe526-e94a-408f-a19b-7510f3d56016, 4a108326-b19d-42ce-94f6-807abf6e4679, 696c06e7-a338-4cf5-b9c3-ea8b9e775a94, 65328448-256c-4bf5-a868-732a98b1a3c7, 5d8388f3-736d-451b-a794-d826453e12e1, 0baa8cd7-1eef-4960-aeb4-4128e58efba3, d973bcc5-eb9d-4c11-8017-c88828858da4, f4e179e7-d4d2-416f-8997-51f421bcab2d, 45a4ed6e-4f6e-4fd4-8997-864b3a68c85c, 8390a22a-cc2b-4286-9043-c7270807bf77, 91dd61bf-7c49-4276-bba6-1db2804921a9, e40ae165-2210-4649-9f4a-8ec02b2424e9, bb7a9a51-3c72-4f88-9464-5bdfa59cf114, dcc4e8a7-f99b-46c2-a820-b35873bc8e5e, 1aecc450-8397-46fd-a049-21ee89af9dcf, 32ee5e2a-891b-4c62-a4aa-45c9d3129299, 1770d9f9-cafb-409a-8008-72655ec84a88, 58c69cde-570a-4558-bca6-987480110522, 4700f517-5c5d-483c-81b7-d77aca04991c, 0fbeaa34-16ac-4adb-b896-5fbd847c5b17, a3297045-2949-4814-9133-e028c8a583fa, 1dc0c4a8-0e13-454d-b3cc-16181bdf727d, a123ce85-26b5-49e9-b551-363625ce4595, d57f0e9a-445b-465d-b757-be4f32e75fb9, ccbbbd11-53e9-4399-b96f-51103c320846, 41a061e7-73b6-4d04-b7fb-4d23c989c528, f712cfd4-b1f3-49ec-82c7-5f3b366a5ac3, 37613ff0-fb5d-46f6-9c2c-ed822582710b, b4deb972-e617-4c21-853a-64aac38b659c, 22bb0455-6973-40f3-97eb-579f6661317c, 91cb8050-16a3-493e-b1da-da3227770040, 5a8da360-d8aa-43f5-b088-da9b603c176c, 12c44ec3-3624-4c0d-990d-27c38e7a5848, f6b5d170-48b9-4f8e-88d4-c84b6668f3bd, c963b3af-46f5-40f7-a918-aebdfe46a653, fec0b142-9ebe-40ad-be2c-940f5e841d6b, 71b01665-e9fb-405b-9aaf-cf58f5b04942, 553fada2-1c79-48f2-9010-f5c751b63bb1, fa319820-539c-46f1-82be-9bfb4ef8ddd3, 46726d44-b83a-4f34-bb8b-738f4205af48, 692337ad-c1c0-42ad-9a38-b24a4d2ca2cf, 251269d5-3194-4fa1-a62d-fab4971dcbaf, 1e3a0fb9-edfa-47c1-9e58-a505f628f930, ca35decb-6955-44b5-b2fa-eb4529c3cb5c, e384ec29-136e-4241-9321-49b367b8cbd5, a9466ce5-0cc8-4cad-96f3-fa3de8becf7e, 224d8516-f349-4d8a-9e73-e3ca1c47a992, 1f8c0562-a740-4f88-8531-d3c358670428, eafbc7e1-f154-46ef-a7f5-5cf4f75d7039, b3984824-9eea-4ad9-ae37-b07782ecc313, 329433af-381d-42c4-b737-a2442ba44207, 919f29bf-d153-400c-a04a-4237f5adf116, 7c3fbe06-7d31-49b6-986f-3be196b84687, 237377fc-0970-4ea3-a221-cd10fad8dbb9, e6c79838-cec7-4a14-ad17-2c065e8836e2, 03243e55-c5e6-4ab4-9955-572bd83874f2, 5b90df37-0b8b-44d6-abdb-6fad31217c26, 564f0976-781b-44e7-96c8-7377097d0101, 1c6341f3-ca86-4f0a-ba3c-5f2ecc924bc3, 1c597705-2f9c-4b30-8155-17ab8315abda, 458bf0ec-efb4-4bfd-9446-c80295e6aa87, 148518b5-c324-4882-81a6-678168063a2c, 33069a3e-5238-46f8-adf6-334dbd05aa68, 91266575-23d3-4ce6-91b1-5d0ad7c3936d, c853d19d-bf66-4479-aae8-f5bd5a65c522, d2593c3d-2347-40d9-948c-b6065e8459a9, 89fa73f0-4341-4de4-bb2a-e429ef96bd43, 7c076eda-5b41-4b0f-815f-0f6400148b0c, 1ca0b64a-8bb4-4a2b-b3d0-af935960bf15, a8f0cda0-6c9c-45f6-b72a-3c20ba9624ea, ff3e8c61-d72a-42bf-a84a-ecf5409468dd, 7b8e2fa1-5872-4f7f-a8be-1077697e099d, e5bcf07e-caf8-45c3-991f-9f1b0276410e, b79a9385-ab79-4949-a953-2320bfb28bc0, ed29259d-3b53-48d6-ac86-4326181ad1b1, ef311b58-fbd2-4690-be1d-dcf88b1c5361, fa571e66-a5b4-448f-905f-59e398a673b5, 53d632da-9107-429e-b8ae-f502fef2dc0c, 9c8465e1-65d5-44d6-817e-a8657d38fd32, 4c63d7cd-4902-4ffb-9b94-578b1b2151f0, 61e07f64-cddf-46f2-b50c-ea0a39c22050, 1c61d92c-9d97-4cd7-8af8-633d552cee4d, 50f85bf5-c153-4611-bf35-2f781ae4e234, 79fa537e-6643-4a83-8896-2e1ea3d18215, 106e6c31-5aa8-4d21-8d76-2fd90d35dba1, 7db50ab0-83c7-4be9-9c4e-d619faacfcf3, 18791a88-6b7b-4b1a-b563-4c508e594a0d, 71e97eeb-22fb-42bb-984b-9ed85a9cc5aa, ca587611-a578-429e-b857-8f83f638aa18, 5acaac71-a0c9-4d6f-897d-308409a37f01, d06cbda1-2d7a-43bf-997a-04cdfd3a7bdd, fd3c2179-09b0-4b2c-96a9-2d8822f28851, 08a27175-61cb-4462-b0cf-4f9ec2d9d9f0, 11e99467-b34d-48e8-a24a-b12a1ff2aeef, 54600b87-2432-4147-92b6-a93e2f6befb4, 9a9d7eab-eb79-4268-a3e1-da0515ea4815, 7cb2037b-d235-459d-923d-6f5963fbb241, 1045a19a-a686-47b8-aa54-33c1063613d6, e3f6e172-5893-4a65-abb5-4adfc2ae2685, d4efc426-0590-4ad3-b8c0-26deee7ffa08, 1a3641be-fa6a-4d72-a5eb-9069686a88ee, 9f5516b6-02f8-4cea-a736-132b49756977, 38578b5c-4509-49df-ad79-c62cc914e4a5, 120e8d3d-4bef-4dfe-8128-170c76a6c730, c041f6d7-df78-40ee-8832-6772a0db14bb, b13c6dc2-917e-479a-ae30-dfe6fc3ae0c5, ece7f38e-1744-4885-83d9-2ffb89e40b11, 029c4dd9-4231-469e-8eca-3de5f05ea046, e5185368-70f8-4998-a738-ca22f300da7b","1656679343558, 1656681774482, 1656687122048, 1656696763901, 1656710438015, 1656710602076, 1656710702632, 1656881664708, 1656881803798, 1656946133589, 1656946213198, 1657025631653, 1657025688439, 1657031910084, 1657032047733, 1657032325069, 1657032362676, 1657112246874, 1657129043722, 1657198035533, 1657198077838, 1657200489238, 1657201446194, 1657206452915, 1657206504258, 1657216423858, 1657221106648, 1657221269355, 1657274908663, 1657275337480, 1657275409048, 1657282592961, 1657282675772, 1657285537430, 1657302575019, 1657305264232, 1657379188076, 1657379245550, 1657379317602, 1657472897829, 1657473093374, 1657543861262, 1657544022396, 1657544094911, 1657544187477, 1657544539440, 1657544696874, 1657548760003, 1657586135544, 1657586241695, 1657592432544, 1657632047088, 1657641945706, 1657714199461, 1657714301455, 1657716910235, 1657722429960, 1657734854809, 1657799848307, 1657800013811, 1657800247952, 1657806477603, 1657830707460, 1657830757579, 1657879617964, 1657879751155, 1657892828748, 1657893925923, 1658091221111, 1658150144218, 1658155957838, 1658167284626, 1658235639809, 1658267523268, 1658320087046, 1658320142334, 1658320230035, 1658320982790, 1658323116046, 1658327762425, 1658337192559, 1658342781513, 1658342803684, 1658348504574, 1658348915714, 1658406607046, 1658406831233, 1658406910374, 1658411793656, 1658412074697, 1658430465037, 1658430585332, 1658432643718, 1658433102487, 1658435471495, 1658435630040, 1658497799808, 1658511212636, 1658511585620, 1658511709177, 1658514123125, 1658517768339, 1658744095042, 1658749785119, 1658752717874, 1658752819166, 1658855551503, 1659095881143, 1659108254366, 1659108401877, 1659108512329, 1659319226128, 1659440371947, 1659535975499, 1659536023050, 1659536078104, 1659546814197, 1659550091870, 1659557239510, 1659565813413, 1659566089179, 1659566151608, 1659615369123, 1659616588766, 1659659172062, 1659659207824, 1659702366344, 1659702415633, 1659725191913, 1659729940047, 1659790577873, 1659917656987, 1659917766733, 1659917843211, 1659965936664, 1659970099196, 1659981300003, 1660051888705, 1660071903670, 1660072894465, 1660077693012, 1660077783353, 1660133574924, 1660133635539, 1660133793679, 1660139476912, 1660154554641, 1660154801011, 1660156130561, 1660163193278, 1660226357647, 1660241200499, 1660241359992, 1660241532448, 1660309361815, 1660312007678, 1660312150229, 1660325413624, 1660328001506, 1660328112828, 1660328220847, 1660394378447, 1660394473958, 1660394664819, 1660394692721, 1660394838795, 1660395408919, 1660396016825, 1660397470276","0, 0, 0, 0, 2, 18, 1, 25, 37, 1, 0, 0, 0, 0, 0, 1, 0, 0, 0, 0, 1, 0, 1, 0, 0, 0, 0, 0, 55, 20, 10, 0, 0, 0, 0, 0, 0, 0, 1, 44, 8, 0, 0, 0, 0, 1, 0, 0, 14, 26, 32, 0, 9, 0, 0, 0, 0, 0, 0, 0, 0, 0, 0, 0, 32, 17, 0, 0, 18, 1, 1, 0, 0, 1, 2, 0, 0, 0, 0, 1, 0, 1, 0, 0, 0, 1, 1, 0, 0, 1, 2, 2, 1, 1, 0, 0, 0, 1, 0, 0, 1, 0, 31, 0, 0, 1, 1, 25, 16, 25, 18, 20, 0, 0, 0, 0, 1, 0, 0, 66, 16, 12, 0, 0, 7, 21, 0, 0, 0, 0, 0, 13, 23, 19, 1, 0, 0, 0, 1, 0, 1, 0, 1, 2, 3, 0, 2, 0, 0, 1, 0, 1, 1, 2, 2, 0, 1, 0, 0, 1, 0, 0, 0, 0, 0, 4, 0, 0, 50","143082, 89447, 191284, 59069, 90000, 57263, 84521, 74491, 114643, 77231, 36168, 16620, 10000, 59820, 125955, 35451, 22468, 26710, 104373, 18977, 91390, 146101, 69516, 39249, 37588, 132858, 32670, 23409, 190000, 249564, 40000, 30000, 86096, 58061, 15086, 35000, 46831, 47758, 50310, 183659, 30000, 99685, 58778, 38450, 39650, 78189, 68696, 141920, 50000, 63703, 80000, 146469, 40000, 54674, 34335, 59781, 67987, 75813, 133781, 98953, 25002, 61232, 42179, 49664, 127800, 50000, 118352, 50436, 40000, 307145, 114360, 68678, 60110, 482239, 135776, 71338, 68229, 58909, 138435, 83568, 87054, 20330, 50302, 33005, 30569, 100000, 74716, 25130, 115408, 77677, 117993, 68368, 326857, 40000, 132263, 166986, 17399, 43777, 60902, 35484, 57068, 47719, 119669, 28238, 84549, 48982, 58960, 90000, 60000, 50000, 40000, 51208, 100000, 28375, 11241, 60000, 83048, 55991, 131533, 115930, 33547, 20000, 10017, 109126, 20891, 60000, 25044, 117092, 23174, 74773, 210844, 35250, 70934, 40000, 54047, 93235, 35615, 40543, 126758, 22997, 87336, 28161, 39527, 154768, 191832, 46945, 185567, 112675, 47031, 109687, 152349, 90000, 169766, 215652, 288152, 38404, 70000, 54154, 96665, 105186, 20904, 86774, 72809, 10671, 103561, 165852, 69166, 40000, 348086","54.14, 78.71, 80.97, 43.79, 88.67, 47.24, 70.94, 51.79, 46.87, 85.89, 68.09, 22.56, 11.66, 50.3, 76.88, 47.53, 38.44, 56.36, 85.24, 69.59, 31.85, 68.57, 79.53, 58.97, 65.67, 83.31, 23.13, 46.06, 78.21, 30.24, 43.97, 24.69, 89.48, 60.24, 39.23, 73.83, 75.78, 68.96, 45.77, 54.64, 35.87, 49.86, 13.32, 15.65, 51.3, 78.18, 16.35, 72.38, 43.6, 65.51, 63.84, 83.7, 15.92, 43.73, 35.09, 65.89, 45.37, 65.2, 19.98, 59.49, 37.36, 84.73, 13.77, 66.89, 60.93, 17.04, 72.01, 39.93, 28.61, 48.74, 71.54, 41.14, 76.81, 75.24, 71.1, 64.81, 26.73, 62.49, 81.37, 72.94, 22.42, 78.98, 42.71, 49.59, 37.52, 62.44, 82.05, 20.66, 71.76, 55.48, 81.4, 20.56, 74.21, 44.74, 16.01, 9.66, 70.86, 63.1, 24.75, 63.04, 57.21, 48.78, 63.89, 57.84, 58.78, 33.02, 72.75, 15.21, 42.59, 57.58, 37.09, 27.97, 83.81, 31.51, 35.6, 44.09, 54.38, 51.92, 49.83, 48.78, 32.09, 45.28, 30.04, 10.54, 54.53, 57.18, 25.07, 47.48, 33.53, 41.31, 81.12, 48.24, 86.87, 15.93, 79.61, 82.88, 14.94, 63.04, 90.48, 81.99, 65.36, 33.37, 62.49, 77.41, 47.34, 14.68, 78.58, 76.64, 59.49, 17.08, 66.92, 83.08, 95.08, 51.95, 70.75, 23.83, 68.86, 66.64, 22.73, 89.7, 73.76, 56.69, 55.84, 19.14, 33.8, 35.9, 39.7, 50.36, 52.69","1, 1, 1, 1, 1, 1, 1, 1, 1, 1, 1, 1, 1, 1, 1, 1, 1, 1, 1, 1, 2, 1, 1, 1, 1, 1, 1, 1, 1, 3, 1, 1, 1, 1, 1, 1, 1, 1, 1, 1, 1, 1, 1, 1, 1, 1, 1, 1, 1, 2, 1, 1, 1, 1, 1, 1, 1, 1, 1, 1, 1, 1, 1, 1, 1, 1, 1, 1, 1, 1, 1, 1, 1, 2, 2, 1, 1, 1, 1, 1, 2, 1, 1, 1, 1, 1, 1, 1, 1, 1, 1, 1, 1, 1, 1, 1, 1, 1, 1, 1, 1, 1, 2, 1, 1, 1, 1, 1, 1, 1, 1, 1, 1, 1, 1, 1, 1, 1, 1, 2, 1, 1, 1, 1, 1, 1, 1, 1, 1, 1, 1, 1, 1, 1, 1, 1, 1, 1, 1, 1, 1, 1, 1, 1, 2, 1, 2, 1, 1, 1, 1, 1, 1, 1, 1, 1, 1, 1, 1, 1, 1, 1, 1, 1, 1, 1, 1, 1, 2","1656679343558, 1656681774482, 1656687122048, 1656696763901, 1656710438015, 1656710602076, 1656710702632, 1656881664708, 1656881803798, 1656946133589, 1656946213198, 1657025631653, 1657025688439, 1657031910084, 1657032047733, 1657032325069, 1657032362676, 1657112246874, 1657129043722, 1657198035533, 1657198077838, 1657200489238, 1657201446194, 1657206452915, 1657206504258, 1657216423858, 1657221106648, 1657221269355, 1657274908663, 1657275337480, 1657275409048, 1657282592961, 1657282675772, 1657285537430, 1657302575019, 1657305264232, 1657379188076, 1657379245550, 1657379317602, 1657472897829, 1657473093374, 1657543861262, 1657544022396, 1657544094911, 1657544187477, 1657544539440, 1657544696874, 1657548760003, 1657586135544, 1657586241695, 1657592432544, 1657632047088, 1657641945706, 1657714199461, 1657714301455, 1657716910235, 1657722429960, 1657734854809, 1657799848307, 1657800013811, 1657800247952, 1657806477603, 1657830707460, 1657830757579, 1657879617964, 1657879751155, 1657892828748, 1657893925923, 1658091221111, 1658150144218, 1658155957838, 1658167284626, 1658235639809, 1658267523268, 1658320087046, 1658320142334, 1658320230035, 1658320982790, 1658323116046, 1658327762425, 1658337192559, 1658342781513, 1658342803684, 1658348504574, 1658348915714, 1658406607046, 1658406831233, 1658406910374, 1658411793656, 1658412074697, 1658430465037, 1658430585332, 1658432643718, 1658433102487, 1658435471495, 1658435630040, 1658497799808, 1658511212636, 1658511585620, 1658511709177, 1658514123125, 1658517768339, 1658744095042, 1658749785119, 1658752717874, 1658752819166, 1658855551503, 1659095881143, 1659108254366, 1659108401877, 1659108512329, 1659319226128, 1659440371947, 1659535975499, 1659536023050, 1659536078104, 1659546814197, 1659550091870, 1659557239510, 1659565813413, 1659566089179, 1659566151608, 1659615369123, 1659616588766, 1659659172062, 1659659207824, 1659702366344, 1659702415633, 1659725191913, 1659729940047, 1659790577873, 1659917656987, 1659917766733, 1659917843211, 1659965936664, 1659970099196, 1659981300003, 1660051888705, 1660071903670, 1660072894465, 1660077693012, 1660077783353, 1660133574924, 1660133635539, 1660133793679, 1660139476912, 1660154554641, 1660154801011, 1660156130561, 1660163193278, 1660226357647, 1660241200499, 1660241359992, 1660241532448, 1660309361815, 1660312007678, 1660312150229, 1660325413624, 1660328001506, 1660328112828, 1660328220847, 1660394378447, 1660394473958, 1660394664819, 1660394692721, 1660394838795, 1660395408919, 1660396016825, 1660397470276"
089cfdbf7b67dd50fdcba999453c83e1fecf09143cfd65cfb0c5bb91e325e71d,Logged,135,"c75f6c0a-e828-46d1-b946-be3930329072, 974717c5-28aa-4769-8b29-2a53eb9be6a9, abf9b042-1205-465b-b24f-e3cc3907db83, 795f909b-93d7-4c10-a944-4aed823c7ae0, 3137f551-87d2-48b6-82bf-48b2bf11e643, d7f17a3c-3885-4b47-95a8-c4204a3698f5, 29b6b142-4173-4ec4-832f-7d0a32255c10, 2c1a1f2a-40d4-4b99-aa33-d6c62e4eb49c, 44db03fa-78a8-4296-b8c6-f6aba1c995a9, 0b8f3728-4ef7-40e7-85ac-367d8039bb6d, b7f30490-0b67-4ccc-b032-1eeeb179b464, 5b1cb0ce-8056-4dec-a64d-623068958061, e3e1cde5-cd0a-4ad4-9b8b-43109f49f99d, 6f40710c-dcca-4697-9e87-9868cee203a6, 067c8bfe-9416-4c27-a7a5-537065ed6cc6, 919c22de-dab9-4c59-b0fd-c3f3d18fc0de, acda3f2d-9b4f-4618-a45e-0d4d1771801f, ceec35b1-c1b1-4d40-bdd1-0f906361f08b, 6bb54e2d-60ce-4ccb-b186-2d5bd093dc5c, faac2a94-565a-4fad-9db6-3abbb6e39c8a, 48c38ab4-fe04-4bf5-a186-14d49f888bfa, a36c98b5-f159-48f8-9f5a-1fc6ea9956c8, 87b7c93a-809a-4709-8e59-c56b02fec7c2, 283a0372-4e74-4239-936a-0a6225bda7d7, 9aa5e6c8-f7a9-46b4-839a-61a140210209, f82aca8d-3fdb-433b-b245-980d9a040d77, 6ec665b4-dbef-4574-b941-043953679a1b, 2c8d0162-7a7c-420b-ac35-1f7f1e9f7ba4, 766558c9-c4b7-42ad-80dc-e282001ba160, b182c3ed-17bd-457e-9b60-2afb6b2971f4, f4ac3eb5-e145-4685-b9e9-b61f3551aa58, ca81c71a-7c7e-4c8c-9c7d-3b3116dc17ac, 87fe6747-4698-4add-bad1-8c9fd6f949b6, 4d16a079-ca73-4bb6-b6ce-872bdddf1aa4, 70595e29-bf66-4ecf-85a2-46290b93cd18, 2b0d0a86-bb8d-4cf4-95e3-e0232a41898c, 3215d22a-724d-49c9-ba70-0ba31df4949b, f0a78e58-ec7e-494c-9462-fbd6446a9a89, c85cb6f6-60e1-4a94-8f8f-6b436bb1d77c, 606b7ea9-edcb-476f-ad02-d302cfa8cfac, 96d328b9-5da7-4389-a9ac-765e98971ab7, 151bbffd-e13c-4700-b10f-442275071083, 564ca071-5872-4020-a4f5-3421a29498a7, bf2c46f9-68b8-46ff-bad8-903821972649, f3bf3fb2-1dac-44ba-94d6-3e80926f462d, af617145-c750-4973-81eb-a1ff00e6ed1c, 470ccd72-1478-4a82-9e75-ecb6f732772a, afb60617-1813-4e1b-93cd-e4f7c7a564cb, 8f28e4d1-c4ab-4ce6-8acf-27726b061aa3, 8c246d2b-81bd-4c1f-b563-2c905675f984, 4e9c2825-ff13-41ca-8e91-edd848060d19, 41086d19-f1c3-4775-812e-8c0634aad590, 16ccc9a3-a64b-42f8-9688-11fec2d880f6, 7b056bf6-c232-46bd-8903-59145ff7ce46, abec6910-a5d0-4c08-abc6-c54945d50592, c8d42cca-7fad-4003-ae03-215219f9468c, 501d6a35-1f62-46ed-ae4e-05f206158af4, 02ee13b7-4ed5-43f4-937f-ed41451b4151, 008d7a48-0864-4202-9a4e-b5d4f3c08e8b, 27453ffd-5354-440a-a6b1-0b56eb6b6821, 6a7ede7c-231c-4b68-9a08-5a71d8b3d96f, be57fa17-972a-46b7-bb25-ba2346e6b7e6, 448546e9-833e-4350-826b-ea05064224f7, 6abc4506-9c6a-4801-b5a9-f356963ab62f, 12c16275-a716-48b9-b563-38401ac5d08f, 053f8aeb-8d1e-4ab8-8bfe-33ab5172b48e, 9edfbf80-3456-4b34-860a-4654aaec99af, 3e54b313-2fde-4180-9948-74e889dd9430, 6c04dc83-e523-4a23-9329-5499a899392c, 262d5975-7440-473f-8811-9560bb209dba, 750ec729-cd61-4227-85fe-a1e0ebbf7d50, 45a4ed6e-4f6e-4fd4-8997-864b3a68c85c, 09a5a7c8-7687-4311-907c-d43fdb650b4c, b50296d7-76ba-4ab6-873e-3254e94056db, 64323b0f-d998-4f8d-a9ff-0e8c4f8859a0, bd1bc41b-79a2-4b09-9ca1-b1e26805810c, 829265f6-c85e-4474-aaf2-49f7df8c4fdc, 73ae816e-499d-491f-8e11-957dfba32532, 9c989bd5-2987-451b-a4af-1143e774f2a0, 534dff37-8965-4567-9569-725e1beff6e4, 46f5b6c9-9eea-422c-94af-ae0f3bfbd021, 7a187008-94f0-4b75-b3aa-096f49201de3, e3ccb6c1-0a55-4cd3-b818-f98be256f193, a0433c1d-6277-4f81-a120-e767eee99d17, a49fd9cb-134f-4e40-9eb1-2312ee8edfad, a3140e0a-6767-4239-a8d0-33b75ff8e171, ca361779-0059-451e-9369-c2dfaa3cc971, 84c68fc4-68d9-4987-b740-2e32d30f7069, 5f2f1833-d203-486a-ac56-665fc3767018, f5d2a476-c8dd-4ef7-bf6e-8d9016c7f349, fc2254c5-4ae5-4101-96ca-fffeb72ffd8b, e384ec29-136e-4241-9321-49b367b8cbd5, b3984824-9eea-4ad9-ae37-b07782ecc313, f9c9a66c-d870-44f9-a27e-395934431b7f, 229628a2-f8e0-43ca-bac9-f14a161f9124, ae883cc3-2dce-41eb-9158-9e4b8aeeb20e, 87675e21-08f5-4561-84ca-ec2a4178a1de, 54cb252a-78b5-463d-b31f-f54f63d85a29, 44afad69-6dff-4068-9e10-3092b659e6d4, 5af99ef3-adff-464d-9976-5c5d6391b014, 7c076eda-5b41-4b0f-815f-0f6400148b0c, a8f0cda0-6c9c-45f6-b72a-3c20ba9624ea, f399b893-e696-4f8a-9dbe-e49fdecddfa0, 115ade20-a6a7-480b-894f-8b31c71a6811, 4c63d7cd-4902-4ffb-9b94-578b1b2151f0, bf44b8ea-c737-4eec-a51b-01006202f303, 61e07f64-cddf-46f2-b50c-ea0a39c22050, e4a32f87-4d4a-42dd-b1d0-b4d0564b03bf, c48c4f8d-b3c7-4d3f-82c4-84091bd4e401, ff26f5dd-71d1-4364-940b-8647e048a209, 8ee1f5d0-b43b-41e9-b362-a0d812b587bf, 106e6c31-5aa8-4d21-8d76-2fd90d35dba1, f063447f-84b6-46a6-b21e-d7db6ed5ff8a, 8668a87e-6ec5-4069-8649-a08824bb3e14, 2b271fd6-d438-4e0a-b5a4-9fcf16b64b93, e0f3d541-6098-4e89-a948-efe461be919d, 63c15988-9cf3-40c4-8e38-ceb414e56e7c, c8ec4884-1c89-46c3-a2c9-9ef270db1450, 0ed208f9-de0c-4eb8-b388-fae371891670, cab337c4-cbcf-4f10-8586-2bef1794cc50, 8c972deb-c174-4efc-a18c-b78df3a63669, c4a64d0d-09b8-4f82-8e32-4d2ec6067226, f0f33418-5a4d-4fe6-8ba4-c65eff7c041f, b6ff34a6-65f6-43d4-a434-c72e009e32dd, feee3eb1-d625-4766-9da5-d855ac2f557c, 362d282e-5d9d-4691-86a6-21bcac0703d7, 674672ff-3bf9-42cf-ab90-659a146a8776, 855d20b7-53f2-4678-a10f-55402d085018, cd81f330-0480-4da3-bc7e-7b6fc33aabcd, 8e0884e2-50ba-44c0-87b9-d64d913288af, 4d160552-aecc-49ee-8024-35ab14c23ca1, 1a3641be-fa6a-4d72-a5eb-9069686a88ee, 8739adb4-5ca3-430f-95d3-51e7137f955a, d701c5e6-8973-44d3-b69a-c0993e66f507, 120e8d3d-4bef-4dfe-8128-170c76a6c730","1656701733359, 1656705665919, 1656774572076, 1656879859429, 1656879897483, 1656892665693, 1656892737259, 1656929527649, 1656939599965, 1656959186483, 1656964481218, 1656979564028, 1656979726183, 1656979835635, 1656989792887, 1657032695168, 1657041366403, 1657048453600, 1657060356026, 1657069823427, 1657076863147, 1657198757043, 1657215800604, 1657220495594, 1657240280690, 1657240342232, 1657240425822, 1657240524497, 1657278521164, 1657278807531, 1657292029072, 1657309970997, 1657429527705, 1657472710065, 1657477964672, 1657493960742, 1657494098916, 1657556196299, 1657660809009, 1657796997732, 1657797072595, 1657799996226, 1657800189822, 1657879029436, 1657888586638, 1657897561946, 1657916112906, 1657916338928, 1657985854620, 1657985866369, 1657985982675, 1657986100763, 1657986246317, 1657986408760, 1657986492657, 1657986542863, 1657986613377, 1658085381581, 1658161634498, 1658327105900, 1658444728448, 1658451102865, 1658493358338, 1658499515481, 1658516688441, 1658582376112, 1658634681387, 1658679385217, 1658686541252, 1658701692416, 1658748952190, 1658762770794, 1658848178046, 1658853793630, 1658853893605, 1658867815708, 1658922168683, 1659017203979, 1659022278982, 1659130424970, 1659186443043, 1659284887711, 1659285022023, 1659354413910, 1659453741503, 1659464434456, 1659468393890, 1659474837503, 1659479582767, 1659482776232, 1659491685569, 1659500854451, 1659533639598, 1659539170770, 1659539840947, 1659551993506, 1659552059481, 1659559005298, 1659559229882, 1659566695015, 1659571819221, 1659611142601, 1659619447039, 1659647008998, 1659647069213, 1659647288551, 1659655670199, 1659655755456, 1659798476957, 1659798813800, 1659810576730, 1659815888438, 1659832404318, 1659882042971, 1659915022548, 1659951482097, 1659969829631, 1659999460000, 1660037924009, 1660038006179, 1660042760326, 1660048621426, 1660058538488, 1660077865682, 1660085037176, 1660141960940, 1660159392624, 1660165293811, 1660172616995, 1660186452652, 1660264965695, 1660265022368, 1660316534591, 1660317947737, 1660510137210","6, 2, 39, 12, 14, 18, 13, 31, 2, 20, 0, 44, 26, 8, 20, 10, 8, 23, 21, 21, 27, 20, 11, 0, 11, 15, 4, 19, 97, 29, 53, 1, 27, 31, 24, 27, 36, 5, 11, 24, 161, 2, 0, 55, 3, 0, 0, 0, 1, 0, 0, 0, 0, 0, 0, 0, 0, 36, 8, 0, 5, 3, 6, 4, 0, 1, 3, 96, 20, 2, 5, 75, 21, 3, 0, 1, 9, 29, 11, 0, 2, 7, 5, 0, 33, 15, 0, 0, 24, 13, 15, 0, 17, 21, 4, 0, 0, 36, 0, 5, 11, 0, 0, 0, 0, 1, 20, 4, 21, 13, 0, 12, 17, 9, 20, 5, 2, 13, 9, 3, 8, 13, 10, 13, 43, 0, 0, 0, 19, 26, 7, 16, 25, 21, 5","202598, 40000, 130000, 41517, 30000, 56933, 42413, 111918, 13755, 40000, 117979, 110000, 43604, 22905, 41364, 46071, 43849, 59595, 43075, 80841, 84341, 94171, 46663, 27925, 34944, 67469, 13159, 74548, 260193, 95809, 160000, 68951, 80000, 106811, 40000, 104486, 100000, 40000, 48088, 67759, 514242, 196826, 160000, 300014, 11683, 12266, 110000, 50000, 100000, 109776, 111243, 113625, 90000, 60303, 35952, 48402, 100000, 148716, 40000, 67997, 20000, 10056, 10013, 30000, 80000, 10000, 20000, 379729, 81720, 20000, 30000, 212618, 88657, 20000, 10000, 226378, 40000, 92729, 20000, 29789, 13824, 50000, 20979, 120389, 190000, 60000, 68714, 50000, 114972, 31390, 60000, 10941, 137106, 71756, 110000, 36388, 117164, 84918, 20000, 30000, 38708, 199408, 38635, 51910, 120058, 213861, 50251, 10000, 99481, 41469, 10000, 33705, 60000, 50000, 147676, 11696, 10000, 92600, 40000, 20000, 21841, 40000, 52816, 21902, 135517, 56690, 31439, 41831, 87216, 129238, 49592, 87054, 80089, 80000, 30000","42.66, 22.92, 68.45, 24.3, 30.06, 44.04, 32.08, 53.6, 19.48, 30.54, 65.26, 40.33, 15.82, 28.29, 34.45, 31.02, 32.18, 40.87, 35.04, 27.85, 46.48, 34.45, 29.13, 19.28, 30.65, 44.16, 17.68, 38.28, 54.87, 59.21, 41.69, 47.46, 29.99, 48.65, 29.83, 60.13, 57.32, 11.12, 34.19, 53.68, 71.4, 43.57, 61.35, 44.17, 17.51, 19.93, 46.14, 68.69, 44.32, 56.28, 61.23, 66.47, 64.53, 58.78, 63.89, 53.5, 61.21, 37.08, 34.41, 61.68, 44.16, 34.36, 10.81, 34.88, 44.21, 12.07, 25.62, 69.86, 42.65, 7.69, 22.94, 54.22, 30.42, 16.27, 7.62, 81.46, 30.99, 42.91, 27.75, 31.76, 13.88, 24.98, 26.09, 58.58, 50.09, 50.75, 21.13, 47.42, 39.07, 35.38, 32.99, 19.41, 40.2, 40.26, 50.58, 38.65, 48.58, 45.4, 27.51, 32.68, 27.84, 64.36, 35.21, 36.84, 67.36, 63.99, 28.48, 29.64, 49.64, 37.28, 18.54, 31.2, 59.82, 43.52, 52.28, 11.77, 5.6, 38.03, 32.39, 27.33, 16.61, 53.25, 30.52, 33.78, 41.28, 37.51, 26.63, 30.55, 32.64, 41.99, 28.83, 40.04, 36.26, 26.66, 22.06","2, 1, 1, 2, 1, 1, 1, 1, 1, 2, 1, 1, 1, 1, 1, 1, 1, 1, 1, 1, 1, 1, 1, 1, 1, 1, 1, 1, 1, 1, 2, 1, 1, 1, 1, 1, 1, 2, 1, 1, 1, 2, 1, 3, 1, 1, 1, 1, 1, 1, 1, 1, 1, 1, 1, 1, 1, 1, 1, 1, 1, 1, 1, 1, 1, 1, 1, 1, 1, 1, 1, 1, 1, 1, 1, 1, 1, 1, 1, 1, 1, 1, 1, 1, 1, 1, 1, 1, 1, 1, 1, 1, 1, 1, 2, 1, 1, 2, 1, 1, 1, 1, 1, 1, 1, 1, 1, 1, 1, 1, 1, 1, 1, 1, 1, 1, 1, 1, 1, 1, 1, 1, 1, 1, 1, 1, 1, 1, 1, 1, 1, 1, 1, 1, 1","1656701733359, 1656705665919, 1656774572076, 1656879859429, 1656879897483, 1656892665693, 1656892737259, 1656929527649, 1656939599965, 1656959186483, 1656964481218, 1656979564028, 1656979726183, 1656979835635, 1656989792887, 1657032695168, 1657041366403, 1657048453600, 1657060356026, 1657069823427, 1657076863147, 1657198757043, 1657215800604, 1657220495594, 1657240280690, 1657240342232, 1657240425822, 1657240524497, 1657278521164, 1657278807531, 1657292029072, 1657309970997, 1657429527705, 1657472710065, 1657477964672, 1657493960742, 1657494098916, 1657556196299, 1657660809009, 1657796997732, 1657797072595, 1657799996226, 1657800189822, 1657879029436, 1657888586638, 1657897561946, 1657916112906, 1657916338928, 1657985854620, 1657985866369, 1657985982675, 1657986100763, 1657986246317, 1657986408760, 1657986492657, 1657986542863, 1657986613377, 1658085381581, 1658161634498, 1658327105900, 1658444728448, 1658451102865, 1658493358338, 1658499515481, 1658516688441, 1658582376112, 1658634681387, 1658679385217, 1658686541252, 1658701692416, 1658748952190, 1658762770794, 1658848178046, 1658853793630, 1658853893605, 1658867815708, 1658922168683, 1659017203979, 1659022278982, 1659130424970, 1659186443043, 1659284887711, 1659285022023, 1659354413910, 1659453741503, 1659464434456, 1659468393890, 1659474837503, 1659479582767, 1659482776232, 1659491685569, 1659500854451, 1659533639598, 1659539170770, 1659539840947, 1659551993506, 1659552059481, 1659559005298, 1659559229882, 1659566695015, 1659571819221, 1659611142601, 1659619447039, 1659647008998, 1659647069213, 1659647288551, 1659655670199, 1659655755456, 1659798476957, 1659798813800, 1659810576730, 1659815888438, 1659832404318, 1659882042971, 1659915022548, 1659951482097, 1659969829631, 1659999460000, 1660037924009, 1660038006179, 1660042760326, 1660048621426, 1660058538488, 1660077865682, 1660085037176, 1660141960940, 1660159392624, 1660165293811, 1660172616995, 1660186452652, 1660264965695, 1660265022368, 1660316534591, 1660317947737, 1660510137210"
150849cf65a331589cf25ee73a860ea37e10acd8be6bd2c32a661ea7c49c0099,Non-Logged,108,"82e7b237-e7ea-4cf5-b44c-55385e2cdbb0, c5ea9fce-3afb-4041-87b7-bf755e96d402, ca380869-b9c2-4407-b715-df53f9cdf817, 4549c4eb-c949-47e2-a071-7de377677d6b, fb0938f6-52bb-49a6-997f-29e0d91c5e9c, 964850d4-5df8-4d62-bee9-beb0e677cc5f, d730c4a6-e8f6-4fde-b73a-afbe148479cd, 39f847a5-a0a4-4e42-a00c-c02d6ddbc2b5, ae8c918e-1f46-4530-94ee-c0d7493ad25a, 461707f2-0460-420d-a77f-c09ebaf8354b, 109adb08-8ff3-408b-b828-e16b51788202, fe856057-f97d-419f-ab1c-97c5c3e0719c, 487330a8-b48e-4183-80f7-a1baf7c4c7e0, 6e82f48e-1dca-4472-a4d1-5c97f2b3d033, 279ccbff-f203-4c6d-aa48-83d97f085302, b7d8870c-3d65-488f-9ba8-885dc68c62ad, 290c3a55-b7e8-4344-a66f-a789166cc1d7, 3c787cdc-99f7-4001-94ac-4edb2e971b94, 2b4f0f8f-ab7b-45e7-8a8a-353e0aa41249, 90a2e932-0d46-4498-832c-c84686e2364d, e01c1a9f-c5ff-40f5-93c6-af7bb784e755, 5303f910-c396-4525-832e-8a89d800870c, edf58114-c7ab-4675-8af0-a74074f0f865, f74aa0cb-fd5d-4f5f-a4cf-74e2c098bfb6, cc6db791-5660-470c-a4e2-d79366d1da30, fe31a3a1-20b9-4c6e-9692-c3bca946eb26, 8986091e-e534-4911-b257-62156be2988a, fcdc961b-9239-4c94-a775-bff667a105a4, 3137f551-87d2-48b6-82bf-48b2bf11e643, 1d899325-ad3c-4287-804a-3d994492dad8, e69d567c-41c3-4076-846e-23324fe91104, 83ebda93-e1cf-422d-ae6b-18298c55ed8e, dc7a340e-4d1e-4510-b7d5-b712f83c6f34, d8e96969-c9d9-4c28-a9a8-403abc1e784a, 97a9f3df-6ccb-480e-97cd-8999e39c9577, c39e92a5-7d43-49e2-8d96-143070462e82, c6ef110d-7837-47f2-84f6-cfea4da5e328, fffa994d-7b0c-41f1-af69-acc165bcbaa8, 45f520e1-7386-485d-ab00-02a2330e2e60, 11cdab41-edc5-4af3-ba9a-bf53e5681263, e1c14cdf-8a07-468d-bb5d-ea62a2897f3f, 6929b9af-312f-45f4-95f7-bbe0c4676359, 2a9226ae-a3a7-40b5-b800-ebabe6229a29, bc46d0e0-f1bc-492b-ac64-71984112ace0, 3b2d295b-cad3-4d6d-a992-984a93fa39e6, bb2a0a15-0026-4f29-9cec-b097978eb881, 99cee40b-98dd-49a0-b741-41296aaea59e, 9a4bb232-f1b6-4cd1-ba6c-c4696952153b, 22406eff-6720-4c47-8707-42e5454f04e9, 6e5ae05a-ccc9-4384-85b8-9fa1d871ba1b, c4789e51-c882-44e9-b133-2d435af16d54, e3e1cde5-cd0a-4ad4-9b8b-43109f49f99d, 5b1cb0ce-8056-4dec-a64d-623068958061, c31953bb-c126-47ad-9112-d82f8776db2e, 57a85da6-76b6-4b94-9802-34c140c21ae2, 31b4ea4e-3092-4571-b7b5-316bdb4f75fa, 21532265-cfd0-4301-a58d-dd615d0189d6, 82206221-05a0-4f89-aa10-e8c8dc0cc418, 064b539b-a4cd-4781-b97f-9e9859ce15f7, a9a5be63-63bc-40eb-812c-00fe0fd3043f, 9a481658-e0d8-4c3e-a6fc-ef21a3ea9ffd, 151bbffd-e13c-4700-b10f-442275071083, fb96b132-fcde-46cc-86ef-000cb250c361, 6be357e5-8bdd-492f-bdda-04bf3c04af4b, e5b31e24-1bfe-49d5-a0b2-8af464411fda, 99566c41-bd03-4b37-9ed7-4ba3485e7de5, b3c931c0-ed8d-4b99-8e97-4dba7a564cd0, e63ef205-d49a-4cd6-ac85-059535e3d68c, 2ff74cfb-89d5-4741-8ee3-1e5d99464a18, 58f350e5-cf09-4958-9703-84c0e56468ea, 06065e68-647d-4be8-988f-f9d8827283e2, c0e5b84d-ad62-441e-a50e-0d562fc15540, 3148473f-bd3c-45c6-a2f6-83e667025005, 84937209-0c19-43b5-ae46-e394c7a49a4b, e544658a-7fbf-4c01-8b83-b63cf6e78987, 41086d19-f1c3-4775-812e-8c0634aad590, d4ac55b3-cc99-4b47-aba2-ed60be31c170, b57fa2d2-0a34-4117-b22d-29ad42c8e063, 60d611ba-5bdf-41f3-b1cf-0f712879397a, 7fe849c0-4a55-429d-b480-11ee216909dd, ff1435df-7615-47f3-93da-0f5775f2cb84, 8b64b810-cff4-40e0-9de9-25b809ae6009, 25779386-76af-4b0b-8ef7-487754f01409, 0bb69dce-7cd3-438b-a73e-b96efe35ccd8, 29af02af-2cfe-4384-800c-6b0536c5d56d, 882e7c95-935a-4eab-9ece-f85f5f7d0f4e, 7f4f8989-de58-49bf-a882-c3cc180a189c, 3db31d95-bc82-478c-997a-b462aab61fcf, 139c9e4d-b7eb-43d0-b2fc-1cb230f0adc8, 27453ffd-5354-440a-a6b1-0b56eb6b6821, a6e7224d-da3e-468f-bc51-26331659e06a, ffe56be2-f822-44ac-b7c2-6bef6e8833a6, 6b16217b-760d-4e08-8ce6-0c7bf14cae36, 6a83890a-d9e9-4f6b-a6c6-90d031785bbf, 8742621b-78aa-4c22-8338-1a5a7199883d, e650aae9-2b05-4564-9ce7-108a31c4de20, 1f59877a-6e53-4e34-a24a-0e2283dd745b, 829265f6-c85e-4474-aaf2-49f7df8c4fdc, 11e99467-b34d-48e8-a24a-b12a1ff2aeef, 08a27175-61cb-4462-b0cf-4f9ec2d9d9f0, c4a64d0d-09b8-4f82-8e32-4d2ec6067226, 794a21f8-f679-4de0-bbc5-1060e15bda67, 82f8899c-e308-4e32-b752-07d051b507e4, e5185368-70f8-4998-a738-ca22f300da7b, afe476cd-fb8a-456d-98a3-a6e5e643bcfd, ba274d9b-1bdc-47bc-b528-44aba43500ba, 0dd9af9f-bcb0-43d8-9d88-b5d4cbc1514f, 90742b11-51f4-46f2-bf58-24ffeb9f605c","1656802667100, 1656802818246, 1656802977162, 1656806436649, 1656806502126, 1656806956393, 1656807066164, 1657038442690, 1657038568638, 1657038702781, 1658191454473, 1658191768267, 1658611730099, 1658951164515, 1658951258439, 1658951450582, 1658952755497, 1658953151932, 1658953522586, 1659013213821, 1659020202900, 1659027534600, 1659027777663, 1659027980350, 1659182004688, 1659218574162, 1659219069316, 1659220588057, 1659325543235, 1659325978016, 1659326245573, 1659326443648, 1659358106033, 1659358277803, 1659358986566, 1659385344843, 1659385439699, 1659385501604, 1659385674196, 1659405074320, 1659405398782, 1659538214791, 1659538322909, 1659538369257, 1659538616020, 1659538693918, 1659538936287, 1659700431147, 1659918852856, 1659919147138, 1660016026902, 1660016082939, 1660016261208, 1660016317620, 1660016362687, 1660076309032, 1660076520505, 1660076624309, 1660077028727, 1660077093289, 1660077225515, 1660077586642, 1660089572593, 1660089765430, 1660089853476, 1660089943576, 1660090070622, 1660090273691, 1660162838530, 1660163887002, 1660164414036, 1660164532101, 1660164641394, 1660164823493, 1660164882763, 1660301099336, 1660349796905, 1660349832713, 1660350071008, 1660350291329, 1660411231672, 1660411275560, 1660411380569, 1660411453412, 1660411563390, 1660411654490, 1660411845708, 1660411991656, 1660412054902, 1660433120518, 1660433196241, 1660433348626, 1660433640939, 1660433925684, 1660434174272, 1660498462439, 1660498593839, 1660498821971, 1660499292924, 1660511181453, 1660511327609, 1660511411237, 1660511545316, 1660511684803, 1660511808122, 1660512088333, 1660512273245, 1660529106826","20, 22, 8, 15, 40, 24, 3, 21, 20, 38, 23, 4, 13, 12, 91, 20, 28, 25, 12, 20, 24, 27, 53, 7, 48, 20, 41, 14, 60, 58, 17, 13, 14, 84, 76, 22, 13, 38, 16, 16, 11, 21, 8, 35, 16, 33, 10, 41, 39, 53, 13, 29, 15, 10, 17, 24, 23, 27, 32, 18, 52, 9, 36, 14, 20, 14, 8, 30, 9, 12, 26, 36, 29, 0, 10, 19, 10, 49, 13, 33, 11, 26, 14, 23, 41, 12, 6, 18, 13, 9, 49, 26, 23, 44, 12, 18, 31, 28, 15, 10, 14, 19, 25, 20, 37, 57, 12, 9","90000, 80000, 40000, 62612, 170000, 60000, 46746, 123647, 70000, 80000, 120000, 10000, 51519, 60000, 421275, 102371, 100000, 130000, 20000, 103890, 120000, 160000, 201031, 33912, 230446, 80000, 170000, 70000, 150000, 240000, 112360, 50000, 30702, 323368, 280000, 92935, 60068, 170561, 70000, 70000, 80000, 60000, 44416, 120000, 76198, 127616, 50750, 230000, 130000, 170000, 53863, 110000, 54173, 42983, 44619, 100000, 101862, 120000, 121642, 60000, 176110, 41888, 190356, 72607, 87277, 50000, 40000, 177841, 43550, 50000, 114859, 123056, 100000, 20000, 30000, 71048, 34121, 236166, 75156, 192170, 41390, 153143, 40000, 113941, 205568, 50000, 30000, 67755, 60000, 74001, 170000, 157720, 110000, 130000, 50000, 129412, 100000, 140000, 90000, 65369, 81042, 80000, 90000, 70000, 160000, 290000, 52794, 50000","69.76, 68.57, 31.45, 78.57, 88.4, 85.36, 18.82, 53.94, 81.18, 40.06, 69.42, 13.19, 53.53, 50.03, 70.21, 52.01, 69.05, 34.81, 16.12, 67.6, 81.78, 69.68, 82.99, 28.4, 96.53, 61.25, 88.72, 35.08, 50.9, 50.9, 46.96, 53.04, 50.76, 82.71, 71.23, 86.24, 38.27, 91.26, 84.33, 44.73, 48.65, 57.66, 35.72, 81.09, 84.16, 85.11, 71.23, 89.52, 78.36, 89.43, 54.09, 76.83, 59.06, 59.52, 14.65, 64.18, 81.18, 82.81, 50.7, 29.72, 62.45, 63.19, 88.2, 68.14, 87.08, 55.59, 38.61, 85.28, 52.64, 66.88, 56.94, 72.25, 81.1, 8.39, 49.14, 67.33, 51.41, 89.07, 69.32, 90.52, 44.18, 81.67, 56.85, 71.53, 93.35, 31.35, 12.17, 30.91, 53.16, 58.29, 74.51, 82.06, 73.41, 87.78, 52.81, 81.46, 77.23, 77.92, 76.97, 33.12, 58.02, 72.03, 89.23, 77.72, 85.36, 100.0, 40.38, 36.77","1, 1, 1, 1, 1, 1, 1, 1, 1, 1, 1, 1, 1, 1, 3, 2, 1, 2, 1, 1, 1, 1, 1, 1, 1, 1, 1, 1, 1, 3, 1, 1, 1, 2, 1, 1, 1, 1, 1, 1, 1, 1, 1, 1, 1, 2, 1, 1, 1, 1, 1, 1, 1, 1, 1, 1, 1, 1, 2, 1, 1, 1, 1, 1, 1, 1, 1, 1, 1, 1, 1, 2, 1, 1, 1, 1, 1, 1, 1, 1, 1, 2, 2, 2, 1, 1, 1, 2, 1, 1, 2, 1, 1, 1, 1, 1, 1, 1, 1, 1, 1, 1, 1, 2, 2, 1, 1, 1","1656802667100, 1656802818246, 1656802977162, 1656806436649, 1656806502126, 1656806956393, 1656807066164, 1657038442690, 1657038568638, 1657038702781, 1658191454473, 1658191768267, 1658611730099, 1658951164515, 1658951258439, 1658951450582, 1658952755497, 1658953151932, 1658953522586, 1659013213821, 1659020202900, 1659027534600, 1659027777663, 1659027980350, 1659182004688, 1659218574162, 1659219069316, 1659220588057, 1659325543235, 1659325978016, 1659326245573, 1659326443648, 1659358106033, 1659358277803, 1659358986566, 1659385344843, 1659385439699, 1659385501604, 1659385674196, 1659405074320, 1659405398782, 1659538214791, 1659538322909, 1659538369257, 1659538616020, 1659538693918, 1659538936287, 1659700431147, 1659918852856, 1659919147138, 1660016026902, 1660016082939, 1660016261208, 1660016317620, 1660016362687, 1660076309032, 1660076520505, 1660076624309, 1660077028727, 1660077093289, 1660077225515, 1660077586642, 1660089572593, 1660089765430, 1660089853476, 1660089943576, 1660090070622, 1660090273691, 1660162838530, 1660163887002, 1660164414036, 1660164532101, 1660164641394, 1660164823493, 1660164882763, 1660301099336, 1660349796905, 1660349832713, 1660350071008, 1660350291329, 1660411231672, 1660411275560, 1660411380569, 1660411453412, 1660411563390, 1660411654490, 1660411845708, 1660411991656, 1660412054902, 1660433120518, 1660433196241, 1660433348626, 1660433640939, 1660433925684, 1660434174272, 1660498462439, 1660498593839, 1660498821971, 1660499292924, 1660511181453, 1660511327609, 1660511411237, 1660511545316, 1660511684803, 1660511808122, 1660512088333, 1660512273245, 1660529106826"
136141979ee29bc27dd3b28d3e5e1cc9c5cea31d902e88180bae8dc17dd0e711,Non-Logged,28,"a7145a85-8b94-4dd3-96a2-b7f4bfaf8c11, c6af277b-d658-493c-9d7e-342e5d6759c4, d1dd5104-048f-41ba-9a0c-a81a6a258415, 00a396c3-bb4f-4fd7-9082-08e56925f2dc, 7d597d0e-c8f1-46fe-a07a-e92a519a6820, b2a21491-7576-4be0-a520-97ce9470efeb, cca0a1c2-3e83-439c-bab8-a3bf7782572a, 4d16a079-ca73-4bb6-b6ce-872bdddf1aa4, 9e93b143-069b-4139-aa1a-42db5c5370ca, 5512feb7-1489-48ba-a78b-457c9defcc51, 1174b598-3728-44b3-bb06-a2def5d29a3b, 3beb9788-4eee-4c88-a3de-dda387333710, 27453ffd-5354-440a-a6b1-0b56eb6b6821, 11624bfe-968d-48ac-8b98-38a04a6cd2ef, 1c27cf97-b20c-4e40-b1f1-288b721517b3, 02e4c8f2-12ac-45bd-82ee-06db6fa15b50, 30834191-0094-4b13-b1ae-76ecd54d43a3, 4700f517-5c5d-483c-81b7-d77aca04991c, b452bdf0-e8ee-4cab-9b71-cf46e4aaf4d5, 9e49825f-6567-4ede-90d5-46a1af9a127f, fdab1161-53cc-433f-8c1f-636130bbaba1, 2f530eed-9470-4c08-b93b-6076561eb6be, 9f5b2341-2a52-49cc-8fd3-c20bc63082f4, 04a6688f-bb07-4dfa-a1bb-432bf540f841, 855d20b7-53f2-4678-a10f-55402d085018, fa65c031-aa6b-4447-80d6-943d2138885b, a8d6559f-aec0-4242-ae71-f9671395d1ba, 97ac6c4c-5b3d-4e36-9816-0791226573e5","1656686796779, 1656768652760, 1656768684111, 1656932260256, 1657043101484, 1657107187624, 1657128352561, 1657714966317, 1657742281961, 1658158001110, 1658436335685, 1658489179843, 1658587744428, 1658771404472, 1658775144963, 1658867509240, 1659094423487, 1659178314518, 1659442133577, 1659526385303, 1659610834199, 1659610952305, 1659783704675, 1660047660980, 1660048538546, 1660067680814, 1660070598777, 1660302394694","0, 0, 0, 0, 0, 2, 0, 0, 1, 0, 1, 0, 2, 0, 0, 0, 0, 0, 3, 0, 0, 0, 0, 0, 2, 0, 0, 0","21959, 25253, 65101, 29817, 40000, 50000, 32097, 53902, 50000, 41989, 106155, 41812, 50000, 119947, 10000, 9825, 10000, 14046, 110000, 18137, 42920, 21690, 82775, 39075, 200000, 10000, 60000, 13536","23.22, 56.82, 54.43, 41.39, 43.6, 32.66, 53.27, 49.95, 39.32, 65.91, 55.1, 65.31, 14.67, 16.8, 7.51, 9.45, 11.03, 25.04, 26.51, 61.21, 35.15, 29.29, 53.06, 26.56, 81.01, 7.9, 39.19, 8.71","1, 1, 2, 1, 1, 1, 1, 1, 1, 1, 1, 1, 1, 2, 1, 1, 1, 1, 1, 1, 1, 1, 1, 1, 1, 1, 1, 1","1656686796779, 1656768652760, 1656768684111, 1656932260256, 1657043101484, 1657107187624, 1657128352561, 1657714966317, 1657742281961, 1658158001110, 1658436335685, 1658489179843, 1658587744428, 1658771404472, 1658775144963, 1658867509240, 1659094423487, 1659178314518, 1659442133577, 1659526385303, 1659610834199, 1659610952305, 1659783704675, 1660047660980, 1660048538546, 1660067680814, 1660070598777, 1660302394694"
1229e095a6ff892910c56460ed1bf0dc353deab8ae47e6dcdd71794a59e4c853,Non-Logged,1,8de2daf8-256c-46e6-8b08-a62f330b992e,1660380719745,129,209437,35.6,9,1660380719745
668e47300d292e7b932810ce2ca735757fb9750ddc52d5d796e17b21bcf69a64,Logged,125,"edf58114-c7ab-4675-8af0-a74074f0f865, 190930d6-37c4-4c5d-a9a6-cc496c9994f1, 68bcd037-cf0e-4a5f-899b-79d97ce2827a, 6d2b48fe-1ada-48c9-a508-73e19e83069d, 9442c690-21b3-42bc-9e5a-f880de0fa0a8, 49aab1e9-5ba7-41b3-a2cd-3e31664b3b29, 6e54cb38-1311-46bf-b227-0894f49eac60, 922c2935-930e-4c2e-a2f4-1f62aff95be1, d5f5e1da-c3c8-49ab-b0a6-e027f3d4d724, 09d63344-3638-43e7-9f35-48a70c6153ed, 497293a1-0fa9-4bf8-bcbc-296cd11ea46b, 18633c31-9144-419f-95b7-7bbac07695c8, 7f68f65c-beeb-46a3-bb1d-c876c4efe851, d173164f-dcfc-4e32-8006-64ab44a57c66, 8c47279a-e4b9-4041-9e50-584e18af533b, d7f17a3c-3885-4b47-95a8-c4204a3698f5, 598ed114-fd5a-4d82-90d8-f1e893cb0892, a4bf2175-a4c8-4a45-a596-b08c429438bb, f89af8c4-d2e8-4761-8fbe-d32afa5baaac, fea67aeb-35a8-48b5-82ed-452eaf0bb5c3, 5fada3ca-d728-4b7b-91c0-b1352a07ada6, 69162d78-3b93-4bba-a56a-c0706d93aab7, 87c631c7-e4bc-4536-81f3-94bc6c638cfb, 34506063-8fb6-4dc7-9db8-20b440f5aefe, e4eb27bd-3130-415f-9d80-0d7e57cf874a, 44db03fa-78a8-4296-b8c6-f6aba1c995a9, 68d119b8-c9f9-4ba5-80f8-a5b048fb3c00, a57f25b5-6773-4506-89eb-033b30e3896e, 7b7ed115-6ea0-41bd-a620-d18d60c6a370, 1c4faf15-dcb3-46c3-ae9f-b79380e1d1d4, 2a9226ae-a3a7-40b5-b800-ebabe6229a29, 700d8181-ed28-48f9-b716-40c18325909a, 03954458-1f71-404b-b251-7d182b8f8dbd, a9ecf2bf-e542-4aa7-b494-20fca61f0615, 4829fff1-990b-45a4-be1a-d8b93170de7f, bbc1b096-fc04-424d-a8bb-000cdb45337c, b7f30490-0b67-4ccc-b032-1eeeb179b464, 1f32787b-de2b-49be-8c20-ddaeae34cc22, 8a1fd37d-5775-4c22-9857-1d4c177e5e26, fd1561cc-3e38-452f-8c63-333e7143bebb, 46a77a96-a628-4b51-836d-e5042d308179, ce4ab5e9-670f-4bb0-bd82-518065e62d33, c4789e51-c882-44e9-b133-2d435af16d54, 2dd15d83-5cb6-4d69-a230-11480d86bb74, aaea6abd-db02-4d0c-aca7-14cf4d1f4c3f, 7fb2b56e-64f5-4853-bd73-2210b0687c10, 5dff8fb2-73e6-4c22-a34f-c367aa2677df, df5d45f4-5d75-4f49-90ea-c71e6e56ded8, 1b4dd5fc-a0f1-4dae-b293-e671262ff3cc, f8247f99-21e6-4150-a239-8a8ae52b6e20, c19b3025-c791-4127-8c7d-73fc67784f1e, af5d32bb-ab3d-47fa-96c2-bf44680ea0f7, f4ac3eb5-e145-4685-b9e9-b61f3551aa58, ca654fa2-9d35-4c2e-8613-85576760311f, c85cb6f6-60e1-4a94-8f8f-6b436bb1d77c, 96d328b9-5da7-4389-a9ac-765e98971ab7, 7c0fd6dd-4aff-40f1-9d4e-8d6f7d4ffeba, 80bdd31c-344e-4fc4-8897-a568bb3f6847, 255a7f49-ea72-4caa-9e77-48aff4aae740, 5512feb7-1489-48ba-a78b-457c9defcc51, 4e9c2825-ff13-41ca-8e91-edd848060d19, 9cfdb560-8a40-4f59-b7b5-f2e2ba68d851, 263bf90f-b1de-408a-b23c-d345d6415fb0, 659b86b3-39a0-42f0-ab6b-873ed5ca4ac3, bc961101-dfe2-46d4-b44e-80daa300a921, 7fe849c0-4a55-429d-b480-11ee216909dd, 2d79f693-d3dd-440e-a3ef-eb2a0ff45fcb, 37dad6c5-454e-4312-9809-b7ec3efae1b3, e7d890a8-4653-4c5f-b79d-047e52e32a89, e941949f-2b52-49c9-b187-dcec6ec10119, ab468ca7-9e5a-4c56-83f9-204d34ba8bdc, b94957ca-f106-460a-b83c-35b7dc713de0, 756f1fd7-703f-4ba3-ac49-a7c9bff1b1ec, 6a83890a-d9e9-4f6b-a6c6-90d031785bbf, 4f8e6be5-c847-49f5-b770-8530cda963c5, 9220d7b6-6427-4d22-a558-a36009b9fe76, e6831cfa-ad0e-4bbb-a7e9-8c9cdfa56e9c, 1c27cf97-b20c-4e40-b1f1-288b721517b3, 795ee980-90bc-4fc3-bd0c-318c00046a42, 3aab0930-86fe-443f-8be9-806335b5ee9c, 230c8db7-2366-40de-9c3d-feee6687501a, 48d3d639-abac-4104-a04e-639c126a60e8, 92a50af6-3cf1-4a49-99b7-6b6016be6304, b9669624-edea-4e7b-9348-8edff8306141, 57615619-0c1d-41fb-8640-ccec5b3add58, e3cdb277-ad80-4025-b5de-cd98cc67d23d, d973bcc5-eb9d-4c11-8017-c88828858da4, 7d370817-4bcf-4482-9b99-2d133e8ef754, 141814bf-48d5-492e-9605-bed1b400d346, bfd7eaa8-9116-4382-b00e-afc35498dbf1, 58c69cde-570a-4558-bca6-987480110522, 03b2975b-7493-462b-a851-711ce6beb6c0, 13f2cc37-f575-44d5-b33f-045d0b0a912b, 3dfe6852-1b3f-42fe-8a82-47d86fd511fc, 5943cac5-78d3-4cae-8248-5d4cb5e8a8a2, defe8f9d-26e0-4942-8f0f-a622c9b7514f, 09092757-a6a5-49e6-b2b4-a59856c6ea81, 5c3a2afc-895f-4169-8647-7ddbcb61b539, 96aebf6e-817d-4a3d-9e21-f5357ecebab0, ca8ae152-1ebd-461c-82d0-3e4f47ad1314, 22bb0455-6973-40f3-97eb-579f6661317c, 0e69fd2a-7bf7-487b-8da0-6e41a7950fd4, 12c44ec3-3624-4c0d-990d-27c38e7a5848, f6b5d170-48b9-4f8e-88d4-c84b6668f3bd, 9ff27d67-20ee-4a86-81d0-80b3a15efd2a, 74b0e1d9-7ff2-4740-b22e-465a5d644ed7, a44a829c-4eb6-440e-9166-511ed4699882, 5f2f1833-d203-486a-ac56-665fc3767018, 84c68fc4-68d9-4987-b740-2e32d30f7069, 529a23e0-baa8-4824-9554-416ceba464ae, 38dc178a-4ddd-401f-afc6-7b0f93637811, ca35decb-6955-44b5-b2fa-eb4529c3cb5c, e384ec29-136e-4241-9321-49b367b8cbd5, 890d07b3-46a1-4fa2-9ebc-80e3d6346834, ebbefbe9-1027-4d45-a365-441e5c02b081, 9bce16f3-f844-41ad-81c3-5787a036779e, a336141a-300a-4449-875e-d3ed3772f689, 26f2f68e-8185-4b70-a0ff-c69a6dff1ccc, 9929eaae-7536-4dbb-a05d-8261c8df07e6, fd3c2179-09b0-4b2c-96a9-2d8822f28851, 35110270-e854-4d06-8e99-a8174cceb785, f94a6068-4df0-40fe-b283-4fed59dfb321, 50b21e49-56dc-4ba5-b289-a896e656c0ad, 08a27175-61cb-4462-b0cf-4f9ec2d9d9f0, 8dc2c1a3-2530-491e-a59b-563aa05793c9","1656949818111, 1657033346884, 1657033488927, 1657138956196, 1657139298767, 1657139409570, 1657565629048, 1657648311702, 1657648498169, 1657648606417, 1657648747351, 1657904647177, 1657905813883, 1657906210163, 1657908596429, 1657908726845, 1657908798116, 1657909126689, 1657909518648, 1657909954425, 1658336512143, 1658336627455, 1658336820654, 1658336983638, 1658337301145, 1658341803572, 1658342166791, 1658342653769, 1658343021508, 1658343462496, 1658514731396, 1658515203942, 1658515617589, 1658516187977, 1658516276793, 1658516546021, 1658517553719, 1658751770207, 1658751925674, 1658752088563, 1658752252797, 1658777915065, 1658777953229, 1658778123747, 1658778668453, 1658778900308, 1658778964172, 1658779069851, 1658947457475, 1658948215677, 1658948579025, 1658948864973, 1658949150355, 1658953032059, 1658953137845, 1658953476559, 1659115231032, 1659115977386, 1659383332504, 1659383483334, 1659383973391, 1659386336247, 1659386420306, 1659459156439, 1659459630217, 1659460235095, 1659460740513, 1659461171689, 1659556719447, 1659556810933, 1659557081668, 1659645465842, 1659645539815, 1659645680794, 1659723969958, 1659724006661, 1659724269023, 1659724381254, 1659724778141, 1659724948202, 1660066585870, 1660066803796, 1660067458906, 1660067762409, 1660074489873, 1660141645267, 1660141739923, 1660141806410, 1660147381667, 1660147517819, 1660148239385, 1660148453907, 1660148642647, 1660149075402, 1660149204859, 1660149486696, 1660149642732, 1660155983875, 1660156289507, 1660156673626, 1660158133711, 1660158649415, 1660158958756, 1660159559453, 1660160027982, 1660160356211, 1660160572912, 1660221719272, 1660222909508, 1660223090860, 1660240142118, 1660240538726, 1660243441072, 1660243508922, 1660245925316, 1660246616232, 1660246701216, 1660331137855, 1660331284748, 1660331775310, 1660331997213, 1660332179684, 1660332339149, 1660332594548, 1660332958534","1, 1, 0, 1, 2, 0, 5, 0, 0, 0, 0, 4, 2, 2, 1, 0, 2, 1, 4, 0, 2, 1, 1, 3, 2, 2, 2, 1, 2, 0, 0, 2, 2, 0, 1, 2, 3, 1, 1, 1, 0, 1, 0, 1, 2, 2, 1, 0, 15, 2, 3, 3, 1, 2, 2, 0, 2, 0, 1, 0, 3, 1, 2, 2, 3, 8, 1, 1, 4, 2, 1, 1, 1, 0, 0, 1, 1, 2, 1, 0, 1, 4, 2, 1, 1, 2, 0, 0, 1, 1, 0, 2, 2, 2, 6, 3, 0, 1, 4, 2, 2, 1, 1, 5, 0, 0, 1, 4, 1, 0, 1, 0, 1, 5, 0, 1, 2, 0, 3, 2, 2, 2, 1, 1, 0","110000, 139840, 140000, 190000, 127297, 65970, 160000, 90000, 22293, 84839, 13728, 290000, 210000, 136742, 126763, 56420, 210000, 389315, 432964, 180000, 112986, 190968, 100000, 200000, 110000, 360690, 389225, 230000, 250000, 120000, 53283, 250000, 380966, 53058, 266823, 210000, 80000, 100000, 80000, 161693, 298387, 36274, 70000, 330000, 229498, 61384, 60000, 150000, 230000, 190000, 180000, 282566, 144511, 103590, 265709, 136538, 300000, 75300, 148406, 140000, 100000, 81055, 107613, 210000, 254947, 503373, 140000, 260000, 89399, 170000, 80000, 71995, 90000, 50000, 28432, 130000, 110062, 180000, 166442, 29663, 214832, 320000, 200000, 373695, 80228, 100205, 57651, 10000, 133453, 268239, 30000, 120000, 180000, 97091, 278953, 153743, 120000, 140000, 190000, 170000, 120000, 198399, 350000, 270000, 130000, 100000, 240000, 250000, 179211, 60000, 150000, 320000, 85464, 230000, 110000, 82671, 60000, 51102, 310000, 140000, 178665, 70000, 231296, 200000, 140000","34.22, 78.54, 61.96, 67.51, 69.73, 33.33, 71.54, 60.57, 26.26, 52.63, 34.8, 82.66, 83.86, 49.29, 84.04, 31.99, 76.92, 86.29, 90.62, 81.02, 80.36, 85.56, 79.89, 79.73, 60.58, 87.06, 73.59, 68.4, 90.61, 75.18, 52.86, 87.96, 91.73, 71.29, 71.27, 68.16, 46.54, 83.09, 87.64, 86.28, 90.45, 30.87, 36.4, 90.08, 79.13, 61.13, 86.89, 45.75, 83.16, 68.86, 88.68, 83.35, 100.0, 81.53, 63.39, 93.16, 92.06, 65.1, 81.14, 16.29, 69.13, 86.7, 52.13, 81.98, 66.05, 95.8, 99.82, 86.7, 76.03, 83.36, 75.3, 77.31, 87.61, 48.71, 30.82, 60.12, 74.6, 74.4, 45.94, 65.86, 81.24, 84.22, 92.05, 70.78, 41.44, 67.15, 54.4, 12.45, 53.67, 67.29, 43.25, 48.22, 87.31, 60.38, 90.07, 86.03, 100.0, 84.37, 82.24, 89.69, 68.53, 100.0, 98.21, 83.83, 85.54, 66.73, 79.77, 85.81, 83.91, 52.64, 85.92, 90.74, 85.36, 72.74, 60.87, 80.94, 39.17, 48.76, 85.4, 87.53, 76.83, 89.81, 97.75, 87.88, 69.51","1, 1, 1, 1, 2, 1, 1, 1, 1, 1, 1, 1, 1, 1, 1, 1, 2, 1, 1, 1, 1, 1, 1, 1, 1, 1, 1, 1, 1, 1, 1, 1, 2, 1, 1, 1, 1, 1, 1, 1, 1, 1, 1, 1, 1, 1, 1, 1, 1, 2, 1, 1, 1, 1, 2, 1, 1, 1, 1, 1, 1, 1, 1, 1, 1, 1, 1, 1, 1, 1, 1, 1, 1, 1, 1, 1, 1, 1, 1, 1, 1, 1, 1, 1, 1, 2, 1, 1, 1, 1, 1, 1, 1, 2, 1, 1, 1, 1, 1, 1, 1, 1, 1, 1, 1, 1, 1, 1, 1, 1, 1, 1, 1, 1, 1, 1, 1, 1, 1, 1, 1, 1, 1, 1, 1","1656949818111, 1657033346884, 1657033488927, 1657138956196, 1657139298767, 1657139409570, 1657565629048, 1657648311702, 1657648498169, 1657648606417, 1657648747351, 1657904647177, 1657905813883, 1657906210163, 1657908596429, 1657908726845, 1657908798116, 1657909126689, 1657909518648, 1657909954425, 1658336512143, 1658336627455, 1658336820654, 1658336983638, 1658337301145, 1658341803572, 1658342166791, 1658342653769, 1658343021508, 1658343462496, 1658514731396, 1658515203942, 1658515617589, 1658516187977, 1658516276793, 1658516546021, 1658517553719, 1658751770207, 1658751925674, 1658752088563, 1658752252797, 1658777915065, 1658777953229, 1658778123747, 1658778668453, 1658778900308, 1658778964172, 1658779069851, 1658947457475, 1658948215677, 1658948579025, 1658948864973, 1658949150355, 1658953032059, 1658953137845, 1658953476559, 1659115231032, 1659115977386, 1659383332504, 1659383483334, 1659383973391, 1659386336247, 1659386420306, 1659459156439, 1659459630217, 1659460235095, 1659460740513, 1659461171689, 1659556719447, 1659556810933, 1659557081668, 1659645465842, 1659645539815, 1659645680794, 1659723969958, 1659724006661, 1659724269023, 1659724381254, 1659724778141, 1659724948202, 1660066585870, 1660066803796, 1660067458906, 1660067762409, 1660074489873, 1660141645267, 1660141739923, 1660141806410, 1660147381667, 1660147517819, 1660148239385, 1660148453907, 1660148642647, 1660149075402, 1660149204859, 1660149486696, 1660149642732, 1660155983875, 1660156289507, 1660156673626, 1660158133711, 1660158649415, 1660158958756, 1660159559453, 1660160027982, 1660160356211, 1660160572912, 1660221719272, 1660222909508, 1660223090860, 1660240142118, 1660240538726, 1660243441072, 1660243508922, 1660245925316, 1660246616232, 1660246701216, 1660331137855, 1660331284748, 1660331775310, 1660331997213, 1660332179684, 1660332339149, 1660332594548, 1660332958534"
67c9ce3cb392a7e5678c1934296a2031c437d7313427c5233bce9012fb138933,Logged,23,"2a9226ae-a3a7-40b5-b800-ebabe6229a29, d6d7696e-9bd3-4cb4-9cbd-9e58b9656bd4, 470ccd72-1478-4a82-9e75-ecb6f732772a, d5a4bd8e-bc31-4d47-bb10-2bf7eb7a6b12, dc5abd37-fda0-4ad8-9620-8db2b13090d5, 8956c97a-6d85-4d4b-a6f7-6d42c6be97cc, 6a83890a-d9e9-4f6b-a6c6-90d031785bbf, f712cfd4-b1f3-49ec-82c7-5f3b366a5ac3, 91cb8050-16a3-493e-b1da-da3227770040, a9c454c8-9493-4622-a499-43d20c525f81, ad42c4b0-dfb5-49fb-87bf-7b5d055b6e8e, 491b187d-d3bf-4b83-af6c-84753c8adbba, 4aa97aab-dbda-4be4-8a88-c0d7ef90536b, abf55e21-517a-4e1b-a29b-a16166f6af51, f888a2b8-5cb2-4950-a1ee-7a7ad7cbbd48, bfec08b4-841c-4e6d-9b75-b4e81e3ff649, d2593c3d-2347-40d9-948c-b6065e8459a9, 9c8465e1-65d5-44d6-817e-a8657d38fd32, 93bdd576-96b3-4f5e-b673-a377b4201f14, fd3c2179-09b0-4b2c-96a9-2d8822f28851, 1045a19a-a686-47b8-aa54-33c1063613d6, 11e99467-b34d-48e8-a24a-b12a1ff2aeef, 362d282e-5d9d-4691-86a6-21bcac0703d7","1656962258422, 1657037906924, 1657046745337, 1657132405237, 1657210129635, 1657219939704, 1657536676507, 1657740553646, 1657740655692, 1657936314021, 1657936555728, 1658188075371, 1658268324904, 1658268580687, 1658349230593, 1658349540478, 1658960489457, 1659111725589, 1659398035794, 1659405147513, 1659467061037, 1659467429800, 1660088209141","1, 0, 0, 0, 0, 1, 1, 0, 0, 2, 0, 106, 0, 0, 53, 4, 1, 0, 0, 0, 3, 1, 2","53436, 10000, 18400, 47786, 38683, 170000, 130000, 69918, 26922, 130000, 14796, 455560, 52248, 13287, 200000, 30000, 268690, 40000, 160000, 30000, 240000, 188725, 177758","13.28, 40.89, 37.98, 60.71, 59.35, 48.7, 18.06, 70.46, 41.67, 55.91, 54.3, 62.65, 46.16, 30.3, 87.34, 16.65, 69.18, 24.75, 67.41, 13.13, 86.06, 73.94, 62.94","1, 1, 1, 1, 1, 1, 1, 1, 1, 1, 1, 2, 1, 1, 1, 1, 1, 1, 1, 1, 1, 1, 1","1656962258422, 1657037906924, 1657046745337, 1657132405237, 1657210129635, 1657219939704, 1657536676507, 1657740553646, 1657740655692, 1657936314021, 1657936555728, 1658188075371, 1658268324904, 1658268580687, 1658349230593, 1658349540478, 1658960489457, 1659111725589, 1659398035794, 1659405147513, 1659467061037, 1659467429800, 1660088209141"
f17260dc8e4065d37cac42aa6a836d47d3801417aa76ca237b1917cee1cd282b,Non-Logged,27,"1e1b3876-eac3-4aab-aac9-6e9eea85d449, 23b88d14-e107-4859-9879-67f96fbbfea4, 5910a9d4-6046-453b-9ff1-d9f2d800de00, 3e0b9a1f-23cc-4b02-b639-cfe040db3b53, 2008f497-c05f-49e0-88dd-86aa1e395f15, c6ef110d-7837-47f2-84f6-cfea4da5e328, 3a5b4ef3-e295-409c-baca-e4f06e7f3a54, 533fa432-73d3-4d01-8819-0e23bdd0e8dc, 9be96883-085d-4bab-97b1-8d12f744b8ae, 886317fa-cdaa-4d94-b108-d16ad1421678, 5a8c0d96-e126-4472-bc01-e581564c6575, 3230374d-3227-480f-8aad-be40e7918a89, ae3ea2eb-2d87-4380-983e-77072492ea63, 785e6e9f-69e6-416f-b6a2-2b7d13426a75, 4d16a079-ca73-4bb6-b6ce-872bdddf1aa4, e99b4112-0808-4d93-98da-338a6cf41799, 58e91db3-1c1d-47c4-9d34-47930f1ef1fc, 307bba87-30fe-4293-b54b-59cc60bf09d6, 6f24ab1a-0b23-438a-ba50-ce1d063918d6, 48a9a65e-469b-461d-938b-9e7f4f1c7b67, 6a83890a-d9e9-4f6b-a6c6-90d031785bbf, 2ad4930b-bd99-4884-9c07-12cc46f53417, 82300f19-f8fe-49b2-b5b4-f1ac144a369e, 0ca6238e-51b3-4d82-b50a-c6756934370b, f4c02139-4b4f-4da6-975d-6ffeb91a3bb6, 1895da08-305e-4b72-a106-e1f98bb40411, 3513016c-362a-4964-9e26-19714e9e4b61","1658939056269, 1658939412122, 1658939879923, 1658940477135, 1659021762280, 1659022052822, 1659022312924, 1659392004991, 1659392209527, 1659555829219, 1659623409906, 1659624093929, 1659624249725, 1659624529143, 1659625401026, 1659703155457, 1659705174457, 1660155943046, 1660156308670, 1660156684891, 1660158605968, 1660158844318, 1660159041337, 1660246621410, 1660311090927, 1660311350649, 1660312345057","0, 0, 0, 2, 1, 0, 0, 0, 0, 0, 0, 3, 1, 3, 1, 1, 0, 0, 1, 0, 1, 0, 0, 1, 0, 0, 0","110000, 140000, 50000, 165168, 280976, 102197, 230000, 56360, 76212, 82173, 50000, 80000, 110000, 230000, 111313, 60000, 253136, 258983, 273803, 83140, 209179, 50000, 70000, 100000, 60000, 50000, 80000","64.57, 65.01, 28.75, 66.77, 87.23, 65.15, 72.98, 51.38, 52.59, 43.47, 41.47, 75.22, 29.03, 74.52, 70.89, 10.17, 60.4, 61.04, 47.02, 47.55, 72.17, 55.62, 44.35, 83.51, 31.42, 46.0, 48.5","1, 1, 1, 1, 1, 1, 1, 1, 1, 1, 1, 1, 1, 1, 1, 1, 1, 1, 1, 1, 2, 1, 1, 1, 1, 1, 1","1658939056269, 1658939412122, 1658939879923, 1658940477135, 1659021762280, 1659022052822, 1659022312924, 1659392004991, 1659392209527, 1659555829219, 1659623409906, 1659624093929, 1659624249725, 1659624529143, 1659625401026, 1659703155457, 1659705174457, 1660155943046, 1660156308670, 1660156684891, 1660158605968, 1660158844318, 1660159041337, 1660246621410, 1660311090927, 1660311350649, 1660312345057"
1edd905fbfdde0723e7ef43208712e2a8a7c06ad4e320abf20d1e0d4d78cb598,Logged,11,"426e9777-7ad8-4b0f-98f4-48e8ee96ace5, 87c631c7-e4bc-4536-81f3-94bc6c638cfb, b7f30490-0b67-4ccc-b032-1eeeb179b464, 28f15fa4-289a-4d5f-b817-c26c8f664333, e4b31b93-9ee8-4754-a18a-88192298a160, 0bb40597-81c0-4f33-a36e-47c6e22ccf8a, f8d20c00-6149-4500-8f77-dd6ba0d1c245, a36c98b5-f159-48f8-9f5a-1fc6ea9956c8, db037f57-5594-47e8-a523-076c8c83914c, 47874b53-ac2e-4ccc-ad5b-6b2669d59340, 37c56d52-c47f-4584-8f24-3aae138c490f","1658968151102, 1659276960709, 1659371219650, 1659885397444, 1659913621723, 1659913628059, 1659996719153, 1659996788210, 1660088616372, 1660241642863, 1660344295911","27, 18, 4, 12, 22, 21, 8, 48, 14, 14, 19","95934, 68191, 20000, 61105, 63015, 53081, 21676, 195567, 37029, 56748, 55376","51.88, 53.79, 39.99, 45.52, 57.6, 39.31, 41.32, 59.3, 31.65, 24.35, 40.23","1, 1, 1, 1, 1, 1, 1, 1, 1, 1, 1","1658968151102, 1659276960709, 1659371219650, 1659885397444, 1659913621723, 1659913628059, 1659996719153, 1659996788210, 1660088616372, 1660241642863, 1660344295911"
f4c2c79c8b3dbf8a2230d57712a25cdd68535f526bc785521365e9f433fec758,Logged,13,"f6dca784-94a6-41d4-a19d-928f0514737e, df167968-53c1-414c-8316-355974094890, 793872b1-7f7c-43a1-818d-aef4602064ed, 465a2a0b-83f2-4cf0-bd9f-d469184a0093, a8bafea6-0852-4616-a198-d8654722ffd1, 7f39fa6d-048c-4818-bb44-0d50dc6bf6d0, b3984824-9eea-4ad9-ae37-b07782ecc313, ff26f5dd-71d1-4364-940b-8647e048a209, 61e07f64-cddf-46f2-b50c-ea0a39c22050, 7ed05c33-43fa-4b84-8c90-aaddc950fc00, e3f6e172-5893-4a65-abb5-4adfc2ae2685, 855d20b7-53f2-4678-a10f-55402d085018, 037155f4-4db8-4f07-8d0a-3e559605b8ad","1656930079222, 1656932501119, 1656932700712, 1656942142997, 1657279771425, 1657279954397, 1657799583825, 1657799835299, 1658106235063, 1658171130896, 1658195926885, 1658758770541, 1658785666814","7, 24, 56, 0, 19, 15, 17, 0, 8, 8, 9, 0, 0","50000, 130000, 140000, 31804, 181714, 130000, 130000, 13092, 70000, 55458, 70000, 110000, 40000","14.97, 86.88, 44.4, 27.48, 79.81, 58.1, 56.87, 9.39, 35.31, 62.06, 54.88, 39.09, 20.54","1, 1, 1, 1, 1, 1, 1, 1, 1, 1, 1, 1, 1","1656930079222, 1656932501119, 1656932700712, 1656942142997, 1657279771425, 1657279954397, 1657799583825, 1657799835299, 1658106235063, 1658171130896, 1658195926885, 1658758770541, 1658785666814"
aafa1015a208fd7a2d163768840c79a335df6485999107a282fac9046815db2d,Logged,58,"fbad3d63-c108-4dc6-94df-319bc38f92b1, 029d76e1-04f7-47cd-9a02-5ff90e180886, fd900721-dd4b-4a1a-98b8-c92637b911a1, 6b03f636-a087-42d6-948c-bf8a2b2e5934, 44fdcedf-e9ae-4748-8ab3-0cdb466672a6, 49ed0fc3-48d7-4d58-af2f-1d6e3b002a1d, a7dcf97f-4fb4-4f3e-bdc6-e99e35377e51, ce2d54f7-3ac4-411c-80a2-8f50ddc60c42, 3dbf2a69-e7a8-4cb4-b730-ccc4175cfb4f, c29cae71-9516-4e22-a307-1e4d6e37b415, 3a913950-9482-46e0-8d38-8402ab0df107, 02c747b4-e0db-4b6e-91f5-275a08ee18b3, df702a52-ecc9-455c-aece-35f4fc709cdd, 45f520e1-7386-485d-ab00-02a2330e2e60, e3e1cde5-cd0a-4ad4-9b8b-43109f49f99d, 47d929a1-58ef-4fe7-9ef6-4174bbdc13fe, bb9c2d18-6545-4aa5-96ec-731e0ef1ae52, 57e36394-be28-4f5e-a50c-754d37d97cdb, 2947a493-d7a4-442a-acc1-a59d2dab3863, 078899c5-fa05-4121-a111-6bde71945436, 82206221-05a0-4f89-aa10-e8c8dc0cc418, 8a540f4e-a5dc-4e45-85cf-817fd43e5c9b, 5bc2e357-a3c5-41a3-9ea1-bbb2b54a056c, 63060f8a-6c84-4222-94ca-20a5ab8c5661, 58456048-b8d7-4415-8881-e0bfbff83e24, d92ebcf3-805c-4a64-8c36-032d1095edc6, 784e0e92-1bf1-4ffc-9230-7cabe1b49abd, 7aa7304d-1e8c-47f0-85be-8dd285e93fe6, 7dad7d73-a246-4359-912c-877c6a0939d6, ec83a48c-c2bb-4d51-a1c3-9ebb695434dc, c31a8e2f-87b1-4e31-9518-df6f93a8541d, 7594da99-d606-4338-a373-710a7dec776a, 80aa7bb2-adce-4a55-9711-912c407927a1, 8f3d661a-9a9d-4080-baf0-422014067d7e, 7bac1bfc-0cb4-4ef9-9fad-355b5f643693, d582aa0b-915a-4db8-a4c7-5b76f048a5de, 2735cfa2-1e87-4f5d-85ad-72aac99ff0da, f8145eec-1eef-4009-ad1c-2668157ae9a1, af0941ee-a164-46e9-a3bc-218665b6a382, fb96b132-fcde-46cc-86ef-000cb250c361, c58c95ca-00cf-432d-825c-3ba464deb28c, c2bdb566-5843-4556-8a1c-8a946b3de803, a9853f97-ed69-4114-9e3c-4a2efee08ee5, 01e42cae-a823-4e78-88a2-c6c8704ea4f1, c7266e43-54f2-4c60-b2cf-0c618c8b249e, dc3657aa-1543-480a-824c-307221ab423b, afeb9e42-0e4e-448f-9c89-064f147910b1, d00b6001-f402-4d3b-a79d-253c99d821bb, 25f36df5-87b8-4987-afc8-5c050817e7e6, 3f54a74a-cf6b-42ae-b372-b3e26e57afba, 727b8afd-0c30-4115-bbcf-cdc764c07897, 28f31b3e-ccb3-4470-bd88-d9d2fdb0bc96, b4a5680b-d0e1-4260-bc54-82fbe328d3a0, 3122a8bb-0c1d-4d38-91fa-299afb8f532e, 13812197-9c5a-4add-8167-6f4da9e1bcf1, 17c71f02-b0c0-4af2-817e-2e6510e04822, 3ff8ed90-614d-4f0e-8492-eab80c947e91, 7019c364-2541-4660-8448-c13265e97558","1657558533314, 1659007652318, 1659023457510, 1659101770728, 1659184874750, 1659356432143, 1659357147938, 1659357345247, 1659358699749, 1659438887237, 1659438943040, 1659438976438, 1659439034017, 1659442109406, 1659455055661, 1659522220073, 1659522268870, 1659538921399, 1659552272099, 1659552389806, 1659552481791, 1659552829185, 1659553062694, 1659611759341, 1659611878602, 1659617242238, 1659694844351, 1659694893248, 1659694942441, 1659706246799, 1659713350447, 1659745927198, 1659752725476, 1659754234145, 1659953647731, 1659971157859, 1660041814796, 1660042513997, 1660069738864, 1660070423233, 1660071970543, 1660136202270, 1660212721683, 1660219880686, 1660240103837, 1660242538336, 1660321991706, 1660344359337, 1660344413427, 1660389866448, 1660392507192, 1660400821090, 1660440645413, 1660441474269, 1660441701314, 1660441965564, 1660483829826, 1660488577144","1, 1, 0, 0, 0, 4, 1, 1, 2, 2, 0, 0, 0, 0, 0, 4, 0, 0, 2, 1, 5, 1, 0, 1, 0, 2, 1, 0, 0, 6, 0, 0, 0, 0, 0, 0, 0, 6, 1, 0, 0, 4, 0, 0, 0, 5, 0, 0, 1, 0, 0, 0, 0, 0, 0, 0, 0, 0","80000, 20030, 30000, 30000, 20000, 281506, 79213, 70000, 80000, 63595, 28751, 33209, 80894, 30816, 12401, 14378, 50004, 13034, 130306, 44382, 210000, 62458, 100000, 40000, 80000, 67537, 38998, 21123, 14251, 201549, 18855, 40000, 40000, 123921, 77672, 37774, 34735, 270000, 89900, 13998, 49258, 50000, 120000, 50000, 75767, 41081, 50000, 11985, 30000, 5203, 35750, 47523, 40000, 40000, 10000, 50000, 10000, 37239","39.39, 30.98, 36.77, 12.63, 21.1, 31.93, 82.79, 40.95, 19.51, 55.05, 68.94, 58.89, 58.37, 28.17, 43.05, 14.01, 18.34, 42.94, 38.06, 35.36, 57.9, 38.35, 60.95, 14.37, 30.91, 75.69, 29.73, 22.35, 19.96, 34.79, 9.14, 30.66, 41.1, 42.86, 43.85, 13.1, 16.75, 43.2, 51.12, 53.3, 46.77, 48.8, 36.16, 15.62, 26.58, 33.69, 38.17, 28.31, 17.5, 7.16, 51.6, 45.97, 23.1, 14.15, 16.33, 19.48, 9.25, 21.37","1, 1, 1, 1, 1, 4, 1, 1, 1, 2, 1, 1, 2, 1, 1, 1, 2, 1, 2, 2, 2, 1, 1, 1, 1, 2, 1, 1, 1, 5, 2, 1, 1, 1, 1, 2, 1, 2, 3, 1, 1, 1, 2, 2, 1, 3, 1, 1, 1, 1, 1, 1, 1, 1, 1, 1, 1, 1","1657558533314, 1659007652318, 1659023457510, 1659101770728, 1659184874750, 1659356432143, 1659357147938, 1659357345247, 1659358699749, 1659438887237, 1659438943040, 1659438976438, 1659439034017, 1659442109406, 1659455055661, 1659522220073, 1659522268870, 1659538921399, 1659552272099, 1659552389806, 1659552481791, 1659552829185, 1659553062694, 1659611759341, 1659611878602, 1659617242238, 1659694844351, 1659694893248, 1659694942441, 1659706246799, 1659713350447, 1659745927198, 1659752725476, 1659754234145, 1659953647731, 1659971157859, 1660041814796, 1660042513997, 1660069738864, 1660070423233, 1660071970543, 1660136202270, 1660212721683, 1660219880686, 1660240103837, 1660242538336, 1660321991706, 1660344359337, 1660344413427, 1660389866448, 1660392507192, 1660400821090, 1660440645413, 1660441474269, 1660441701314, 1660441965564, 1660483829826, 1660488577144"
5d750e02184bd011d49cb5c9c1565ff684554ff0ce588c820e18b3b2e78a30ef,Non-Logged,1,878bb9dc-abba-4e51-89df-36c292eff71e,1659090606727,46,130000,31.86,3,1659090606727
22229063b4aa1df6cda7680a6fc3622c9de3796a1466a8702b3b8fa4e0a11d19,Logged,8,"c9f74013-0afa-42f2-80c8-7188ec514cce, 50028008-aa11-4519-9d75-452c84dd27fb, 230d19cf-28f8-459a-ad3a-da60aa640639, b80450c6-2099-4c59-b311-9fe733104de9, 45a4ed6e-4f6e-4fd4-8997-864b3a68c85c, ae6ab95e-0c43-4be4-8748-3eef5711fd10, 5b90df37-0b8b-44d6-abdb-6fad31217c26, 240d3a80-2c1d-4741-8f21-1471ff593092","1656980339338, 1657635383909, 1657639897238, 1658506758613, 1659555590875, 1659626047988, 1659992013070, 1660358708536","0, 15, 41, 39, 18, 50, 11, 74","10000, 50000, 47564, 119976, 41906, 85745, 40436, 170599","7.46, 31.97, 36.67, 24.32, 32.04, 35.66, 79.31, 59.14","1, 1, 1, 2, 1, 1, 1, 1","1656980339338, 1657635383909, 1657639897238, 1658506758613, 1659555590875, 1659626047988, 1659992013070, 1660358708536"
d1140371c6b76e1d133b5b3cb540419a6c7c03713c59e080d76de2cedce1c65b,Non-Logged,37,"2ed69f85-5012-492f-9f29-3fc0f3acfc45, 05cbbf30-51f0-46b6-b7ca-fd1cc7269a2f, 68bcd037-cf0e-4a5f-899b-79d97ce2827a, 83ebda93-e1cf-422d-ae6b-18298c55ed8e, 9fedc28f-b68e-4bd7-b97e-778e1e8f6274, abcd99d4-7221-4d4c-84ee-2d36f904731e, 27927a8f-0869-4b87-b9ee-20865df5348b, e2a81417-e811-46a4-b26e-f77c1c836046, d749983b-584c-4731-91d3-e74e7287b3b4, 69b7551f-431d-4d75-8685-07ae2626f2ac, 56005a1c-8601-453c-8034-2a6c9b232e8b, 139c9e4d-b7eb-43d0-b2fc-1cb230f0adc8, 9c078ceb-5232-4adb-8474-f629ca1edcdd, b6b54b9c-12fe-4068-a818-850ef5ab2332, b3aa822f-fc30-4198-b484-e5d29f94641d, a41cc789-d64d-4d8d-9543-2628ff1a4d88, 975a23ca-3302-49d0-83bf-5fd1076b2558, 9eb42e23-6f0c-489d-849a-694eda70ee23, 03b2975b-7493-462b-a851-711ce6beb6c0, 77dff2e3-1436-4612-95bf-ad95275993ca, d3ff7632-465e-41d1-80e9-cbe0c32b0bcb, 1dc0c4a8-0e13-454d-b3cc-16181bdf727d, 750bf772-2e34-4d04-96f9-5d7b837b9180, 548af81a-e754-4704-b9dd-842f4904d40c, 54cb252a-78b5-463d-b31f-f54f63d85a29, ddde55da-305a-4790-ac49-56b538855488, e30c84b4-e76d-4606-aa9f-61819c8baec3, 5b82930f-fdd7-4e5e-b720-8b1b8eb709d8, 37d71aad-54ab-49ea-a230-436464c9a1e5, 331e9697-e660-475c-9635-0225715d5ecd, 89e19170-9ad6-4a7d-afbf-1721b2fae186, 4c63d7cd-4902-4ffb-9b94-578b1b2151f0, a5079540-8809-4ae4-9ea1-2871500fea2e, c2ae69a6-07a4-42e0-9c00-e642cb97b2ff, 12703a30-6e55-4820-aaa4-1f77d1fc8519, 3b0b8c9f-f110-4150-8dad-1010dd6d832b, b572f38f-9b7b-4259-8b10-9928b77b36ed","1657107808183, 1657107819585, 1657107833345, 1657279405092, 1657279509302, 1657279516388, 1657279523537, 1657626086917, 1657661936542, 1657661941029, 1657661951045, 1657661953392, 1657661968264, 1657722498990, 1657722594973, 1658405182882, 1658405199654, 1658405203074, 1658509029032, 1658509039173, 1658509042825, 1658509098325, 1658509137083, 1658509419392, 1658834899271, 1659006333808, 1659006343311, 1659098832735, 1659112412255, 1659525517513, 1659539901778, 1660043514570, 1660316717346, 1660335747093, 1660335760072, 1660335766597, 1660335781159","0, 0, 0, 0, 0, 0, 0, 0, 1, 0, 0, 0, 0, 0, 0, 0, 0, 0, 0, 0, 1, 0, 0, 0, 0, 0, 0, 0, 0, 0, 0, 0, 0, 0, 0, 0, 0","78510, 114730, 10564, 10000, 17904, 63746, 123132, 183208, 13389, 57877, 36433, 6506, 16912, 12178, 23721, 88829, 40911, 35942, 50000, 15272, 41311, 60163, 30000, 23571, 189993, 41989, 56522, 10000, 60000, 20761, 14855, 118643, 33923, 53090, 61173, 140000, 40052","52.41, 48.25, 19.22, 12.76, 20.9, 18.09, 63.44, 75.44, 16.59, 53.71, 49.1, 8.43, 23.28, 11.96, 34.88, 38.84, 65.76, 35.76, 28.61, 24.81, 25.45, 42.64, 15.23, 37.84, 60.05, 48.91, 41.32, 8.06, 35.55, 18.76, 12.76, 40.39, 18.66, 42.21, 58.22, 19.77, 34.76","1, 1, 1, 1, 1, 1, 1, 1, 1, 1, 1, 1, 1, 1, 1, 1, 1, 1, 1, 1, 1, 1, 1, 1, 1, 1, 1, 1, 1, 1, 1, 1, 1, 1, 1, 1, 1","1657107808183, 1657107819585, 1657107833345, 1657279405092, 1657279509302, 1657279516388, 1657279523537, 1657626086917, 1657661936542, 1657661941029, 1657661951045, 1657661953392, 1657661968264, 1657722498990, 1657722594973, 1658405182882, 1658405199654, 1658405203074, 1658509029032, 1658509039173, 1658509042825, 1658509098325, 1658509137083, 1658509419392, 1658834899271, 1659006333808, 1659006343311, 1659098832735, 1659112412255, 1659525517513, 1659539901778, 1660043514570, 1660316717346, 1660335747093, 1660335760072, 1660335766597, 1660335781159"
db6e4c8e658d5c8d088c866c04351463282c47c2a3c544a181cc00bf61d7f35e,Logged,64,"109adb08-8ff3-408b-b828-e16b51788202, c9f74013-0afa-42f2-80c8-7188ec514cce, 6e7e25e8-16ec-4990-af54-e4fbff9501ee, c44af7c6-88e9-4ce2-81d6-7b8adc4e085b, 7c597d02-aab9-4326-8a8a-e92987dae011, 50028008-aa11-4519-9d75-452c84dd27fb, b5f038eb-5c86-4286-aebe-e779020fe699, e3d821f2-fa77-4121-925f-9200f8c9d780, 58ef692e-0974-471c-ad6d-8793f28bc948, 5bf8b3a3-3916-40ca-8672-a9f3df311825, a45aac2a-b9f5-4c14-8030-9ccdc4ad9d04, 3215d22a-724d-49c9-ba70-0ba31df4949b, 3ac9251a-05b0-4ee5-88ba-afe022c03488, 33b8607c-f4aa-4379-a18d-f7dddd2dd52e, eb6c7d28-8b8b-4be2-9ac6-906782ce8751, 6b6635bb-d15a-4698-97b2-f3f25be0d019, 7b056bf6-c232-46bd-8903-59145ff7ce46, 60d611ba-5bdf-41f3-b1cf-0f712879397a, bf915bcb-9984-4c75-b383-d61cef6f40c7, 6a83890a-d9e9-4f6b-a6c6-90d031785bbf, 1dfc719d-df8e-4dbf-b318-ab17cadb187b, d8ab72b2-7618-48b6-839f-e80cecbba5ff, bf80e216-b707-465b-b7aa-45469241ae47, e5bb9c00-ea4b-40f5-a160-37b7ca979783, 750ec729-cd61-4227-85fe-a1e0ebbf7d50, 4e986ba0-ca6f-479f-979c-a111d0a2b7dc, bf655c3c-7775-4624-8db1-b17b6b3c5e11, 13f2cc37-f575-44d5-b33f-045d0b0a912b, 58c69cde-570a-4558-bca6-987480110522, 9659f9a7-c6b6-4772-9b59-7c085d3051de, e8996ce4-d34d-4b62-ba8a-f278839c316f, 15281e10-e6bc-48bc-9b1b-94402f83699b, 8458c0c6-5e5d-4e50-a5f9-6aea23ac3ff8, e4868445-834a-40b9-a2e2-97b367e58cb0, b5d2b77c-c780-4f35-abe6-9dad5fb55a4d, 251269d5-3194-4fa1-a62d-fab4971dcbaf, 1321a7ad-20a7-4690-ab79-f8de41483008, 35b75714-6aed-44bf-9a87-1d8054d5be98, 95446444-dbd0-4db8-ab51-887423ed1d5e, c8076546-9d0c-4e15-9143-47bba45b22e9, 0e732efb-2e1b-46e6-8108-813531287e2c, f399b893-e696-4f8a-9dbe-e49fdecddfa0, 02953bf6-d721-47d9-a2de-f01114449756, dcb30d99-7848-43dc-97ab-6a87cc03444a, 61e07f64-cddf-46f2-b50c-ea0a39c22050, bf44b8ea-c737-4eec-a51b-01006202f303, dd4d0068-ae1b-4e78-a7e5-7e8c2a4a5615, 1c61d92c-9d97-4cd7-8af8-633d552cee4d, 106e6c31-5aa8-4d21-8d76-2fd90d35dba1, 4ca74979-8c36-4d7b-b2b9-aaadd6450989, 8db59e19-e2ce-4348-9a7b-3293e441d624, e2f2e651-177b-4497-84cb-36de7166b0da, ff206a3e-400e-4530-8cec-9d3b7de2620b, 736586e4-17cc-47bb-aa30-8bcd6315cc52, c309c7aa-b438-416a-b3a2-bd433614c6ab, a2babfaf-52b1-4c49-8f68-46b76d78963a, a29ef3a1-9579-45fb-af06-b2c9850ac199, 8e0884e2-50ba-44c0-87b9-d64d913288af, 459f476b-38b2-4190-be16-45a8c046ac06, 0160aeaf-39aa-4058-b18f-e9749adf0791, 1a3641be-fa6a-4d72-a5eb-9069686a88ee, 42fb9402-672d-4768-8d2f-03ea257150a0, 63184fb3-aa23-4764-96e6-434bd0d7ffef, 97ac6c4c-5b3d-4e36-9816-0791226573e5","1656678297193, 1656686540274, 1656786081040, 1656876199140, 1656876835728, 1656883784053, 1656896512402, 1656896851966, 1656896987974, 1656931352107, 1656990617933, 1657012835695, 1657096035098, 1657097140653, 1657097264884, 1657213477333, 1657217973178, 1657218183683, 1657276032683, 1657276070111, 1657291323692, 1657362812211, 1657453211534, 1657709700122, 1657718042068, 1657733499934, 1657899733189, 1657902599615, 1657902691947, 1658067053720, 1658106845824, 1658139865166, 1658170842684, 1658310148787, 1658352120651, 1658423302340, 1658479731896, 1658480203461, 1658480705729, 1658511216874, 1658569027003, 1658759837656, 1658924049790, 1658950932755, 1658950994282, 1659273549723, 1659324251388, 1659324521536, 1659355962193, 1659361670200, 1659435114239, 1659528124586, 1659566478253, 1659658784034, 1659671187768, 1659805067072, 1659805211328, 1659876572233, 1659982320345, 1660015324550, 1660261821202, 1660382634326, 1660385414361, 1660482539823","65, 0, 85, 21, 26, 21, 0, 0, 0, 25, 37, 9, 31, 31, 54, 0, 57, 6, 7, 67, 42, 62, 22, 15, 0, 0, 0, 39, 4, 48, 23, 37, 18, 31, 1, 27, 103, 163, 57, 3, 60, 39, 31, 1, 0, 16, 34, 36, 34, 33, 15, 26, 1, 60, 53, 34, 5, 29, 44, 37, 0, 31, 22, 204","160000, 210841, 272364, 37254, 90000, 90000, 40000, 118439, 49657, 110000, 61117, 20000, 228551, 75206, 189110, 143169, 199161, 10199, 12773, 220014, 100000, 205003, 70000, 72063, 141979, 40000, 40092, 84164, 39471, 110000, 80000, 188309, 81778, 57601, 120823, 113753, 414210, 491519, 160622, 30000, 137135, 67534, 92516, 58691, 170000, 30000, 71987, 221919, 103669, 190000, 50000, 70000, 254155, 159271, 125786, 133465, 10127, 90000, 100000, 135779, 47324, 90000, 60000, 580000","51.04, 89.75, 92.69, 38.82, 42.34, 53.83, 27.64, 74.89, 46.24, 38.07, 45.53, 27.09, 71.64, 58.62, 68.66, 96.98, 86.77, 29.5, 58.78, 61.04, 55.09, 100.0, 70.07, 34.74, 57.84, 28.56, 60.93, 85.3, 25.42, 32.06, 67.0, 57.19, 72.0, 34.17, 77.23, 48.11, 47.24, 92.22, 70.36, 36.89, 75.1, 51.22, 31.92, 71.95, 71.88, 35.14, 68.1, 81.64, 59.82, 81.07, 63.08, 37.1, 45.77, 55.61, 74.63, 74.66, 29.89, 42.71, 58.24, 80.63, 38.64, 37.0, 75.77, 98.89","1, 1, 1, 1, 1, 1, 1, 1, 1, 1, 1, 1, 1, 1, 1, 1, 1, 1, 1, 1, 1, 1, 1, 1, 1, 1, 1, 1, 1, 1, 1, 1, 1, 1, 1, 1, 1, 1, 1, 1, 1, 1, 1, 1, 1, 1, 1, 1, 1, 1, 1, 1, 1, 1, 1, 1, 1, 1, 1, 1, 1, 1, 1, 1","1656678297193, 1656686540274, 1656786081040, 1656876199140, 1656876835728, 1656883784053, 1656896512402, 1656896851966, 1656896987974, 1656931352107, 1656990617933, 1657012835695, 1657096035098, 1657097140653, 1657097264884, 1657213477333, 1657217973178, 1657218183683, 1657276032683, 1657276070111, 1657291323692, 1657362812211, 1657453211534, 1657709700122, 1657718042068, 1657733499934, 1657899733189, 1657902599615, 1657902691947, 1658067053720, 1658106845824, 1658139865166, 1658170842684, 1658310148787, 1658352120651, 1658423302340, 1658479731896, 1658480203461, 1658480705729, 1658511216874, 1658569027003, 1658759837656, 1658924049790, 1658950932755, 1658950994282, 1659273549723, 1659324251388, 1659324521536, 1659355962193, 1659361670200, 1659435114239, 1659528124586, 1659566478253, 1659658784034, 1659671187768, 1659805067072, 1659805211328, 1659876572233, 1659982320345, 1660015324550, 1660261821202, 1660382634326, 1660385414361, 1660482539823"
4ec4b1bbf96f1cf536650baefd1654a008d6a946c1b5e1000b0ee699ba73bf57,Non-Logged,82,"7caf0079-a39e-4f7d-9d5b-7f8d8a625f2f, 5728a8d1-005e-49fc-b627-d6244c0c9f28, 99c4a6d3-41f3-4bf0-bfba-a419e0e621f8, b7f30490-0b67-4ccc-b032-1eeeb179b464, bbc1b096-fc04-424d-a8bb-000cdb45337c, 6e5ae05a-ccc9-4384-85b8-9fa1d871ba1b, c985fb91-4f32-4944-92a7-b8088933fcf1, 31b4ea4e-3092-4571-b7b5-316bdb4f75fa, e4b31b93-9ee8-4754-a18a-88192298a160, 21532265-cfd0-4301-a58d-dd615d0189d6, 470bac7a-d454-43c7-b36d-7b075b7f353b, c31953bb-c126-47ad-9112-d82f8776db2e, 064b539b-a4cd-4781-b97f-9e9859ce15f7, b45946c1-035c-4d85-b327-b8ee7f4fa3e7, dd51da73-e948-4f9d-857a-123712fe67d7, e5079969-835f-41cf-862d-787721226f99, bf257382-74fb-4392-ad6a-143240e39f81, 61e5c9d9-f22a-4993-9062-7bcff41a8b8d, f8f52df6-0dbc-44e1-8ea5-78a61c209ed3, ae3ea2eb-2d87-4380-983e-77072492ea63, e5b31e24-1bfe-49d5-a0b2-8af464411fda, 99566c41-bd03-4b37-9ed7-4ba3485e7de5, 1fd81f89-cca7-4122-8749-db21b14c25b1, 9632cd44-117f-4e83-b575-6a65bf9dfd74, 4d89c4b6-6827-4935-9ba1-0502025af270, 4e9c2825-ff13-41ca-8e91-edd848060d19, 7fe849c0-4a55-429d-b480-11ee216909dd, 78154e46-5198-47ef-859d-42d75fc357ca, 836d1a8c-ab50-4c67-93e9-18eca927e031, 882e7c95-935a-4eab-9ece-f85f5f7d0f4e, 09430240-0596-4b14-a609-7a05c7fa529b, 6a83890a-d9e9-4f6b-a6c6-90d031785bbf, a6e7224d-da3e-468f-bc51-26331659e06a, 3936f6c7-3f6c-4205-8cda-3178160b6cd4, f4b9eb2c-5b14-4bea-8281-231355e612e7, 9d3a872f-51cc-46ca-8e01-e57a0a918801, 4b9914f1-be96-41f3-978f-3a8bc479846d, c307cda0-19e2-4e7b-bd7b-65db51e2767f, 1c27cf97-b20c-4e40-b1f1-288b721517b3, 73151e02-dd2a-4509-968e-b9c16ec1c5db, 325adb91-50bb-4286-86e2-c32673285673, 57615619-0c1d-41fb-8640-ccec5b3add58, 795ee980-90bc-4fc3-bd0c-318c00046a42, b954a1b6-d613-4012-8bb5-d60ffb9e94e6, f4e179e7-d4d2-416f-8997-51f421bcab2d, 750ec729-cd61-4227-85fe-a1e0ebbf7d50, 141814bf-48d5-492e-9605-bed1b400d346, b6b54b9c-12fe-4068-a818-850ef5ab2332, 2a4bfbc9-f9d5-4ef5-a290-0f57b3271202, 643f886d-f3fd-4956-85da-f82c970cb33d, 4700f517-5c5d-483c-81b7-d77aca04991c, a123ce85-26b5-49e9-b551-363625ce4595, e60f86b4-d9b7-47e5-ab2b-5459dbcceccc, defe8f9d-26e0-4942-8f0f-a622c9b7514f, f6b5d170-48b9-4f8e-88d4-c84b6668f3bd, a9c454c8-9493-4622-a499-43d20c525f81, fa319820-539c-46f1-82be-9bfb4ef8ddd3, 7a01fdb1-c5c0-4833-a252-8593f91eed3d, d3f1ee4d-fc50-4e1f-af67-99bbbd2e9555, 1e3a0fb9-edfa-47c1-9e58-a505f628f930, 38dc178a-4ddd-401f-afc6-7b0f93637811, 8864af44-c4a2-4862-82de-be58579ac4f3, e384ec29-136e-4241-9321-49b367b8cbd5, a9d0d70b-f2b8-4493-b6c1-dcdf78548652, 919f29bf-d153-400c-a04a-4237f5adf116, c4fa4a10-d95c-4b41-81bb-8ad16c40b5db, 5d92add1-219e-4f10-9c1e-8d610487ab78, a4a90685-5ce6-4c6f-9fd3-0316c052bb0a, 649e4aa5-f7e4-452b-bc4c-9a8e7cca88e0, 564f0976-781b-44e7-96c8-7377097d0101, 7fb5dde8-89d3-46d0-bc8c-6399606e951c, e2cd1c23-e372-4525-8b2b-b6886428f444, bdbf6235-f421-4700-a5a9-bba9a8b51b5b, 5ef8124d-495e-4de3-af19-48c14b92dbd4, fd3c2179-09b0-4b2c-96a9-2d8822f28851, bfefef66-2e41-4fc7-abc2-1c7e5c567337, b983ec13-6581-4a89-a800-ab2bffc1fcbe, 2c132949-db27-4d46-a967-223cabc919ba, 04ba70ec-697f-4966-b985-bf97a54dcb23, 855d20b7-53f2-4678-a10f-55402d085018, e5185368-70f8-4998-a738-ca22f300da7b, 255e1677-8abb-47d5-9480-915bc1fce36c","1656678781827, 1656693804056, 1656938552898, 1656939831666, 1656967869208, 1656968191323, 1657029640590, 1657111958473, 1657128376708, 1657196862599, 1657296319212, 1657549891329, 1657628831519, 1657628914966, 1657637516723, 1657641924028, 1657716251647, 1657733198477, 1657808377138, 1657890292511, 1657904909548, 1657905120529, 1657905314982, 1657915828698, 1658147159998, 1658170353554, 1658246763986, 1658320933742, 1658321317296, 1658406466556, 1658406954126, 1658425018021, 1658435813987, 1658495288705, 1658495329319, 1658500958654, 1658506026088, 1658506129053, 1658506236887, 1658751931700, 1658756956322, 1658758598016, 1658766412174, 1658766657611, 1658777117593, 1658838867577, 1658844880596, 1658851670685, 1658868764296, 1658932531745, 1658932718542, 1658937895595, 1659024481867, 1659038933687, 1659103094120, 1659370598330, 1659447785825, 1659448280724, 1659451664513, 1659456809353, 1659534070290, 1659534374402, 1659616197113, 1659617953116, 1659638605531, 1659701898751, 1659718382425, 1659718767439, 1659961655498, 1659962031387, 1659977882243, 1659978995071, 1659979107846, 1660053323344, 1660053515895, 1660063205078, 1660071273203, 1660071446478, 1660156872132, 1660221035509, 1660223356523, 1660308159842","2, 0, 1, 1, 1, 0, 0, 1, 1, 1, 2, 0, 1, 0, 1, 2, 3, 3, 1, 1, 1, 2, 1, 0, 1, 2, 1, 1, 6, 4, 1, 1, 1, 1, 4, 1, 1, 1, 1, 1, 1, 0, 2, 2, 0, 1, 1, 1, 0, 2, 0, 1, 2, 0, 1, 1, 1, 1, 0, 1, 1, 1, 1, 0, 2, 3, 1, 2, 2, 4, 2, 1, 0, 2, 1, 1, 1, 1, 6, 1, 3, 2","150000, 70000, 270370, 312355, 200000, 55091, 90049, 110000, 40000, 54731, 90000, 108509, 25974, 50000, 160000, 138394, 249504, 70946, 39897, 306076, 110000, 191890, 13585, 48730, 170000, 588272, 140000, 100000, 220000, 428271, 190000, 50000, 170000, 38909, 160000, 151113, 101154, 84278, 296894, 270000, 326864, 9039, 243193, 212885, 111364, 150000, 170000, 220000, 150000, 166758, 369817, 370000, 90000, 19681, 289696, 130000, 170000, 18979, 10000, 100000, 138501, 332380, 191171, 8947, 150000, 460000, 101080, 120000, 190000, 190000, 280000, 110418, 184105, 190207, 71329, 88546, 170955, 380000, 240000, 130000, 200000, 150810","17.81, 91.18, 57.01, 59.16, 89.78, 87.18, 33.95, 36.11, 24.03, 29.49, 51.13, 36.03, 6.5, 25.48, 89.37, 61.83, 33.51, 63.48, 40.2, 66.19, 28.85, 81.57, 54.47, 49.62, 65.88, 62.46, 71.25, 41.6, 54.31, 85.67, 44.56, 35.65, 49.53, 14.64, 61.9, 45.67, 81.08, 52.89, 51.26, 50.7, 49.92, 16.4, 84.75, 44.68, 53.8, 38.53, 77.86, 87.94, 59.85, 41.6, 65.65, 75.32, 29.82, 25.37, 99.7, 15.6, 73.56, 28.93, 13.27, 31.74, 39.69, 90.28, 74.9, 10.71, 90.27, 75.6, 43.8, 18.95, 61.11, 42.5, 65.52, 77.83, 80.75, 77.66, 72.61, 45.18, 95.96, 64.14, 52.77, 59.69, 53.06, 47.15","1, 1, 1, 1, 1, 1, 1, 1, 1, 1, 1, 1, 1, 1, 1, 1, 1, 1, 1, 1, 1, 1, 1, 1, 1, 1, 1, 1, 1, 1, 1, 1, 1, 1, 1, 1, 1, 1, 1, 1, 1, 1, 1, 1, 1, 1, 1, 1, 1, 1, 1, 1, 1, 1, 1, 1, 1, 1, 1, 1, 1, 1, 1, 1, 1, 1, 1, 1, 1, 1, 1, 1, 1, 1, 1, 1, 1, 1, 1, 1, 1, 1","1656678781827, 1656693804056, 1656938552898, 1656939831666, 1656967869208, 1656968191323, 1657029640590, 1657111958473, 1657128376708, 1657196862599, 1657296319212, 1657549891329, 1657628831519, 1657628914966, 1657637516723, 1657641924028, 1657716251647, 1657733198477, 1657808377138, 1657890292511, 1657904909548, 1657905120529, 1657905314982, 1657915828698, 1658147159998, 1658170353554, 1658246763986, 1658320933742, 1658321317296, 1658406466556, 1658406954126, 1658425018021, 1658435813987, 1658495288705, 1658495329319, 1658500958654, 1658506026088, 1658506129053, 1658506236887, 1658751931700, 1658756956322, 1658758598016, 1658766412174, 1658766657611, 1658777117593, 1658838867577, 1658844880596, 1658851670685, 1658868764296, 1658932531745, 1658932718542, 1658937895595, 1659024481867, 1659038933687, 1659103094120, 1659370598330, 1659447785825, 1659448280724, 1659451664513, 1659456809353, 1659534070290, 1659534374402, 1659616197113, 1659617953116, 1659638605531, 1659701898751, 1659718382425, 1659718767439, 1659961655498, 1659962031387, 1659977882243, 1659978995071, 1659979107846, 1660053323344, 1660053515895, 1660063205078, 1660071273203, 1660071446478, 1660156872132, 1660221035509, 1660223356523, 1660308159842"
e0cfe0405b1331b2a59af63c17efd0fc42e9c62a18cbec2aca8131268e569eeb,Non-Logged,13,"f0a78e58-ec7e-494c-9462-fbd6446a9a89, bcb082df-30e5-44c0-926c-6172cacaaae3, 151bbffd-e13c-4700-b10f-442275071083, c370b626-8d8e-4c0e-9d06-0cf16473bd29, 7f8da92f-09e0-4fbd-8243-0e36b34e3c42, a54caffc-6ab9-408a-a0b7-c2dcffc8a537, 428e5856-af24-4ddf-adef-1795f23efcaa, 9ba99710-4508-48db-9fa7-ea759138cb1a, 562e2cff-cc6f-41e0-9bd9-b4349d555964, a29c757f-5d3f-46a2-9a5e-cd5d26989d4d, 999f8b86-8f29-44b5-942a-79d1174efb6b, 09dec828-3780-4cad-b951-ac562009874c, a068429d-71c1-4c1d-b90a-3f91a784261f","1657134506482, 1657134853812, 1657207458735, 1657814484772, 1657899774338, 1658261597564, 1659109322773, 1659116635817, 1659117424472, 1659527218465, 1659527326332, 1659556086159, 1659561478567","0, 0, 2, 1, 1, 0, 2, 0, 0, 0, 1, 0, 0","14185, 16279, 240268, 60000, 130000, 82364, 17113, 52766, 135255, 40000, 190000, 10000, 230226","56.73, 57.82, 40.08, 23.63, 53.34, 32.13, 52.95, 54.96, 33.02, 9.94, 75.03, 6.71, 24.17","1, 1, 2, 1, 1, 1, 1, 1, 1, 1, 1, 1, 1","1657134506482, 1657134853812, 1657207458735, 1657814484772, 1657899774338, 1658261597564, 1659109322773, 1659116635817, 1659117424472, 1659527218465, 1659527326332, 1659556086159, 1659561478567"
cdd7f9ad62091830b69a750477322586b2a51290fbf81099d561191b2aafb297,Non-Logged,9,"5b130381-f7e8-4ba2-9f05-96b0ea271551, 5ed587c4-9058-4cd7-b4f2-e7cb0a2fe802, 12c16275-a716-48b9-b563-38401ac5d08f, b9c4389e-4a21-49b1-9988-018b4a47544f, bd1bc41b-79a2-4b09-9ca1-b1e26805810c, d303158c-8b2c-45de-ad18-2fdf67d06397, 8642418f-15b0-4373-8f06-a61b32800368, 87a7a931-abde-4c14-8844-94051d43b03e, 8ee1f5d0-b43b-41e9-b362-a0d812b587bf","1657234136527, 1657380022301, 1657722204176, 1658322523226, 1658325888005, 1658407852137, 1658750130597, 1659028307282, 1660271050560","0, 1, 0, 0, 0, 0, 2, 0, 3","34707, 26336, 16954, 10000, 10288, 6328, 28354, 6711, 66104","46.21, 39.73, 47.81, 7.43, 32.57, 35.1, 14.49, 12.0, 79.48","1, 1, 1, 1, 1, 1, 1, 1, 2","1657234136527, 1657380022301, 1657722204176, 1658322523226, 1658325888005, 1658407852137, 1658750130597, 1659028307282, 1660271050560"
9a5fdd10b0cae7c4db8fa8354e637ffa5f41bb6a880bd2d1e01fd733313a072b,Non-Logged,20,"7413918e-cb37-47ce-9935-da41a2078e72, ff44ed65-0ef5-4473-8765-e4f48a9b00af, 696c06e7-a338-4cf5-b9c3-ea8b9e775a94, 6617d80f-c993-4baa-b099-3c29c8e69bef, 1fe771d6-45bb-4c35-b8c0-541f84d5efe8, 3554bffc-db48-4ab2-8259-9ae0050dcdb4, d18ec630-d7b7-4089-a599-6e4d2696bfde, a3eacb1e-a2c9-4762-a031-986001a6f305, e44ba1a0-9ef6-4de8-baf3-c6154cc6bc5e, 1d6d4ab0-076d-4144-a625-e67c1883e28d, 8f9dd5b4-a841-4aaa-b51d-b427f57d906e, 5f2f03fa-0128-475d-8a10-a9b284a1381b, f017a189-b367-4395-a0c3-dcb59dfd17fc, bedd73a9-5a06-44fa-bf8b-143263f39cf9, 14a45155-35e3-4e45-9da9-baa8bce4e8b1, 6492a5f1-708d-4e7c-83a0-aff2083445d9, 8739adb4-5ca3-430f-95d3-51e7137f955a, 353e6605-f011-4766-9dac-dc8f49507ae8, 07b5ae90-4161-4463-945e-41a48fdced21, 4d4723fa-2a87-4b39-a5e7-1167472a2a56","1656789120788, 1656789369561, 1656798415110, 1656798483770, 1656798646685, 1656957199723, 1656957259009, 1657456975045, 1657793503918, 1657793537816, 1657809549843, 1657809741239, 1657810271616, 1657810363733, 1657812478432, 1657983029083, 1658843402739, 1658863979766, 1659180371525, 1659185866976","3, 0, 1, 7, 1, 12, 1, 1, 4, 1, 1, 3, 2, 1, 1, 0, 2, 0, 4, 1","374633, 18516, 12448, 99507, 11744, 118993, 10000, 16802, 33969, 14453, 254258, 369690, 23112, 9220, 7711, 83826, 205616, 70000, 40000, 5782","56.48, 10.99, 42.1, 12.86, 10.79, 14.24, 17.5, 11.84, 11.0, 14.01, 54.2, 61.97, 12.0, 19.84, 11.38, 46.07, 53.52, 17.68, 11.79, 12.14","3, 1, 1, 1, 1, 4, 1, 1, 3, 1, 3, 3, 2, 1, 1, 1, 4, 1, 1, 1","1656789120788, 1656789369561, 1656798415110, 1656798483770, 1656798646685, 1656957199723, 1656957259009, 1657456975045, 1657793503918, 1657793537816, 1657809549843, 1657809741239, 1657810271616, 1657810363733, 1657812478432, 1657983029083, 1658843402739, 1658863979766, 1659180371525, 1659185866976"
c61e32eb3532ee3413b5fde46be3e9fa82d69bdb447b8e62690d76e39675c54f,Non-Logged,164,"46ea986e-d172-4f46-808e-de71d7df4834, f302e092-7b5d-4aad-8935-6181d97f6d27, f68127f6-77eb-4b0e-9f09-364fb7246c11, 0827bcb8-2126-4dab-81a1-c5bd7bd06eb2, db948f57-b6f6-4873-9287-2794fe4fd170, 5792a412-2fe5-4b9f-95d3-5794332c1f80, 5fe0f5af-da54-425c-9792-7387ef2de900, 264690df-a77c-44d4-a17f-f46098e03115, 0b2302d2-25ec-4894-a843-228133b9db8a, d0f11985-f883-452e-b817-226d924e5557, fb28b59f-01cd-4563-bd18-bb2f1cdc966d, ea90e894-b99d-4131-8f9a-5a9ef2f1d7c2, 0e4e09a8-7a88-4758-a3f2-d0dce43df4c1, 1f32787b-de2b-49be-8c20-ddaeae34cc22, 5fada3ca-d728-4b7b-91c0-b1352a07ada6, bbc1b096-fc04-424d-a8bb-000cdb45337c, 22406eff-6720-4c47-8707-42e5454f04e9, 6e5ae05a-ccc9-4384-85b8-9fa1d871ba1b, 4884082c-b54b-4857-8a14-c2e39095cd03, 31409616-4772-4a26-8277-9dbafa51b2e1, 088c31c6-df66-4125-b962-1948c6a1747f, 21532265-cfd0-4301-a58d-dd615d0189d6, b03986b4-7887-45f2-8269-a66b9d73a361, 883603aa-c0f3-4c3a-ae3d-e36e1311c9f9, 6d4717ca-8617-4486-96b9-88667704116d, 137a7b5d-d7e9-4baa-b62b-4dcd599f9470, dfde8517-4404-497f-9993-9f076db8fdcb, b182c3ed-17bd-457e-9b60-2afb6b2971f4, 7594da99-d606-4338-a373-710a7dec776a, 62c75a44-c053-4f1f-8cd7-788df09ad65b, 55455526-a0e9-40c7-94e1-08824f4e1b52, f4ac3eb5-e145-4685-b9e9-b61f3551aa58, 7b41b70c-5434-4ecf-898a-e4315641ad41, 914fe264-109c-4d4d-8f18-052785666a24, af5d32bb-ab3d-47fa-96c2-bf44680ea0f7, 230d19cf-28f8-459a-ad3a-da60aa640639, 4d16a079-ca73-4bb6-b6ce-872bdddf1aa4, 81f397cb-e2ac-4980-8152-ca33075b2d3d, 99566c41-bd03-4b37-9ed7-4ba3485e7de5, 8c37ed33-976c-4100-b831-5a776c7a6716, 707aa39a-ef6a-4e5d-9148-3ebedb686707, f8145eec-1eef-4009-ad1c-2668157ae9a1, 4c46d054-1fe0-4d63-9122-fa130fd4f728, af617145-c750-4973-81eb-a1ff00e6ed1c, e1a89c3a-1649-486f-a964-ecfb33821e77, 30fa8088-bc67-440e-b66f-6f6b42c76e45, 73ed314a-a9f3-4b76-83f1-67063a4ca520, 8f28e4d1-c4ab-4ce6-8acf-27726b061aa3, 1fd81f89-cca7-4122-8749-db21b14c25b1, 4d89c4b6-6827-4935-9ba1-0502025af270, 3148473f-bd3c-45c6-a2f6-83e667025005, c0e5b84d-ad62-441e-a50e-0d562fc15540, d5a4bd8e-bc31-4d47-bb10-2bf7eb7a6b12, b4a5680b-d0e1-4260-bc54-82fbe328d3a0, 7fe849c0-4a55-429d-b480-11ee216909dd, 60d611ba-5bdf-41f3-b1cf-0f712879397a, 3494faf6-e441-45e2-b482-b392e1bcf6f7, 8956c97a-6d85-4d4b-a6f7-6d42c6be97cc, 9d598d19-d6be-4c7e-a963-b8fedfa8f24f, 7d0ed489-9a81-409b-86c5-73867cda14a9, 364bcd6a-f729-47b3-ab40-e0b613a44861, 4498a685-2b13-430e-b488-284d2c103734, 347a01fa-6f39-49c7-9a61-72db9eca0d19, d27db1e4-e90b-40f3-8be9-5b1c6086c52a, 882e7c95-935a-4eab-9ece-f85f5f7d0f4e, 79e372d4-ef86-4d9f-91c6-a5642cb507e6, 7cff9bc6-bff7-4f2f-93fe-4fea320bfbda, 139c9e4d-b7eb-43d0-b2fc-1cb230f0adc8, 5ecc4b24-ff5d-4f8c-8449-53de3b34d213, e8c2b4c1-7a78-417d-b531-43a0ed130334, 39959832-be7e-4420-94ab-9244f409bfe9, 6a83890a-d9e9-4f6b-a6c6-90d031785bbf, 2de36771-38b8-4e2c-a2b7-d00590dd9009, a6e7224d-da3e-468f-bc51-26331659e06a, 9220d7b6-6427-4d22-a558-a36009b9fe76, 756f1fd7-703f-4ba3-ac49-a7c9bff1b1ec, 7ed79d83-6990-4dc1-8d56-27b1b77179e9, 880ef64d-da1c-4edd-98f5-71bea000f858, f4b9eb2c-5b14-4bea-8281-231355e612e7, 2e735dd9-49fc-472f-b724-aa236936546f, 08db4b57-9eae-4767-aebe-124cf4581a22, 96adf077-b3db-45d6-a9c0-2c1ce02f2782, 2de967f7-b28c-45ef-a21f-76c9926ea116, 7b959259-1958-4f88-83b4-c79fb30d9561, ebd2d4bf-10d2-4e22-b6d1-38a30c13fa8e, 975927a6-72d3-435e-81a3-cbb931dcb532, 0305a46a-fe62-4666-9742-f5fe5db890ab, 6353c482-a3a0-473f-9398-de4e0915392b, d6b6df6f-330d-4306-862a-1193c37b4bff, 1c27cf97-b20c-4e40-b1f1-288b721517b3, 73151e02-dd2a-4509-968e-b9c16ec1c5db, ea3b1e84-69a9-461a-92b4-8206903def33, e865923b-67a1-4b13-9c05-5fdf7e83fd6d, 746d6f36-70e0-4b16-a29a-bb9a4108b12e, 89ab1601-2633-4f83-aaa6-db740d9c3801, 0baa8cd7-1eef-4960-aeb4-4128e58efba3, bdf7dde7-1e7c-49b9-8dec-5fbdbd0c859a, ab22e5cd-715a-46f0-99d8-613b981f202c, 09a5a7c8-7687-4311-907c-d43fdb650b4c, 6c068e52-9e61-4fea-a48a-9b5c936b083b, 3db4c0cd-5a55-4be3-a268-bf08b0a0ec2b, 41cded4d-0045-4bdd-8e84-9fb7a1062280, 0a449219-862a-4184-91c1-9af3bb6755c1, 1dc0c4a8-0e13-454d-b3cc-16181bdf727d, 87d56673-77bf-4a89-9b86-7cc63f19a59d, 3348f611-f8b0-4226-aaca-29c4db95e5ff, cec08bf9-4f41-4cbf-88da-bd1643c99b21, 09092757-a6a5-49e6-b2b4-a59856c6ea81, 7958a2a7-ac77-4689-a961-786a1880793d, bfec08b4-841c-4e6d-9b75-b4e81e3ff649, fdab1161-53cc-433f-8c1f-636130bbaba1, f8f84313-2705-4d0c-8031-5c1a8fb2fa9e, 4e73dd4e-0e2b-4a11-8f5b-658619b08027, 229628a2-f8e0-43ca-bac9-f14a161f9124, dc009ac8-363b-40ad-ba25-c11e4318ea8e, 9fc931b9-57a7-4dfc-81f8-d7dbd261e006, 5b90df37-0b8b-44d6-abdb-6fad31217c26, 564f0976-781b-44e7-96c8-7377097d0101, bde4b809-5390-46bc-97a1-57533429103d, ac1e6c6a-9403-45b1-902e-60f4b6914854, 81094a7e-7b3d-48b5-b98d-9b1a6a20e7d0, b45d3be3-1172-4a62-8b29-a7c0faba7124, 5ebb080a-e96f-4ece-87af-e276fd9d42eb, ba7678a2-9b22-472b-8422-b6fb921fc672, 542cbae0-40d6-49bb-b7cb-c869ea3192bc, 0306487b-37be-4eda-bd8e-ad0a60886480, 8d477e04-3bab-4ad9-8fe3-799059238a9c, edfb59b9-4713-42b3-89a6-a09b0debfe78, 148518b5-c324-4882-81a6-678168063a2c, 1c6341f3-ca86-4f0a-ba3c-5f2ecc924bc3, d2593c3d-2347-40d9-948c-b6065e8459a9, 89fa73f0-4341-4de4-bb2a-e429ef96bd43, fa571e66-a5b4-448f-905f-59e398a673b5, 5b1d5bc4-e234-4181-a10c-ed1197f52271, e8fb3c9f-913e-4ee7-bf05-1a9fdd906d43, 40368a5c-f582-410e-810c-542f3769109b, f3886400-0428-4412-8878-92407e30fbbc, e4a32f87-4d4a-42dd-b1d0-b4d0564b03bf, fef3e640-6ec8-4cb8-a41b-ed3d7e358a7b, ef26d020-87df-4259-a9a7-99d6e6aabb0e, 1045a19a-a686-47b8-aa54-33c1063613d6, 11847236-bd96-4f5b-b6e7-07a43b6185ef, 0d7dbf6b-1abb-4aa1-a4d9-47d9c3429333, 1dfa6f3f-4c8a-4eea-8c96-1c6b5e6f179e, 5ef8124d-495e-4de3-af19-48c14b92dbd4, fd3c2179-09b0-4b2c-96a9-2d8822f28851, c4a64d0d-09b8-4f82-8e32-4d2ec6067226, fbe1e6a7-401b-439f-8bc3-908bddad0de1, 29500c37-d19c-45f0-8317-9e145b7093eb, 3a54bc78-a1f6-4a3c-a1f8-d541597eb6a0, 04a6688f-bb07-4dfa-a1bb-432bf540f841, 72e5a5af-c657-41c0-a859-d4fcc4b7b933, 362d282e-5d9d-4691-86a6-21bcac0703d7, c309c7aa-b438-416a-b3a2-bd433614c6ab, 2711c0b4-32bf-4136-aee9-dff9077fa148, 341c6a41-999c-428a-8ca5-ccec647608a6, 8e0884e2-50ba-44c0-87b9-d64d913288af, 1a3641be-fa6a-4d72-a5eb-9069686a88ee, 855d20b7-53f2-4678-a10f-55402d085018, c1ee25ec-8981-48fd-8711-76f59870503d, e5185368-70f8-4998-a738-ca22f300da7b, f672d64f-6d2c-4c4c-8936-3a797683dd9e, d3b2a15a-71f3-466d-a79c-fa5f88bcf1c7, ece7f38e-1744-4885-83d9-2ffb89e40b11","1656678318040, 1656678581165, 1656678877640, 1656694186923, 1656697841076, 1656940500813, 1656940838450, 1656941302771, 1656941700831, 1656941897248, 1656955013093, 1656962026022, 1656963300681, 1657048090157, 1657048262712, 1657049485884, 1657049768538, 1657049872312, 1657116075235, 1657116280223, 1657116443289, 1657136000239, 1657136141539, 1657136443578, 1657191159538, 1657278598723, 1657278713053, 1657278803822, 1657278857073, 1657278937808, 1657279050419, 1657279396398, 1657565180715, 1657565696006, 1657565811192, 1657565904964, 1657566379812, 1657566469966, 1657566622210, 1657566895503, 1657567244480, 1657567500835, 1657567603749, 1657630596432, 1657630880442, 1657630969555, 1657631982737, 1657649657306, 1657823454213, 1657823499600, 1657824312180, 1657824612309, 1657824940909, 1657825057804, 1657825350844, 1657825570222, 1658343930431, 1658344409621, 1658345048693, 1658345073594, 1658407940160, 1658408061518, 1658409339906, 1658409550416, 1658409726054, 1658486054310, 1658496108989, 1658496335389, 1658754385608, 1658754549402, 1658754663232, 1658754841130, 1658755207213, 1658770952018, 1658771039525, 1658771239370, 1658771964329, 1658772037554, 1658776241858, 1658777521622, 1658841150846, 1658842993603, 1658843106300, 1658843287580, 1658856670657, 1658857398039, 1658860772834, 1658917280264, 1658924458578, 1658944506627, 1658944579247, 1658944641537, 1658945239371, 1658945404865, 1658945814784, 1659011944993, 1659014489238, 1659034872084, 1659035747340, 1659035976359, 1659036258619, 1659036388986, 1659094689926, 1659111902258, 1659116543985, 1659121155835, 1659121675197, 1659121753863, 1659355827895, 1659356008263, 1659362693958, 1659374826557, 1659376999045, 1659377294213, 1659462462780, 1659463624645, 1659466371353, 1659467951025, 1659523890732, 1659524139099, 1659524520084, 1659524736097, 1659524793650, 1659524991385, 1659525168749, 1659534844419, 1659535523287, 1659614902036, 1659621573627, 1659621657737, 1659633472647, 1659633661732, 1659633801859, 1659634200779, 1659705076774, 1659705191628, 1659705388739, 1659705564411, 1659708814632, 1659718858917, 1659958742831, 1660051980202, 1660052193789, 1660053413631, 1660053712474, 1660053783656, 1660072456701, 1660072529101, 1660072719965, 1660073161646, 1660151450799, 1660225550222, 1660225633038, 1660226041032, 1660226685572, 1660235810812, 1660235941379, 1660236169006, 1660236456165, 1660236548431, 1660331018860, 1660331185870, 1660331266690, 1660331349964","1, 1, 0, 1, 0, 3, 1, 3, 0, 0, 0, 4, 1, 0, 0, 1, 1, 0, 0, 1, 0, 2, 0, 0, 2, 2, 2, 2, 1, 0, 1, 0, 2, 3, 1, 1, 0, 2, 0, 1, 2, 0, 0, 0, 0, 0, 0, 0, 0, 4, 1, 0, 1, 1, 1, 0, 1, 1, 1, 0, 0, 0, 0, 0, 0, 0, 0, 0, 0, 0, 0, 0, 0, 0, 0, 1, 0, 0, 0, 0, 0, 0, 0, 0, 5, 1, 0, 0, 0, 1, 0, 0, 0, 0, 1, 2, 2, 0, 1, 2, 1, 2, 0, 0, 0, 1, 2, 1, 2, 0, 0, 0, 0, 0, 0, 3, 0, 0, 2, 1, 1, 1, 0, 8, 1, 1, 0, 2, 1, 1, 1, 1, 2, 0, 1, 2, 2, 1, 0, 0, 1, 0, 3, 2, 1, 1, 1, 0, 1, 0, 1, 0, 0, 2, 1, 1, 1, 1, 0, 0, 0, 0, 0, 0","261837, 170000, 90000, 127469, 224431, 180000, 140000, 190000, 90000, 225363, 30000, 50000, 153356, 90000, 85223, 281210, 102063, 121949, 29535, 60000, 50000, 139664, 170000, 102225, 195523, 112991, 131919, 132900, 90026, 55262, 338458, 71480, 513657, 113659, 91439, 205410, 27325, 150823, 256632, 109196, 254499, 49881, 33737, 40000, 30000, 160000, 180000, 200000, 28717, 470000, 298606, 50000, 115167, 291465, 217618, 355891, 465050, 135156, 23347, 77565, 73274, 170000, 23048, 98860, 16323, 20515, 202191, 45456, 128329, 47902, 88437, 141632, 340000, 68971, 50000, 67273, 52939, 29315, 309500, 60137, 21496, 65334, 67443, 31951, 178712, 80000, 80000, 120966, 50000, 71362, 30000, 45818, 60000, 30633, 130000, 213826, 484852, 120000, 30193, 280611, 80000, 80000, 145604, 190000, 9764, 513286, 77036, 70000, 179021, 70000, 40000, 60000, 90000, 270328, 9789, 219050, 40000, 91521, 140000, 170000, 214666, 56317, 9624, 110000, 62089, 110000, 160000, 280000, 40000, 40000, 187814, 139106, 163585, 51732, 113423, 195690, 174565, 170000, 23676, 70000, 90000, 69129, 170000, 90000, 69855, 100000, 81192, 96935, 288638, 121256, 30000, 53760, 46909, 349409, 180000, 70000, 104737, 285660, 39163, 303997, 19763, 49517, 54040, 80000","83.12, 83.81, 85.46, 60.29, 64.09, 80.33, 79.85, 91.23, 50.5, 91.99, 85.08, 12.39, 81.72, 54.98, 75.69, 88.02, 85.54, 62.34, 65.34, 9.76, 18.69, 64.49, 72.58, 62.26, 67.54, 87.7, 83.96, 93.86, 89.4, 100.0, 87.67, 99.69, 81.3, 85.93, 91.66, 62.9, 41.13, 89.15, 45.38, 56.33, 89.28, 66.29, 66.21, 13.39, 10.31, 46.97, 52.07, 37.64, 38.77, 89.56, 90.94, 58.51, 77.01, 88.55, 93.09, 93.47, 75.2, 59.85, 32.94, 38.9, 34.96, 78.86, 20.19, 61.09, 57.29, 11.79, 97.04, 49.78, 55.77, 38.07, 58.35, 42.17, 86.01, 34.85, 16.65, 17.61, 86.02, 100.0, 14.24, 40.08, 59.96, 18.39, 28.05, 46.79, 57.66, 12.74, 9.24, 97.82, 50.0, 73.87, 19.44, 34.89, 10.88, 20.34, 30.74, 56.17, 41.46, 42.33, 75.39, 82.69, 50.36, 90.67, 87.4, 59.69, 10.05, 88.97, 25.37, 55.36, 80.74, 15.16, 14.08, 16.23, 27.35, 73.84, 29.92, 37.42, 12.1, 9.25, 81.24, 89.36, 76.92, 73.81, 11.64, 84.86, 41.91, 56.65, 64.65, 61.96, 10.62, 11.46, 92.93, 90.32, 51.32, 52.11, 75.67, 90.19, 90.09, 97.57, 8.78, 16.16, 12.78, 75.8, 41.69, 48.7, 76.81, 22.42, 50.55, 83.96, 84.69, 70.96, 10.75, 61.7, 30.35, 42.8, 23.7, 73.05, 96.23, 100.0, 42.82, 100.0, 31.1, 59.51, 48.6, 58.37","1, 1, 1, 1, 1, 1, 1, 1, 1, 1, 1, 2, 1, 1, 1, 1, 1, 1, 1, 1, 1, 1, 1, 1, 1, 1, 1, 2, 2, 1, 1, 1, 1, 1, 1, 1, 1, 1, 1, 2, 1, 1, 1, 1, 1, 1, 1, 1, 1, 2, 1, 1, 1, 1, 1, 1, 1, 1, 1, 1, 1, 1, 1, 1, 1, 1, 1, 1, 1, 1, 1, 1, 1, 1, 1, 1, 1, 1, 1, 1, 1, 1, 1, 1, 2, 1, 1, 1, 1, 1, 1, 1, 1, 1, 1, 2, 5, 1, 1, 1, 2, 1, 1, 1, 1, 1, 1, 1, 1, 1, 1, 1, 1, 1, 1, 3, 1, 1, 1, 1, 1, 1, 1, 1, 1, 1, 1, 1, 1, 1, 1, 1, 1, 1, 1, 1, 1, 1, 1, 1, 1, 1, 1, 1, 1, 1, 2, 1, 2, 1, 1, 1, 1, 2, 1, 1, 1, 1, 1, 1, 1, 1, 1, 1","1656678318040, 1656678581165, 1656678877640, 1656694186923, 1656697841076, 1656940500813, 1656940838450, 1656941302771, 1656941700831, 1656941897248, 1656955013093, 1656962026022, 1656963300681, 1657048090157, 1657048262712, 1657049485884, 1657049768538, 1657049872312, 1657116075235, 1657116280223, 1657116443289, 1657136000239, 1657136141539, 1657136443578, 1657191159538, 1657278598723, 1657278713053, 1657278803822, 1657278857073, 1657278937808, 1657279050419, 1657279396398, 1657565180715, 1657565696006, 1657565811192, 1657565904964, 1657566379812, 1657566469966, 1657566622210, 1657566895503, 1657567244480, 1657567500835, 1657567603749, 1657630596432, 1657630880442, 1657630969555, 1657631982737, 1657649657306, 1657823454213, 1657823499600, 1657824312180, 1657824612309, 1657824940909, 1657825057804, 1657825350844, 1657825570222, 1658343930431, 1658344409621, 1658345048693, 1658345073594, 1658407940160, 1658408061518, 1658409339906, 1658409550416, 1658409726054, 1658486054310, 1658496108989, 1658496335389, 1658754385608, 1658754549402, 1658754663232, 1658754841130, 1658755207213, 1658770952018, 1658771039525, 1658771239370, 1658771964329, 1658772037554, 1658776241858, 1658777521622, 1658841150846, 1658842993603, 1658843106300, 1658843287580, 1658856670657, 1658857398039, 1658860772834, 1658917280264, 1658924458578, 1658944506627, 1658944579247, 1658944641537, 1658945239371, 1658945404865, 1658945814784, 1659011944993, 1659014489238, 1659034872084, 1659035747340, 1659035976359, 1659036258619, 1659036388986, 1659094689926, 1659111902258, 1659116543985, 1659121155835, 1659121675197, 1659121753863, 1659355827895, 1659356008263, 1659362693958, 1659374826557, 1659376999045, 1659377294213, 1659462462780, 1659463624645, 1659466371353, 1659467951025, 1659523890732, 1659524139099, 1659524520084, 1659524736097, 1659524793650, 1659524991385, 1659525168749, 1659534844419, 1659535523287, 1659614902036, 1659621573627, 1659621657737, 1659633472647, 1659633661732, 1659633801859, 1659634200779, 1659705076774, 1659705191628, 1659705388739, 1659705564411, 1659708814632, 1659718858917, 1659958742831, 1660051980202, 1660052193789, 1660053413631, 1660053712474, 1660053783656, 1660072456701, 1660072529101, 1660072719965, 1660073161646, 1660151450799, 1660225550222, 1660225633038, 1660226041032, 1660226685572, 1660235810812, 1660235941379, 1660236169006, 1660236456165, 1660236548431, 1660331018860, 1660331185870, 1660331266690, 1660331349964"
4621cac56dab88f58135ddad0ca598ff1efb3bae29527562a0ddd2b81401d149,Non-Logged,21,"740c0fbd-6944-4bd7-a53a-e18488495e67, 751e8bdc-2a92-4c54-91a9-373d147eebdc, 00b21cdf-bc02-439e-ba25-92e2039e1f67, a91fc468-524b-488c-8c4c-a5b08d9055f4, 91521396-6251-4799-8031-4ca2691d286d, 0a68431c-3b76-4a68-833a-ea56eaa718b5, 5afaf3d4-8ec3-479e-bba6-b2985df226a3, fea00675-5442-4623-a4c7-88d7ad66e206, c9cc043a-1c97-4ea0-b45c-33a73d1abf47, 9060360b-1f03-4081-bfff-d3f2ac83494b, f2f92e46-bf21-479e-9ae1-de272d9b7024, a35ea048-11d2-4e20-9bee-3f17d269fe3f, 8b502efb-2392-4d95-8acd-d0ae495a8026, fec5cf7f-1039-43b2-8eee-e51c642f3b62, db6fc336-b623-4c43-9e7f-62eae2a3ae70, 4e1032dc-e73f-48a7-8afd-9729811b9c18, 21495696-d2cf-4e63-a286-205b6db30903, 979cc774-3738-45e4-b208-b5e1f13623f2, 402fb027-f5c6-4626-94da-6d5d888298af, 4eac801b-bfea-4ea0-906f-e1f533645c1e, a59cdc55-f209-4111-9c78-f6be0c3f2923","1657285767937, 1657632890858, 1657641106452, 1657899778630, 1657900042213, 1657902842204, 1658259840466, 1658267097219, 1658325506071, 1658325506071, 1658325507146, 1658332511065, 1658417244152, 1658753339707, 1658757766964, 1658839386371, 1659016752259, 1659016752499, 1659021853048, 1659035192604, 1659035412024","4, 0, 0, 0, 1, 0, 0, 0, 0, 0, 0, 0, 4, 0, 0, 1, 0, 0, 46, 2, 0","50000, 70000, 13893, 51426, 50000, 11266, 27783, 34280, 22266, 13436, 23132, 30000, 55671, 20000, 50000, 67554, 37015, 21246, 320000, 10000, 20000","34.39, 32.88, 19.78, 30.17, 46.15, 40.74, 60.15, 53.57, 34.15, 63.66, 11.96, 29.21, 21.87, 51.0, 34.22, 14.65, 13.94, 65.26, 39.78, 14.19, 21.44","2, 1, 1, 2, 1, 1, 1, 1, 1, 1, 1, 1, 2, 1, 1, 1, 1, 1, 2, 1, 1","1657285767937, 1657632890858, 1657641106452, 1657899778630, 1657900042213, 1657902842204, 1658259840466, 1658267097219, 1658325506071, 1658325506071, 1658325507146, 1658332511065, 1658417244152, 1658753339707, 1658757766964, 1658839386371, 1659016752259, 1659016752499, 1659021853048, 1659035192604, 1659035412024"
c06ffdd72e07a351c1ce74ad9f3ab267c31d1bb0ce01e91e7300b3bc31b26cac,Non-Logged,33,"81985819-d79e-4cf0-8dcd-e5fefd0a0095, 9b574e77-eac7-47f7-9db8-e9b5d6a813b3, 5150d895-34e7-4332-a634-1fc238af56c9, 51728e2a-3999-48f6-b762-ab305abc8b6d, 8afc0d09-c7f0-484f-8733-d98253cba460, b4daf1ed-9198-4cb1-8c4b-55725e72d94b, 8a042ffb-2801-4c72-a8ff-63a9a2205bd2, ba59dbee-6964-481b-af09-966e59a885d0, 8b177583-3949-4022-bc81-acda5c80b64a, 5910a9d4-6046-453b-9ff1-d9f2d800de00, 533fa432-73d3-4d01-8819-0e23bdd0e8dc, c4b15a6b-047e-46c7-ab08-3118c90abbb2, 711d5564-02ca-4dfc-8412-1e7fdf194f67, a4f61f36-38be-4f36-8feb-15385e3c21c4, 3ff029e8-9626-4bd0-b134-ed262fe189da, 65ec130b-e557-4075-be1d-ab0c967b643c, 44fdcedf-e9ae-4748-8ab3-0cdb466672a6, 197069cb-b561-4532-aeb2-2138ace49de9, 498f00e5-8860-4365-a03c-dca9fd298b80, 6c92672d-9c82-4fb1-b07f-c701a90e2fd2, d0b15500-c57e-4c4b-bcdf-c8d643d883b6, 5ebba709-3d4e-4699-86d7-827fd9aaaf5a, 8aaaf7e3-548f-46a9-a6aa-b6b9df15e1b9, fcd833f2-c8d3-47de-bc3b-e4550cc99325, 976f9afa-de77-46bd-b87c-5c57434b9e24, 6d518bdf-330e-45f2-8578-f5e34bc2b96e, f45e09c1-f091-4720-9bd6-b3a4248873df, 7c2959cb-00fe-44bb-9f27-328f83ada5b1, c01872c5-243e-43ff-b744-3467c6b3f6ec, 27409069-789c-43e2-8d83-7315b2017c0a, 83976f07-c849-41cf-92fa-3a1842ce81d5, bf257382-74fb-4392-ad6a-143240e39f81, 7b41b70c-5434-4ecf-898a-e4315641ad41","1659626366970, 1659705373607, 1659725091058, 1659728926598, 1659813845446, 1659884895288, 1659966400946, 1659988902853, 1660052799674, 1660053603378, 1660068595363, 1660069320262, 1660069967608, 1660073021689, 1660073519298, 1660159148186, 1660160967720, 1660161427446, 1660165173166, 1660228767968, 1660229993380, 1660306878520, 1660312838151, 1660329610673, 1660330176342, 1660400893779, 1660400930965, 1660401547100, 1660401960617, 1660420442716, 1660420673196, 1660421836082, 1660422950637","0, 0, 0, 0, 0, 0, 0, 0, 0, 0, 0, 0, 0, 0, 0, 0, 0, 0, 0, 0, 0, 0, 0, 0, 0, 0, 0, 0, 0, 0, 0, 0, 0","36925, 32987, 12843, 40000, 34275, 6119, 9314, 40000, 40000, 12598, 40000, 17126, 26339, 16531, 14726, 43955, 32235, 47396, 48470, 36206, 40000, 40000, 40000, 40000, 16930, 9791, 36294, 40000, 30007, 40000, 40000, 10814, 34671","12.5, 12.5, 12.5, 12.5, 12.5, 12.5, 12.5, 12.5, 12.5, 12.5, 12.5, 12.5, 12.5, 12.5, 12.5, 12.5, 12.5, 12.5, 12.5, 12.5, 12.5, 12.5, 12.5, 12.5, 12.5, 12.5, 12.5, 12.5, 12.5, 12.5, 12.5, 12.5, 12.5","1, 1, 1, 1, 1, 1, 1, 1, 1, 1, 1, 1, 1, 1, 1, 1, 1, 1, 1, 1, 1, 1, 1, 1, 1, 1, 1, 1, 1, 1, 1, 1, 1","1659626366970, 1659705373607, 1659725091058, 1659728926598, 1659813845446, 1659884895288, 1659966400946, 1659988902853, 1660052799674, 1660053603378, 1660068595363, 1660069320262, 1660069967608, 1660073021689, 1660073519298, 1660159148186, 1660160967720, 1660161427446, 1660165173166, 1660228767968, 1660229993380, 1660306878520, 1660312838151, 1660329610673, 1660330176342, 1660400893779, 1660400930965, 1660401547100, 1660401960617, 1660420442716, 1660420673196, 1660421836082, 1660422950637"
fe032e95edb419e36d9635064d6e6515644d5269c4c7d27c102b63a61571fe38,Logged,49,"a1f30805-1fba-44e1-a915-0da0e55aef6d, b7f30490-0b67-4ccc-b032-1eeeb179b464, 51219799-daab-48b2-b700-3a61833b3ea8, c31953bb-c126-47ad-9112-d82f8776db2e, 3bd9f24b-cb02-4cc4-b6b7-da5c1389463d, 87b7c93a-809a-4709-8e59-c56b02fec7c2, dedca2ca-c629-4431-b302-65904b983781, dcea5a57-ec0d-4447-94e9-3449e11628d6, 6be357e5-8bdd-492f-bdda-04bf3c04af4b, 8ba6c3ca-5e42-4cc0-8f8c-6da09532d67a, 27453ffd-5354-440a-a6b1-0b56eb6b6821, 25779386-76af-4b0b-8ef7-487754f01409, 6051f09f-0a45-43ad-8077-ebb5c8064dad, 62c033c2-103d-4c76-8dbf-19c1cc869ddf, c3fde7b3-0e88-4bfb-ba02-aeecf5d774ae, 16148bcd-6783-408b-b6d8-c7b0671cb64c, b93c6798-2b44-4d42-b958-f6a62f3fb31b, f4b9eb2c-5b14-4bea-8281-231355e612e7, 81ac5b0a-45c5-4173-a029-6ea6661feed9, bad3ccf4-9320-43fb-87cd-4bf6de6355a3, 0305a46a-fe62-4666-9742-f5fe5db890ab, 100ff71c-da18-4182-9672-369324a71bb5, cbc832d6-af68-41bf-91d4-8740d71c5952, 8130ca1f-0747-4118-8100-20025a4371d7, dd697b83-1f8b-4811-a789-c61a2008c673, 06294fd4-5d1e-498f-9a46-b0631ebcb60e, e57cc467-d8c7-4981-b095-8b8a09cf1bf2, eafbc7e1-f154-46ef-a7f5-5cf4f75d7039, 4e73dd4e-0e2b-4a11-8f5b-658619b08027, 1c61d92c-9d97-4cd7-8af8-633d552cee4d, b3984824-9eea-4ad9-ae37-b07782ecc313, 8ce81c16-71ad-4eb4-88dc-d6a85c49dbff, 7958a2a7-ac77-4689-a961-786a1880793d, fdab1161-53cc-433f-8c1f-636130bbaba1, 5c37a504-0ed8-49c1-a6a9-d237d90664e3, cbd5caa8-568d-408e-909f-056c32d6b75a, 081ff3d5-4b43-43c4-93b9-633acb86f89e, 53d632da-9107-429e-b8ae-f502fef2dc0c, 684d0f31-752a-43c6-b9aa-e4cfd6dd0131, 0d7dbf6b-1abb-4aa1-a4d9-47d9c3429333, 84bdc00d-56d2-4d52-afe3-de4b2827b9dc, d79b78ba-1520-4d90-b216-0c5564ecc56c, 1fbda98e-49b8-4868-b22f-71be0a9d759e, fbe1e6a7-401b-439f-8bc3-908bddad0de1, 1045a19a-a686-47b8-aa54-33c1063613d6, 1da01298-44f2-45c3-8b3e-f2729f58beb1, ccd0027e-aae0-4da3-bd8c-69e2160164ba, 6dfc2f2f-fc3c-4594-9f67-ea22bc7d6310, 039eca3d-3894-4309-845c-ae42cfa599f1","1656985045307, 1656985651079, 1656996990814, 1656997094883, 1657029265738, 1657039414759, 1657060780506, 1657060951364, 1657064041889, 1657215413187, 1657300095454, 1657368626332, 1657385045249, 1657633170876, 1657764684866, 1657764744488, 1657765034592, 1657767199095, 1657821263869, 1657821356609, 1657850066854, 1658193892745, 1658194335492, 1658237436649, 1658241924150, 1658244366214, 1658244481605, 1658265348718, 1658691814330, 1658800212895, 1658806646094, 1658886053352, 1659055975250, 1659056337459, 1659106677085, 1659107151268, 1659223598071, 1659227566441, 1659262426625, 1659404445010, 1659527869036, 1659527874491, 1659527876336, 1659826532145, 1659964485470, 1659984026861, 1659989001838, 1660090407102, 1660183660350","0, 0, 3, 3, 0, 0, 0, 0, 0, 0, 24, 0, 0, 1, 0, 0, 0, 0, 0, 0, 0, 0, 0, 9, 0, 0, 0, 0, 0, 0, 4, 0, 0, 0, 0, 0, 0, 0, 0, 0, 2, 1, 0, 0, 1, 0, 1, 0, 1","40000, 80000, 30000, 40000, 20003, 10010, 20003, 80000, 80000, 80000, 50000, 230000, 20003, 46834, 60000, 10003, 110000, 10007, 90000, 70000, 230000, 150000, 100000, 70000, 20004, 110000, 210000, 90000, 110000, 50000, 13826, 120000, 10002, 10002, 120000, 150000, 110000, 110000, 30000, 110000, 90000, 10000, 10000, 40000, 43151, 69643, 26790, 30001, 10000","100.0, 100.0, 52.3, 40.36, 100.0, 100.0, 100.0, 100.0, 100.0, 100.0, 16.63, 100.0, 100.0, 30.95, 100.0, 100.0, 100.0, 100.0, 100.0, 100.0, 100.0, 100.0, 100.0, 47.48, 100.0, 100.0, 100.0, 100.0, 100.0, 100.0, 14.65, 100.0, 100.0, 100.0, 100.0, 100.0, 100.0, 100.0, 10.42, 100.0, 67.53, 10.43, 6.92, 100.0, 23.02, 59.19, 14.72, 100.0, 9.07","1, 1, 1, 1, 1, 1, 1, 1, 1, 1, 1, 1, 1, 1, 1, 1, 1, 1, 1, 1, 1, 1, 1, 1, 1, 1, 1, 1, 1, 1, 1, 1, 1, 1, 1, 1, 1, 1, 1, 1, 1, 1, 1, 1, 1, 1, 1, 1, 1","1656985045307, 1656985651079, 1656996990814, 1656997094883, 1657029265738, 1657039414759, 1657060780506, 1657060951364, 1657064041889, 1657215413187, 1657300095454, 1657368626332, 1657385045249, 1657633170876, 1657764684866, 1657764744488, 1657765034592, 1657767199095, 1657821263869, 1657821356609, 1657850066854, 1658193892745, 1658194335492, 1658237436649, 1658241924150, 1658244366214, 1658244481605, 1658265348718, 1658691814330, 1658800212895, 1658806646094, 1658886053352, 1659055975250, 1659056337459, 1659106677085, 1659107151268, 1659223598071, 1659227566441, 1659262426625, 1659404445010, 1659527869036, 1659527874491, 1659527876336, 1659826532145, 1659964485470, 1659984026861, 1659989001838, 1660090407102, 1660183660350"
9b644bdf6a3e1d738facfcc23aa8118ddded424e32dcf59b4d5b6f3e67b31140,Non-Logged,46,"46a77a96-a628-4b51-836d-e5042d308179, 62b98add-db53-49a7-bc95-b2ecae113c6b, e5dff3ec-c282-4cdc-902a-797474029014, a7dcf97f-4fb4-4f3e-bdc6-e99e35377e51, 5b1cb0ce-8056-4dec-a64d-623068958061, 17c1c875-a2ed-4b98-ace2-96ba127e272d, 9aad04ff-64b9-43a2-80da-b2f5531a868a, f4b484a7-38f7-4246-be9e-4e2cd8373bcd, 6f543dab-d344-4b2f-87d0-b76af9a8b1ed, d4f87596-fc28-4d6d-bb17-be5fae577afd, c088702e-b339-4ca7-817d-1bf624385a94, ee0f7795-24eb-4d25-8cf0-01cc3e4827e0, e1e11c4c-1ff5-4916-bdd2-b89231488d3c, 68ac8490-a7db-4232-ad77-21782f788952, 8fab3522-2ab8-401e-afc5-da50c930c872, 85b76fba-625b-4f27-be76-01284b8d9500, 96723f52-779d-496a-8eb0-a21be9f720be, 66e62b4f-7a1d-4b00-97b9-c4354333e34f, 13678619-4fd9-4085-8cc2-36a4107094ce, de983ffb-d46a-466f-85bd-d5b7496d5cbe, 5ea1ab1c-4016-4db7-967a-d2142585b212, f5bad19a-b801-4f4f-8428-b9bf075a25ea, c73b03d6-7a24-4e70-a1cc-cdc9b36007b2, 1b286ef1-ddf5-4825-af9b-4b14b5255669, 0770460b-a999-411d-b4cc-d1de50ae12ff, b4c28481-df38-4a34-a50d-daf9fecf914a, eabe264a-397e-4ca3-9fa5-6c50640ba9c9, 7418163e-76b1-4f25-9c7a-5365c51bb49c, 4451a533-6702-45e9-b136-6dc33b5fd478, 7ea7a1df-aa3f-4f4f-984a-7e428ec6e3b5, be509fd3-131d-49ac-a38a-4f06601748ef, ba1a860d-adb8-48f9-a982-6eca4180bb66, b50a2351-18b8-4082-827e-2afc074f4f37, 21acebc8-9d48-48d6-8228-97e0a74e9d0c, e211a345-4eb3-451f-a761-53eabb369235, 6c76c8ff-b337-47f5-a107-bbedee60af9d, b3fb5397-7fdc-44db-840d-cad57fb07232, f8f9d96b-c145-4a1e-a0d6-803a0ea6bc11, 7e124f29-74ba-455b-a90b-e1eb317ee37d, 4fad84d0-e001-41c2-83f1-fe2317972753, 9302cef7-c135-48a4-a2d2-1ca6fb3b43e8, ce2f0952-f25a-4a36-ad78-e6e46d1daf5e, b5daa0fb-0e03-4252-a50d-a648d67e8a9e, 8fc4b5d4-bb17-4140-9134-badb170a2a33, 0df6b22c-1e0a-4f1b-9a7f-2a509f34de46, 40edab7f-412e-400d-93bd-1a08f79af005","1656774454243, 1656942496296, 1656945788976, 1657035937279, 1657123240734, 1657216814623, 1657306829603, 1657919309924, 1658153319524, 1658154771392, 1658155671669, 1658156727404, 1658586153482, 1658839643812, 1658841594638, 1659129084424, 1659392706845, 1659393311745, 1659451769650, 1659474728943, 1659533691391, 1659543669150, 1659550733209, 1659558284432, 1659558989541, 1659559385088, 1659559616406, 1659616600337, 1659616657707, 1659616683420, 1659616872778, 1659617296357, 1659647847801, 1659648190078, 1659722971137, 1659723972217, 1659787626885, 1659790769716, 1659791481347, 1659982287939, 1660044526894, 1660083183702, 1660157783210, 1660157968137, 1660159007635, 1660159521022","0, 3, 8, 18, 9, 3, 5, 3, 9, 2, 3, 12, 0, 1, 0, 0, 2, 0, 9, 1, 0, 1, 0, 0, 2, 0, 0, 0, 0, 0, 0, 7, 1, 0, 1, 3, 0, 0, 0, 5, 0, 1, 0, 0, 0, 0","77648, 30000, 42259, 110000, 40000, 40000, 66344, 30000, 60000, 50000, 40000, 90000, 130000, 250000, 20000, 79406, 60000, 23930, 220000, 34332, 70000, 160000, 70000, 14264, 90000, 60000, 30000, 90000, 50000, 42185, 80000, 110000, 160000, 12110, 29209, 178617, 20000, 10000, 29375, 304808, 10000, 32537, 20000, 28361, 35954, 50000","78.23, 50.55, 37.63, 39.09, 39.76, 42.51, 56.8, 20.84, 45.85, 31.8, 29.24, 36.34, 44.5, 55.34, 39.98, 42.01, 44.84, 38.76, 36.76, 32.17, 65.14, 51.57, 57.08, 10.3, 18.7, 47.32, 39.45, 38.4, 31.76, 43.61, 50.35, 60.33, 61.7, 56.2, 42.56, 32.86, 47.45, 25.81, 14.84, 29.12, 9.04, 69.22, 74.97, 12.76, 24.42, 37.92","1, 1, 1, 1, 1, 1, 1, 1, 1, 1, 1, 1, 3, 1, 1, 1, 1, 1, 3, 1, 1, 1, 2, 1, 1, 1, 1, 1, 1, 1, 1, 1, 3, 1, 1, 2, 1, 1, 1, 4, 1, 1, 1, 1, 1, 1","1656774454243, 1656942496296, 1656945788976, 1657035937279, 1657123240734, 1657216814623, 1657306829603, 1657919309924, 1658153319524, 1658154771392, 1658155671669, 1658156727404, 1658586153482, 1658839643812, 1658841594638, 1659129084424, 1659392706845, 1659393311745, 1659451769650, 1659474728943, 1659533691391, 1659543669150, 1659550733209, 1659558284432, 1659558989541, 1659559385088, 1659559616406, 1659616600337, 1659616657707, 1659616683420, 1659616872778, 1659617296357, 1659647847801, 1659648190078, 1659722971137, 1659723972217, 1659787626885, 1659790769716, 1659791481347, 1659982287939, 1660044526894, 1660083183702, 1660157783210, 1660157968137, 1660159007635, 1660159521022"
5c792365c0c1da8f51fb29770e9e70179d099faa8ab99eba087ef5fa877692a2,Logged,11,"57e8bd74-29e6-4543-9285-c8701f84ac97, d4303151-c778-461b-8207-2e443db4b255, c6d0dea0-ff7d-4fa6-8ecd-45bbf42020fa, c4d188a0-c2c6-4cf9-a12e-1ed5d8ad3538, 6dfb5395-decf-4b1f-ae70-959bde7417e2, a4d47dc4-6805-4cb9-8b38-4a59d51fc15b, 69bbc3fe-fbd2-4043-adba-f944f1da1baa, da3a1418-a7b6-49af-908e-9bb453c54d0d, 45d14a61-8580-4f38-b90d-4628b8f5894f, 76753593-cfff-47e4-8035-25707a04fe34, 72a3e123-8b6d-40cd-bb6f-bc62bc062b59","1657387629653, 1657387698245, 1658275432234, 1659237415866, 1659242174336, 1659745206030, 1660177777535, 1660177838284, 1660356429800, 1660356491362, 1660434694753","21, 19, 1, 0, 0, 0, 8, 7, 16, 26, 0","180000, 250000, 190000, 60000, 82742, 75955, 90000, 60000, 190000, 290000, 100000","17.43, 17.87, 80.31, 44.49, 25.55, 28.0, 19.75, 15.23, 15.98, 14.19, 68.54","1, 1, 1, 1, 2, 1, 1, 1, 1, 1, 1","1657387629653, 1657387698245, 1658275432234, 1659237415866, 1659242174336, 1659745206030, 1660177777535, 1660177838284, 1660356429800, 1660356491362, 1660434694753"
040b0578f976e1394636eec319f074a4c17b19b82f83bc3ed57ebae7ad14fe18,Non-Logged,72,"426e9777-7ad8-4b0f-98f4-48e8ee96ace5, eb03b519-2dfc-445b-82d9-0eaa2c5e0bf4, 44db03fa-78a8-4296-b8c6-f6aba1c995a9, 9c87cb36-afc9-4a30-8675-9fd87beba39b, 9ec703fa-941a-4883-8cdd-ef230dda9df1, e0481203-5791-40c7-81bb-55cc1973f7bf, c6af277b-d658-493c-9d7e-342e5d6759c4, 51873d9c-baec-4c18-bc90-d083a282719d, 9958aafa-3a3a-416c-a2b9-5d96769bad83, 2790ee28-9fdd-489c-8d70-a14be66d5254, c31953bb-c126-47ad-9112-d82f8776db2e, 69990b31-a6f9-4db0-80c3-1d4733f9e619, 84a20532-175a-4df7-ab78-7d2f8177169f, 50028008-aa11-4519-9d75-452c84dd27fb, 4491f300-2c28-4fd5-927d-a1bc24e730d2, 7b38299d-07c4-4b5b-af10-0023d65dbf5d, f0a78e58-ec7e-494c-9462-fbd6446a9a89, 83cf1546-5235-491f-ae0c-90949a2ab3c2, 4d16a079-ca73-4bb6-b6ce-872bdddf1aa4, af5d32bb-ab3d-47fa-96c2-bf44680ea0f7, 230d19cf-28f8-459a-ad3a-da60aa640639, 8375c03a-a6dc-421e-a388-0cab21c00f96, 3e61f213-179e-4854-81b8-a5a45fb9dd9c, 8c246d2b-81bd-4c1f-b563-2c905675f984, af7fbf78-f10e-40ca-969d-60c0c62f27cf, a5bf1aed-215e-4808-99f6-adb203aa505f, 9771b0d9-b14a-4908-8932-440b6fe33aeb, c67ba7c9-f2b9-4815-9069-0339a28d8913, cc716c8c-c1da-406e-b01c-de23437fbdec, d8de2192-12b4-4fb5-97d8-8a6360a10e78, 2463b085-fab1-4d06-b557-614e28ba71fc, 498dde33-725f-4b3e-bb99-b9976852e81f, 877c70f8-4c4d-45a3-81f1-28e8e41df0db, b2af547f-4d64-41e5-a5ba-d6c0d519e8ee, 77669e1b-72b0-4c16-b591-9d5a93ac5891, 1dfc719d-df8e-4dbf-b318-ab17cadb187b, e60f86b4-d9b7-47e5-ab2b-5459dbcceccc, 8626f9de-f9b9-4384-aefd-df871e78141b, 39cbd3e9-641b-4f70-bcf6-e3f844fcc982, e9d4ab5a-5582-4f6b-aefd-3fd218fe6b6d, 14534e3d-c939-4ab8-b67c-0e5f421d1dac, 9e2806b4-0bd8-43db-be9f-1223781bdd87, ec122600-f768-4ea1-bf0e-ed74cc84cba2, 100ff71c-da18-4182-9672-369324a71bb5, b74addf1-4792-461a-9a84-d6ce1567720d, 801d8ece-5a4c-4ce7-b31b-2ecbd49578fb, 35041b0d-76fc-46d6-b7ab-7e770b335679, dd697b83-1f8b-4811-a789-c61a2008c673, 15281e10-e6bc-48bc-9b1b-94402f83699b, d3f1ee4d-fc50-4e1f-af67-99bbbd2e9555, 5f2f1833-d203-486a-ac56-665fc3767018, 84c68fc4-68d9-4987-b740-2e32d30f7069, 39ee2ca1-f1a3-4b3c-be49-dbba6c35666b, 7b761a64-c09c-42b9-8baf-ebdfddaa52b9, 7966abf9-474e-4190-a9f6-baa5501068a0, c94d252e-24e2-4c11-b9b8-226c8085657d, cb324527-6a66-491d-b53c-6a6d7ece566f, b1141337-f2ff-466a-889e-ed65a87b41ac, 4c63d7cd-4902-4ffb-9b94-578b1b2151f0, e2a0d813-8d58-4b54-a8fb-4f2e7eaf1e16, 6e4ac905-3408-42e0-8b25-a6f509102100, c0b5909f-fa31-4cfa-afba-550d0b5d9935, 5a867ffb-7227-416d-a286-f73c9ee6a4af, 999f8b86-8f29-44b5-942a-79d1174efb6b, 32894028-a909-41f5-ad39-c9902d93cfe6, e50824c3-edd2-4c85-acd7-44bda3346e5e, a25e68dd-1343-4dc5-be73-2ae40aaca5ee, ff206a3e-400e-4530-8cec-9d3b7de2620b, d2562ba8-5dd0-4fcd-abaf-39484ec94545, feee3eb1-d625-4766-9da5-d855ac2f557c, 1efbb23e-5040-4800-b1a6-9003110976d2, e5185368-70f8-4998-a738-ca22f300da7b","1656695588871, 1656697863633, 1656969807824, 1657038189230, 1657038543350, 1657044390688, 1657127591607, 1657127805766, 1657219369008, 1657219443367, 1657219613576, 1657219678971, 1657219730219, 1657290004189, 1657572069918, 1657656889571, 1657658342404, 1657660182829, 1657743595433, 1657745844319, 1657912095733, 1657917845269, 1657917911204, 1658162034837, 1658178220693, 1658179645772, 1658179702946, 1658179745989, 1658244199905, 1658245233320, 1658267246238, 1658267362933, 1658267523616, 1658347455035, 1658348051122, 1658410911372, 1658954131636, 1658956563958, 1659026611402, 1659111374920, 1659124437649, 1659379604738, 1659379665507, 1659379708970, 1659385243962, 1659472001531, 1659473507178, 1659476101174, 1659477407814, 1659514733574, 1659612609240, 1659623634491, 1659623675969, 1659623836333, 1659623966393, 1659624118355, 1659624750757, 1659720146654, 1659976945099, 1659978071899, 1659978079785, 1659978257635, 1659986814417, 1659987476193, 1659987886833, 1660061835355, 1660062510815, 1660062514906, 1660077651818, 1660159417772, 1660332804112, 1660337425650","0, 0, 0, 0, 0, 0, 0, 0, 0, 0, 0, 0, 1, 1, 0, 0, 0, 0, 0, 1, 0, 1, 0, 0, 0, 0, 0, 0, 0, 0, 0, 0, 0, 0, 0, 0, 0, 0, 0, 0, 0, 0, 0, 0, 1, 0, 0, 0, 0, 0, 1, 0, 0, 0, 0, 1, 0, 0, 0, 0, 0, 0, 0, 0, 0, 0, 0, 0, 0, 0, 1, 1","42467, 16515, 57468, 141265, 36841, 25490, 12927, 138128, 51029, 26282, 54796, 41229, 53530, 102472, 21406, 49811, 18111, 31350, 33776, 56681, 44613, 35789, 37229, 47328, 81666, 47114, 30752, 98431, 103257, 107173, 20000, 20000, 37749, 12560, 24767, 70000, 7127, 31026, 16564, 51508, 24293, 37375, 33835, 50514, 247843, 27867, 59587, 137426, 50179, 19667, 60000, 28731, 90000, 93835, 71537, 125566, 70809, 13706, 31119, 42676, 53630, 65297, 32808, 40000, 64607, 11929, 20000, 30479, 25165, 44742, 89425, 53270","58.56, 41.01, 26.67, 50.25, 65.37, 56.1, 31.03, 69.99, 18.36, 39.72, 59.02, 54.92, 51.32, 82.39, 35.87, 54.08, 51.51, 37.78, 44.68, 65.74, 16.78, 85.75, 16.6, 50.4, 72.13, 39.46, 32.23, 61.64, 57.26, 65.92, 9.83, 31.63, 60.47, 9.97, 27.28, 49.2, 14.63, 50.97, 28.02, 34.54, 39.77, 41.67, 59.84, 34.16, 67.25, 30.39, 50.92, 70.21, 33.95, 23.24, 52.49, 39.6, 55.86, 60.65, 38.59, 32.37, 50.7, 32.64, 61.83, 53.26, 19.01, 47.2, 51.52, 19.56, 50.08, 20.37, 29.63, 38.47, 20.45, 56.23, 62.03, 41.74","1, 1, 1, 2, 1, 1, 1, 1, 1, 1, 1, 1, 1, 1, 1, 1, 1, 1, 1, 1, 1, 1, 1, 1, 1, 1, 1, 1, 1, 1, 1, 1, 1, 1, 1, 1, 1, 1, 1, 1, 1, 1, 1, 1, 1, 1, 1, 1, 1, 1, 1, 1, 1, 1, 1, 1, 1, 1, 1, 1, 1, 1, 1, 1, 1, 1, 1, 1, 1, 1, 1, 1","1656695588871, 1656697863633, 1656969807824, 1657038189230, 1657038543350, 1657044390688, 1657127591607, 1657127805766, 1657219369008, 1657219443367, 1657219613576, 1657219678971, 1657219730219, 1657290004189, 1657572069918, 1657656889571, 1657658342404, 1657660182829, 1657743595433, 1657745844319, 1657912095733, 1657917845269, 1657917911204, 1658162034837, 1658178220693, 1658179645772, 1658179702946, 1658179745989, 1658244199905, 1658245233320, 1658267246238, 1658267362933, 1658267523616, 1658347455035, 1658348051122, 1658410911372, 1658954131636, 1658956563958, 1659026611402, 1659111374920, 1659124437649, 1659379604738, 1659379665507, 1659379708970, 1659385243962, 1659472001531, 1659473507178, 1659476101174, 1659477407814, 1659514733574, 1659612609240, 1659623634491, 1659623675969, 1659623836333, 1659623966393, 1659624118355, 1659624750757, 1659720146654, 1659976945099, 1659978071899, 1659978079785, 1659978257635, 1659986814417, 1659987476193, 1659987886833, 1660061835355, 1660062510815, 1660062514906, 1660077651818, 1660159417772, 1660332804112, 1660337425650"
e4f787af9ff5719b6041bef00d3031cdfbf154400a0d82fa7ce6d95474a31ec8,Non-Logged,27,"3e528216-7511-49b5-bbd9-fe9455968f46, 4d89c4b6-6827-4935-9ba1-0502025af270, b4a5680b-d0e1-4260-bc54-82fbe328d3a0, ae0537ad-652d-4875-9ecd-05e14b919668, 4e163060-2488-4627-a8ba-bbfc54a4d57d, 63722543-efce-4adb-b671-ce4ac460aa1a, a41cc789-d64d-4d8d-9543-2628ff1a4d88, 91dd61bf-7c49-4276-bba6-1db2804921a9, f30f7d26-f91f-45c7-b19f-865b4bbd08a2, 78f42bd4-4281-49e2-abd2-2da58ed56dad, f2a29f43-a9fe-42c6-8e4b-f727321403c6, 9eb42e23-6f0c-489d-849a-694eda70ee23, 7c2c0c12-6dee-4f32-ac9b-15bc975ebbbc, 36b59649-9049-400e-a8fb-05e62f0fe446, 529a23e0-baa8-4824-9554-416ceba464ae, dfe4b048-2889-4b26-85ae-58827f21c7c9, c756806f-2dcb-41f8-a8d6-fa5b44e3ab25, b3984824-9eea-4ad9-ae37-b07782ecc313, ac1e6c6a-9403-45b1-902e-60f4b6914854, 87675e21-08f5-4561-84ca-ec2a4178a1de, 5b90df37-0b8b-44d6-abdb-6fad31217c26, 458bf0ec-efb4-4bfd-9446-c80295e6aa87, d2593c3d-2347-40d9-948c-b6065e8459a9, 5a867ffb-7227-416d-a286-f73c9ee6a4af, c21004f0-4d4b-4882-8718-e1d6d276b175, 3a54bc78-a1f6-4a3c-a1f8-d541597eb6a0, 8491c896-c81c-41b4-b47f-161f7ea53830","1656703239298, 1657048575841, 1657196346897, 1657196429802, 1657547744061, 1657548019447, 1657642527741, 1657650126283, 1657650295735, 1657821925747, 1657904720688, 1657904963581, 1657910143776, 1658248126069, 1658254873544, 1658500206627, 1658500247002, 1658508286741, 1658511114258, 1658519574669, 1658520019667, 1658938865073, 1659116350426, 1659116865985, 1659384420081, 1659449988139, 1659470915797","0, 1, 1, 0, 3, 16, 0, 1, 1, 1, 0, 0, 3, 0, 0, 0, 0, 5, 0, 0, 0, 7, 1, 1, 4, 1, 0","76627, 60000, 80915, 53867, 470000, 203522, 300000, 6013, 7007, 180000, 21665, 55094, 200000, 17672, 138567, 110000, 50000, 90000, 80000, 120000, 30000, 130000, 290000, 12448, 280000, 100000, 60000","68.04, 67.88, 77.3, 32.19, 54.98, 79.14, 84.17, 11.5, 15.67, 74.99, 57.96, 65.18, 59.38, 55.38, 79.37, 86.94, 50.18, 35.26, 61.41, 60.28, 39.97, 45.2, 85.81, 20.36, 78.71, 64.78, 15.08","1, 1, 1, 1, 3, 1, 1, 1, 1, 1, 1, 1, 1, 1, 1, 1, 1, 2, 1, 1, 1, 1, 1, 1, 1, 1, 1","1656703239298, 1657048575841, 1657196346897, 1657196429802, 1657547744061, 1657548019447, 1657642527741, 1657650126283, 1657650295735, 1657821925747, 1657904720688, 1657904963581, 1657910143776, 1658248126069, 1658254873544, 1658500206627, 1658500247002, 1658508286741, 1658511114258, 1658519574669, 1658520019667, 1658938865073, 1659116350426, 1659116865985, 1659384420081, 1659449988139, 1659470915797"
e487e98da5ef2aaae543bdcb85edb9ab3561f8194da49a9fc0e7c7bef1c6c37a,Logged,5,"6a465422-eb3d-416c-ace8-884e668bcbfc, 798c9094-8db0-4601-8dbe-a4631cee3792, e9b00752-2389-48d3-a067-87645b0f68de, 8fc11985-971d-453f-8e1a-b3ee95b903e8, 268f754a-682b-4a20-8a72-68f11d0533bc","1657226609249, 1657227266153, 1657411613550, 1657411902250, 1660166032454","11, 11, 18, 14, 10","72666, 41414, 60000, 87803, 60000","32.64, 26.78, 29.89, 54.94, 15.27","1, 2, 1, 1, 2","1657226609249, 1657227266153, 1657411613550, 1657411902250, 1660166032454"
3b789b0d77c00219140df637c8fb896ccf9b20e2ce205d0fd73de15d808e5492,Non-Logged,12,"1b884897-6e78-4a9f-941e-e4299405aec9, 97132244-dd47-4930-96a8-6729496c6da3, 3b384048-dd10-433b-b406-1a69d93185a9, d6858a0a-278b-49d8-9708-c48a7794256e, e2c8629a-ac95-413e-b5e2-700c47f8df65, df385e00-d75e-41df-8e28-47659a2fb117, 5ab86740-e4a4-4545-8550-d3f6a4315008, d8fa06af-ea93-47bc-b754-5c4314fbf888, feee3eb1-d625-4766-9da5-d855ac2f557c, 62f10678-c4a2-4b83-bfa0-1e76fdd10f3f, e93fb5f7-e64e-4866-be46-838c3c71e471, 63184fb3-aa23-4764-96e6-434bd0d7ffef","1656679583795, 1656702742537, 1656952662184, 1656952740252, 1656953057749, 1656953138888, 1657027383154, 1657027976770, 1657127183322, 1657127271295, 1657555642444, 1657825917781","0, 0, 1, 0, 0, 0, 0, 3, 2, 0, 0, 1","310271, 50000, 76932, 285843, 21542, 18821, 9279, 148106, 50453, 73154, 30000, 40000","93.42, 36.38, 81.39, 95.76, 29.62, 33.31, 25.73, 37.03, 39.1, 74.35, 41.25, 43.11","1, 1, 1, 1, 1, 1, 1, 2, 1, 1, 1, 1","1656679583795, 1656702742537, 1656952662184, 1656952740252, 1656953057749, 1656953138888, 1657027383154, 1657027976770, 1657127183322, 1657127271295, 1657555642444, 1657825917781"
b108e801f168e5d117e3de274d6b9d076797543b9ad470a24c1191bbc91168f2,Non-Logged,20,"69990b31-a6f9-4db0-80c3-1d4733f9e619, af75180e-2736-46ca-b1e1-5a1878fafcac, 230d19cf-28f8-459a-ad3a-da60aa640639, 7b41b70c-5434-4ecf-898a-e4315641ad41, 1bc0e4d4-c88e-4d9d-9f54-021d69e190f8, c2d9a2c5-fc0c-4bc1-811c-5ad7b4f482d9, 99566c41-bd03-4b37-9ed7-4ba3485e7de5, fb96b132-fcde-46cc-86ef-000cb250c361, 8c246d2b-81bd-4c1f-b563-2c905675f984, 4a108326-b19d-42ce-94f6-807abf6e4679, 6a64daa7-32ec-4d35-a7ec-f3df800f6d5e, 96636c13-46ba-4652-92af-a28850bedf73, 09092757-a6a5-49e6-b2b4-a59856c6ea81, ec122600-f768-4ea1-bf0e-ed74cc84cba2, 14534e3d-c939-4ab8-b67c-0e5f421d1dac, d2071cfa-036a-4d33-ab6d-973ee2e5bbf4, 458bf0ec-efb4-4bfd-9446-c80295e6aa87, aecefcfe-15f2-4d3d-883f-3d16aca6bf58, fd3c2179-09b0-4b2c-96a9-2d8822f28851, d44e8343-b03a-4432-8c7f-fc7b50eb4c6c","1656939564704, 1657112621909, 1657192914820, 1657540692028, 1658263053458, 1658263385353, 1658263546296, 1658324635830, 1658324731529, 1658336541437, 1659118483328, 1659458629827, 1659535116912, 1659535239187, 1659630879958, 1659630971220, 1659631052583, 1659631967660, 1659702653136, 1659986563411","1, 0, 0, 0, 3, 0, 0, 0, 0, 0, 3, 6, 1, 0, 2, 0, 7, 1, 0, 1","61398, 67068, 200181, 143972, 170579, 141709, 42289, 48220, 69259, 252578, 246376, 281503, 93239, 91153, 299205, 80675, 286298, 277062, 98222, 37456","72.01, 57.05, 84.28, 72.79, 66.34, 56.62, 63.99, 65.59, 21.81, 66.61, 72.86, 86.16, 59.89, 48.0, 84.49, 70.29, 79.67, 98.95, 64.82, 17.02","1, 1, 1, 1, 1, 1, 1, 1, 1, 1, 1, 1, 1, 1, 1, 1, 1, 1, 1, 1","1656939564704, 1657112621909, 1657192914820, 1657540692028, 1658263053458, 1658263385353, 1658263546296, 1658324635830, 1658324731529, 1658336541437, 1659118483328, 1659458629827, 1659535116912, 1659535239187, 1659630879958, 1659630971220, 1659631052583, 1659631967660, 1659702653136, 1659986563411"
40c83937aa7631729732fc62b7d432a98f0a40bb10eb185796ff4b2b8db9475f,Non-Logged,24,"c997f3ea-3a38-49d4-bacb-6dbdf415bd74, 6c92672d-9c82-4fb1-b07f-c701a90e2fd2, a5d73397-8c94-4452-ac83-a2c58581c617, a36c98b5-f159-48f8-9f5a-1fc6ea9956c8, 0ae6c507-1503-494f-a195-217586d62e70, 7a01fdb1-c5c0-4833-a252-8593f91eed3d, 890d07b3-46a1-4fa2-9ebc-80e3d6346834, f3e4630d-2b67-48d1-80f8-b222d2064adb, 8864af44-c4a2-4862-82de-be58579ac4f3, 2f022fe5-67d4-4058-903b-482324891e13, 5ebb080a-e96f-4ece-87af-e276fd9d42eb, 0306487b-37be-4eda-bd8e-ad0a60886480, 1a732119-0975-4bc2-8077-cb2ae8d249af, 91266575-23d3-4ce6-91b1-5d0ad7c3936d, 3422afb1-dea7-4e62-a4c5-1fc3bd0c9a44, db120085-22c4-46d0-abb8-3c7fb6dc4dbe, d2593c3d-2347-40d9-948c-b6065e8459a9, 9e1b4571-e55d-4a26-8c5a-1ddd6ecf53ba, 74b728a9-85fa-4040-9c75-aadfc2be807b, a25e68dd-1343-4dc5-be73-2ae40aaca5ee, 857aa90f-a7ec-410d-ba82-dfa4f85d4e71, esid:conteudo_editorial_g1#materia#https://especiais.g1.globo.com/economia/concursos-e-emprego/lista-de-concursos-publicos-e-vagas-de-emprego/, esid:conteudo_editorial_g1#materia#http://especiais.g1.globo.com/economia/concursos-e-emprego/lista-de-concursos-publicos-e-vagas-de-emprego/, d3e97394-5111-43ce-b9b6-c1b6adb729b4","1656957656930, 1656957715307, 1656957715307, 1656958690093, 1657100428951, 1657100467851, 1657535428248, 1657535574248, 1657535749817, 1657536006380, 1657536031921, 1657536111261, 1657563525820, 1657566465415, 1657906533665, 1657906823845, 1657919074728, 1657919236230, 1658144052796, 1659445563919, 1659880496497, 1659881098153, 1659881132709, 1660399154934","4, 1, 1, 0, 0, 0, 0, 0, 1, 0, 1, 0, 0, 0, 0, 0, 0, 0, 0, 0, 0, 2, 0, 0","105934, 168399, 168399, 10504, 38752, 100077, 120000, 46197, 166873, 16322, 77942, 232066, 160000, 60000, 192270, 236134, 95826, 80000, 152124, 23782, 170000, 42605, 80000, 50000","56.91, 82.37, 82.37, 24.78, 50.89, 34.01, 79.3, 63.42, 90.91, 51.65, 72.65, 90.77, 67.48, 81.82, 61.04, 44.03, 41.03, 78.17, 48.96, 19.25, 83.01, 60.98, 88.35, 28.67","1, 1, 1, 1, 1, 1, 1, 1, 1, 1, 1, 1, 1, 1, 1, 2, 2, 1, 1, 1, 1, 2, 1, 1","1656957656930, 1656957715307, 1656957715307, 1656958690093, 1657100428951, 1657100467851, 1657535428248, 1657535574248, 1657535749817, 1657536006380, 1657536031921, 1657536111261, 1657563525820, 1657566465415, 1657906533665, 1657906823845, 1657919074728, 1657919236230, 1658144052796, 1659445563919, 1659880496497, 1659881098153, 1659881132709, 1660399154934"
f9bece4ab441f77b9d87c53a8d4af4d6b93c9a3032056354468370ffabe00f2d,Non-Logged,98,"461707f2-0460-420d-a77f-c09ebaf8354b, e01c1a9f-c5ff-40f5-93c6-af7bb784e755, c58f9844-7eeb-4801-8d04-173d258c0f81, 2d0f9b5c-b7ec-46a6-8a80-6b054470e9df, 54fd8bf0-d4f2-42f8-89c6-a6d49245954f, 67dba0cd-26d8-436b-af84-88032afec923, 3137f551-87d2-48b6-82bf-48b2bf11e643, 29b6b142-4173-4ec4-832f-7d0a32255c10, 1c4faf15-dcb3-46c3-ae9f-b79380e1d1d4, e59e23ae-31e6-4eba-b85a-ce46918829b9, f45df5fd-c743-4e38-b95f-25190bcc5828, d2e8d475-b1b6-4755-bc53-617909b90c7c, 9971bdc4-7a95-45e4-a087-83ff44baa7f5, a36c98b5-f159-48f8-9f5a-1fc6ea9956c8, f4ac3eb5-e145-4685-b9e9-b61f3551aa58, e5b31e24-1bfe-49d5-a0b2-8af464411fda, f0a78e58-ec7e-494c-9462-fbd6446a9a89, 86164891-81b4-4474-998a-7eb5167738b5, 73b9f4e5-3047-4b2a-acce-3232b959c41a, 7fe849c0-4a55-429d-b480-11ee216909dd, 60d611ba-5bdf-41f3-b1cf-0f712879397a, 47874b53-ac2e-4ccc-ad5b-6b2669d59340, d2bfebf8-2ed7-4e2f-a6a4-b950486a86e7, 1174b598-3728-44b3-bb06-a2def5d29a3b, ae7c6880-de6a-41f4-ae7e-d232cfb69670, 74ebde84-c838-40be-b4c0-d9889c04a532, 56b39a7d-a621-4516-9eaa-adbeedd30042, 6b3e8cfc-d40a-4dc1-bf3f-9a4ff3e5b4ba, bacab81b-4dd0-4047-8d51-a9cb03a8e18e, 882e7c95-935a-4eab-9ece-f85f5f7d0f4e, 3c83a8e1-75dd-4f54-b14d-951bed6510c8, 5f7bf100-a164-41b1-85a7-0b4c2105836a, 82300f19-f8fe-49b2-b5b4-f1ac144a369e, 139c9e4d-b7eb-43d0-b2fc-1cb230f0adc8, 5ecc4b24-ff5d-4f8c-8449-53de3b34d213, 6dcc1adc-251d-41c6-b7cc-50f4b00181c5, 6a83890a-d9e9-4f6b-a6c6-90d031785bbf, a1df6cda-af2a-4905-8825-b89b0001e878, 696c06e7-a338-4cf5-b9c3-ea8b9e775a94, 4e2281de-bab1-4f06-b3e9-8263d0ab2b0b, d973bcc5-eb9d-4c11-8017-c88828858da4, 57615619-0c1d-41fb-8640-ccec5b3add58, ea3b1e84-69a9-461a-92b4-8206903def33, 7050db14-50d8-4aed-bc52-12e40fad9474, 866c2347-1f1f-4e8a-bfc6-6179e8133764, 6c04dc83-e523-4a23-9329-5499a899392c, e3cdb277-ad80-4025-b5de-cd98cc67d23d, 750ec729-cd61-4227-85fe-a1e0ebbf7d50, 816408b8-d60f-498d-8382-05294b0ca9c2, e67c8cdf-3c55-4399-a864-3c1591225296, 1770d9f9-cafb-409a-8008-72655ec84a88, 557c0d37-0427-407d-a235-c78028d91220, 7c2c0c12-6dee-4f32-ac9b-15bc975ebbbc, 058b125d-8983-48df-9f0c-c7aabbe7cf7f, fec5cf7f-1039-43b2-8eee-e51c642f3b62, 41a5ceb6-c603-44d2-af37-bc159ed58fa6, a9c454c8-9493-4622-a499-43d20c525f81, 37a0932b-e52e-4483-a370-a566d4c5b8f9, cf8c8e86-b8b8-445e-ad36-384e74cc8b2f, 2968b302-6e02-493b-b192-cdd7f6038e03, 38f206b8-17eb-4f60-8a20-27e808061ef5, 8be03387-6c44-43cc-93ad-65824af9c22a, 890d07b3-46a1-4fa2-9ebc-80e3d6346834, b0803304-62b4-4428-a333-e9bf623c8a98, 5f2f1833-d203-486a-ac56-665fc3767018, b506a89e-b492-43cd-b344-84875a797cc9, e22473a3-7a8a-46cb-8c86-1bda7a5c70de, fdab1161-53cc-433f-8c1f-636130bbaba1, 83568c85-7264-4e45-8a2e-eeb246118465, 5b90df37-0b8b-44d6-abdb-6fad31217c26, 6d6bb0f0-0586-40ee-8db7-f7054e370707, 6406fca8-d17f-4ae1-b4f0-6e132249d3e4, 57829839-9caf-4fcf-b557-271dd0dbc7a8, 9929eaae-7536-4dbb-a05d-8261c8df07e6, b45d3be3-1172-4a62-8b29-a7c0faba7124, 6f344c45-e731-41b4-8c65-9967ebc03096, 0ce3b202-a4cb-4e74-a0a4-85f87dd0d9a3, d2593c3d-2347-40d9-948c-b6065e8459a9, 081ff3d5-4b43-43c4-93b9-633acb86f89e, 81554b6d-3d0d-45ea-a5f5-15c09331690d, fd3cef8e-7a96-4c4e-a76f-983b7de8931f, bfa22f18-2f18-456e-a362-f77217d8d527, 29f38a91-5f3f-4cdb-bc7c-db95cfb52710, fa571e66-a5b4-448f-905f-59e398a673b5, 9c1aa0e0-51ec-4f20-b5eb-ce749f1d43c3, c21004f0-4d4b-4882-8718-e1d6d276b175, 5ef8124d-495e-4de3-af19-48c14b92dbd4, f11c41ea-0543-4ca2-b251-d90911d1b02f, f6c1dada-7c43-499f-b15a-633c05b3bd55, ccd0027e-aae0-4da3-bd8c-69e2160164ba, ede8f363-4c27-4f5e-a70e-33f8aa31d94b, 841bfeed-2081-4797-b6a0-1087aa7c2846, 87e1a9b9-1d86-41c7-a3f3-4bb5e4c2714a, c309c7aa-b438-416a-b3a2-bd433614c6ab, 8e0884e2-50ba-44c0-87b9-d64d913288af, 323b361d-bcc9-4188-af89-662eaf5e899a, 3709bff1-ccf8-436a-964f-40b6f5ae47bd, 9d780356-4f15-4feb-bad4-311edddf1826","1656715468633, 1656715544483, 1656876235955, 1656888349977, 1656904916719, 1656906958115, 1656907026814, 1656907064223, 1656907531365, 1657056788065, 1657057176011, 1657123351011, 1657183783648, 1657207412886, 1657295242527, 1657317877435, 1657388639335, 1657388658829, 1657408005847, 1657410892018, 1657527150798, 1657527277979, 1657527478102, 1657576350137, 1657576387711, 1657617785639, 1657656706459, 1657657003096, 1657657346437, 1657672844816, 1657726411331, 1657754797150, 1657911236256, 1657920364303, 1657920781268, 1657920877996, 1657998559629, 1658071601781, 1658072842357, 1658073004303, 1658275204025, 1658275319420, 1658275481020, 1658275603328, 1658276010291, 1658306342696, 1658363315907, 1658443884185, 1658451042409, 1658451106890, 1658527641297, 1658619141396, 1658643145732, 1658643355719, 1658695963308, 1658731560143, 1658732071492, 1658743976275, 1658913653115, 1658913701911, 1658914952018, 1658932611582, 1659005702081, 1659005846070, 1659005922725, 1659006280280, 1659006738187, 1659007038511, 1659020462350, 1659137596144, 1659155795853, 1659156587544, 1659157406386, 1659175559623, 1659176133241, 1659176270925, 1659216935663, 1659337623043, 1659338795089, 1659366086912, 1659504252219, 1659564182366, 1659564669171, 1659654622092, 1659891004787, 1659916707068, 1659990382288, 1659990729639, 1660056188340, 1660158210431, 1660167597959, 1660289646783, 1660321613341, 1660332315349, 1660439074132, 1660443676479, 1660443953204, 1660477285220","29, 39, 0, 28, 37, 15, 20, 33, 13, 24, 66, 0, 46, 23, 51, 39, 0, 30, 23, 33, 29, 52, 19, 12, 58, 10, 1, 91, 29, 11, 9, 37, 42, 75, 48, 100, 46, 51, 0, 119, 33, 18, 26, 136, 34, 32, 52, 66, 0, 1, 44, 54, 52, 0, 52, 211, 108, 62, 2, 49, 37, 115, 59, 3, 72, 49, 93, 196, 148, 40, 102, 249, 71, 105, 18, 39, 55, 84, 14, 33, 16, 72, 29, 15, 207, 73, 26, 21, 24, 34, 82, 66, 15, 43, 6, 25, 36, 60","48285, 45481, 10000, 42007, 85061, 16672, 22080, 62517, 18253, 55221, 106515, 10928, 67708, 35711, 60000, 112623, 10000, 63474, 20000, 72088, 40000, 111996, 145358, 10000, 103737, 10147, 10358, 340079, 60398, 20000, 30000, 113620, 125025, 106182, 73297, 105983, 86865, 72510, 155280, 249100, 91927, 64519, 72878, 276442, 134522, 77444, 68708, 142288, 10000, 10000, 105110, 99380, 58617, 9879, 138511, 498302, 141191, 102463, 7211, 73818, 96891, 184602, 70000, 5732, 92989, 103687, 214464, 416636, 364345, 36084, 220739, 609621, 158055, 160000, 27874, 72597, 99149, 134991, 20000, 120000, 31805, 220492, 70000, 12540, 336482, 100744, 43266, 42454, 43870, 55602, 220000, 80000, 21523, 120652, 15037, 60000, 82939, 130510","49.25, 41.2, 11.5, 54.03, 33.72, 41.35, 48.47, 31.56, 35.7, 36.02, 85.04, 9.03, 92.41, 51.26, 99.99, 40.5, 29.33, 60.93, 29.1, 63.98, 30.26, 37.61, 58.95, 47.78, 49.73, 25.17, 14.57, 71.7, 30.7, 13.48, 44.59, 40.25, 45.16, 32.38, 39.07, 86.44, 63.9, 49.58, 46.55, 69.44, 43.53, 45.84, 43.5, 72.41, 29.01, 45.87, 51.63, 60.07, 10.26, 9.31, 49.14, 41.42, 42.34, 9.23, 53.49, 72.63, 63.21, 44.98, 16.12, 44.38, 42.16, 71.46, 33.84, 15.79, 43.71, 51.19, 59.56, 100.0, 46.94, 56.14, 66.95, 93.79, 80.45, 87.53, 43.71, 56.23, 46.39, 52.7, 39.04, 17.71, 22.84, 65.18, 46.12, 55.67, 74.12, 91.29, 66.41, 34.01, 41.81, 38.12, 63.98, 62.65, 31.19, 36.88, 43.05, 35.8, 46.05, 56.96","1, 1, 1, 1, 1, 1, 1, 1, 1, 1, 1, 1, 1, 1, 1, 1, 1, 2, 1, 1, 1, 1, 1, 1, 1, 1, 1, 1, 1, 1, 1, 1, 1, 1, 1, 1, 1, 1, 2, 1, 1, 1, 1, 1, 1, 1, 1, 1, 1, 1, 1, 1, 1, 1, 2, 1, 1, 1, 1, 1, 1, 1, 1, 1, 1, 1, 1, 1, 1, 1, 1, 1, 1, 1, 1, 1, 1, 1, 1, 1, 1, 1, 1, 1, 2, 1, 1, 1, 1, 1, 1, 1, 1, 1, 1, 1, 1, 1","1656715468633, 1656715544483, 1656876235955, 1656888349977, 1656904916719, 1656906958115, 1656907026814, 1656907064223, 1656907531365, 1657056788065, 1657057176011, 1657123351011, 1657183783648, 1657207412886, 1657295242527, 1657317877435, 1657388639335, 1657388658829, 1657408005847, 1657410892018, 1657527150798, 1657527277979, 1657527478102, 1657576350137, 1657576387711, 1657617785639, 1657656706459, 1657657003096, 1657657346437, 1657672844816, 1657726411331, 1657754797150, 1657911236256, 1657920364303, 1657920781268, 1657920877996, 1657998559629, 1658071601781, 1658072842357, 1658073004303, 1658275204025, 1658275319420, 1658275481020, 1658275603328, 1658276010291, 1658306342696, 1658363315907, 1658443884185, 1658451042409, 1658451106890, 1658527641297, 1658619141396, 1658643145732, 1658643355719, 1658695963308, 1658731560143, 1658732071492, 1658743976275, 1658913653115, 1658913701911, 1658914952018, 1658932611582, 1659005702081, 1659005846070, 1659005922725, 1659006280280, 1659006738187, 1659007038511, 1659020462350, 1659137596144, 1659155795853, 1659156587544, 1659157406386, 1659175559623, 1659176133241, 1659176270925, 1659216935663, 1659337623043, 1659338795089, 1659366086912, 1659504252219, 1659564182366, 1659564669171, 1659654622092, 1659891004787, 1659916707068, 1659990382288, 1659990729639, 1660056188340, 1660158210431, 1660167597959, 1660289646783, 1660321613341, 1660332315349, 1660439074132, 1660443676479, 1660443953204, 1660477285220"
501d0030f62f5a640e7ca01740aeb19570b5a9aa4924f26e049d2ed66b48c70c,Non-Logged,92,"04756569-593e-4133-a95a-83d35d43dbbd, d173164f-dcfc-4e32-8006-64ab44a57c66, d5f5e1da-c3c8-49ab-b0a6-e027f3d4d724, 68bc8994-ebef-4e48-8478-e7fe1619ae58, 2b72c2d5-a6b9-436b-b634-08e8a39322c9, 65ec130b-e557-4075-be1d-ab0c967b643c, 2008f497-c05f-49e0-88dd-86aa1e395f15, 0a5923de-45ed-4142-b3a7-17546131670c, 1f32787b-de2b-49be-8c20-ddaeae34cc22, 6e5ae05a-ccc9-4384-85b8-9fa1d871ba1b, 3fb7858c-33f9-412a-b0cc-c847df3e2be0, b39c87f2-64ec-4aa3-8d68-01c18ba591ec, abcd99d4-7221-4d4c-84ee-2d36f904731e, 5fada3ca-d728-4b7b-91c0-b1352a07ada6, 69990b31-a6f9-4db0-80c3-1d4733f9e619, 82206221-05a0-4f89-aa10-e8c8dc0cc418, 17d0a275-8223-472c-8c9c-cafdbd6b5739, c31953bb-c126-47ad-9112-d82f8776db2e, b2a21491-7576-4be0-a520-97ce9470efeb, 4847b1a4-900e-45be-81b2-205769cfae45, f4ac3eb5-e145-4685-b9e9-b61f3551aa58, 68651be6-f56a-496f-8afd-bd00c6c7f4db, 61e5c9d9-f22a-4993-9062-7bcff41a8b8d, f0a78e58-ec7e-494c-9462-fbd6446a9a89, b92a923f-9a8e-488c-85f9-58079ee721b2, 144ce48c-2ff3-4ed7-a072-91c228de37dc, 96d328b9-5da7-4389-a9ac-765e98971ab7, e5b31e24-1bfe-49d5-a0b2-8af464411fda, c85cb6f6-60e1-4a94-8f8f-6b436bb1d77c, e2a81417-e811-46a4-b26e-f77c1c836046, 99566c41-bd03-4b37-9ed7-4ba3485e7de5, bdbb0da2-1e5c-4a97-8fa6-d0b1701e920c, 151bbffd-e13c-4700-b10f-442275071083, 385044ad-3876-4188-83fa-f560435c1a9c, 4154f103-9e39-49f5-8982-cdf13c576928, 73ed314a-a9f3-4b76-83f1-67063a4ca520, 8c246d2b-81bd-4c1f-b563-2c905675f984, c370b626-8d8e-4c0e-9d06-0cf16473bd29, 8f28e4d1-c4ab-4ce6-8acf-27726b061aa3, f774e860-8103-49bf-b04e-63b316735e4b, 4d89c4b6-6827-4935-9ba1-0502025af270, 4e9c2825-ff13-41ca-8e91-edd848060d19, 4f126ed4-66ca-4379-8779-6afa1b4d1662, 939a4847-0392-4e27-97ce-fc9770789282, 2463b085-fab1-4d06-b557-614e28ba71fc, d8de2192-12b4-4fb5-97d8-8a6360a10e78, 7fcf82cf-6a19-4e1f-a054-d5356546bf31, 88d6396e-b422-4b6f-a119-6dda88213f01, 41086d19-f1c3-4775-812e-8c0634aad590, 0e69fd2a-7bf7-487b-8da0-6e41a7950fd4, f6b5d170-48b9-4f8e-88d4-c84b6668f3bd, bcf0a249-f985-4e6a-bde8-730726a42a16, ad42c4b0-dfb5-49fb-87bf-7b5d055b6e8e, a9c454c8-9493-4622-a499-43d20c525f81, 76d05d9e-44ac-4843-8bbb-9fb4531ac9fc, 0efdecf9-c71b-4cbf-b898-65cacc5067f0, ef9afcb3-ceaf-44cc-8951-2cde2c981b62, d3f1ee4d-fc50-4e1f-af67-99bbbd2e9555, 38dc178a-4ddd-401f-afc6-7b0f93637811, f00301ea-a6ff-437d-b83d-f18cc5d1a314, 529a23e0-baa8-4824-9554-416ceba464ae, e8e6fd2f-86e8-47f8-b132-e196dc9e3b2f, b3984824-9eea-4ad9-ae37-b07782ecc313, 919f29bf-d153-400c-a04a-4237f5adf116, 1b925ea5-4211-4667-9ec2-e5c0ac1f9590, 127dc467-cdde-4738-aa8c-e18ab0e3e81c, fdab1161-53cc-433f-8c1f-636130bbaba1, 7966abf9-474e-4190-a9f6-baa5501068a0, f2e29b50-df53-4cdb-8159-a1ba47b2af91, 8ce81c16-71ad-4eb4-88dc-d6a85c49dbff, cbc832d6-af68-41bf-91d4-8740d71c5952, 5d92add1-219e-4f10-9c1e-8d610487ab78, ae6ab95e-0c43-4be4-8748-3eef5711fd10, 5b90df37-0b8b-44d6-abdb-6fad31217c26, 148518b5-c324-4882-81a6-678168063a2c, 458bf0ec-efb4-4bfd-9446-c80295e6aa87, d2593c3d-2347-40d9-948c-b6065e8459a9, cef0d9c5-c133-436d-9468-0dfa38fed3da, 7339e66c-88f2-4c79-8600-df7219361a2a, d5fe8ac5-a1f3-4287-a2b5-b12eb503abeb, 90b286b0-4b0a-4cf7-8a0c-3099160f5520, c2ae69a6-07a4-42e0-9c00-e642cb97b2ff, 4c63d7cd-4902-4ffb-9b94-578b1b2151f0, 75edeed4-f657-4c4a-8811-4ffed3ff3a0a, 6144af8d-bd8e-415b-9cc6-b463c6de4bed, 5b3d6251-33ad-4234-825f-6390d004f74f, bcf382ca-b778-4bbe-979e-766303f519eb, 72725f40-ad49-4d2b-9807-c75a7e59deb6, 362d282e-5d9d-4691-86a6-21bcac0703d7, 7b433dde-4315-44b7-8b2f-488ff508bb4e, 037155f4-4db8-4f07-8d0a-3e559605b8ad, 855d20b7-53f2-4678-a10f-55402d085018","1656936582891, 1656946877846, 1656949998896, 1656958379450, 1656963979724, 1657023431574, 1657117322918, 1657129012748, 1657199066469, 1657278947112, 1657279194391, 1657294118308, 1657300609360, 1657547271544, 1657547359512, 1657548190004, 1657549493320, 1657556731293, 1657637892766, 1657639373288, 1657644065325, 1657652148187, 1657652148271, 1657652160597, 1657659621405, 1657711103884, 1657713488585, 1657729505572, 1657729799486, 1657817090944, 1657896678408, 1657896801863, 1657896807833, 1657905500273, 1657915329330, 1658233042075, 1658246358201, 1658247825489, 1658254916837, 1658254925329, 1658262183140, 1658317408909, 1658317415896, 1659353606455, 1659353622877, 1659374403116, 1659379557123, 1659379699772, 1659381545837, 1659439741977, 1659446767007, 1659454216793, 1659458142576, 1659459216011, 1659459300198, 1659459446730, 1659459447992, 1659462283390, 1659526780290, 1659531113478, 1659531228892, 1659533797779, 1659533830084, 1659541846865, 1659541860150, 1659542128014, 1659544378435, 1659556984280, 1659559919966, 1659637298557, 1659638720732, 1659638722890, 1659712638189, 1659725836956, 1659977217198, 1659980256725, 1659987833018, 1659990535177, 1660046443172, 1660048835806, 1660059556594, 1660063856565, 1660072456452, 1660135648112, 1660135686083, 1660137726911, 1660156075904, 1660157714512, 1660230508155, 1660246885992, 1660246886135, 1660320363086","0, 3, 0, 1, 1, 0, 1, 0, 0, 1, 0, 0, 0, 2, 0, 1, 5, 0, 1, 0, 0, 0, 0, 1, 0, 0, 0, 0, 1, 0, 0, 0, 0, 1, 0, 2, 1, 0, 0, 0, 0, 2, 0, 1, 1, 0, 1, 0, 0, 0, 2, 0, 1, 0, 1, 0, 0, 0, 1, 1, 0, 0, 0, 1, 0, 0, 0, 0, 4, 1, 0, 0, 0, 0, 1, 0, 0, 0, 0, 0, 0, 0, 0, 1, 0, 0, 3, 0, 0, 0, 0, 0","30000, 60000, 40000, 129536, 30000, 38195, 70000, 55815, 64621, 196912, 41257, 30645, 45117, 71658, 10000, 89282, 80000, 34254, 98237, 21253, 63194, 80000, 13000, 8894, 36774, 20000, 120000, 27348, 87989, 130000, 64820, 67456, 57044, 20000, 14920, 107594, 38710, 22893, 7924, 21114, 50000, 47541, 7096, 40144, 33666, 12539, 35263, 16601, 17996, 100000, 166080, 15626, 95889, 19520, 63313, 22365, 33974, 15754, 64655, 52767, 31674, 15491, 60000, 104651, 66908, 31455, 17185, 11548, 45272, 90000, 6418, 9087, 60000, 16831, 30182, 20469, 7651, 60433, 45657, 11684, 72540, 12980, 17631, 70000, 30000, 27753, 81494, 24449, 70202, 43704, 60000, 26676","55.93, 39.55, 50.08, 61.26, 59.93, 59.11, 24.02, 32.87, 48.78, 52.75, 71.19, 44.87, 53.12, 50.32, 12.48, 60.8, 19.24, 68.65, 73.42, 56.52, 56.28, 37.55, 44.67, 8.31, 26.25, 33.07, 50.45, 32.11, 57.21, 72.02, 44.76, 51.88, 66.38, 52.19, 53.87, 57.41, 68.72, 41.83, 46.68, 47.08, 66.33, 30.37, 25.82, 61.32, 42.69, 58.66, 77.46, 28.58, 54.21, 47.62, 45.81, 45.69, 51.87, 61.26, 82.91, 74.41, 85.12, 54.26, 54.57, 55.69, 60.26, 51.47, 48.63, 54.76, 36.28, 13.12, 48.29, 38.25, 60.27, 55.01, 23.81, 30.82, 65.75, 64.01, 68.84, 44.97, 54.72, 57.39, 42.61, 36.61, 57.49, 36.14, 41.38, 65.81, 55.97, 35.42, 37.85, 59.51, 64.36, 16.55, 60.59, 54.59","1, 1, 1, 2, 1, 1, 1, 1, 1, 2, 1, 1, 1, 1, 1, 1, 1, 1, 1, 1, 1, 1, 1, 1, 1, 1, 1, 1, 1, 1, 1, 1, 1, 1, 1, 2, 1, 1, 1, 1, 1, 2, 1, 1, 1, 1, 1, 1, 1, 1, 1, 1, 1, 1, 1, 1, 1, 1, 2, 1, 1, 1, 1, 2, 1, 1, 1, 1, 1, 1, 1, 1, 1, 1, 1, 1, 1, 1, 1, 1, 1, 1, 1, 1, 1, 1, 2, 1, 1, 1, 1, 1","1656936582891, 1656946877846, 1656949998896, 1656958379450, 1656963979724, 1657023431574, 1657117322918, 1657129012748, 1657199066469, 1657278947112, 1657279194391, 1657294118308, 1657300609360, 1657547271544, 1657547359512, 1657548190004, 1657549493320, 1657556731293, 1657637892766, 1657639373288, 1657644065325, 1657652148187, 1657652148271, 1657652160597, 1657659621405, 1657711103884, 1657713488585, 1657729505572, 1657729799486, 1657817090944, 1657896678408, 1657896801863, 1657896807833, 1657905500273, 1657915329330, 1658233042075, 1658246358201, 1658247825489, 1658254916837, 1658254925329, 1658262183140, 1658317408909, 1658317415896, 1659353606455, 1659353622877, 1659374403116, 1659379557123, 1659379699772, 1659381545837, 1659439741977, 1659446767007, 1659454216793, 1659458142576, 1659459216011, 1659459300198, 1659459446730, 1659459447992, 1659462283390, 1659526780290, 1659531113478, 1659531228892, 1659533797779, 1659533830084, 1659541846865, 1659541860150, 1659542128014, 1659544378435, 1659556984280, 1659559919966, 1659637298557, 1659638720732, 1659638722890, 1659712638189, 1659725836956, 1659977217198, 1659980256725, 1659987833018, 1659990535177, 1660046443172, 1660048835806, 1660059556594, 1660063856565, 1660072456452, 1660135648112, 1660135686083, 1660137726911, 1660156075904, 1660157714512, 1660230508155, 1660246885992, 1660246886135, 1660320363086"
9ad67d006c16b98e1831ef04124dde1d11d5ecc8e2a4f36feba9c11bbfc4a294,Non-Logged,20,"9fedc28f-b68e-4bd7-b97e-778e1e8f6274, c3beba0c-deff-4d3f-bbdf-4e58a8ccc0f8, 752f8069-b52d-4a82-8600-a31918bf9965, 4473afa8-64d7-446a-b5a8-e99efdac7ec5, ea5e8c85-6228-47bc-958b-bcbdec05e2e5, 9a7695fe-83b3-44f3-aa45-a02d75e5052a, 3f56ee41-381b-421a-b004-87e10d01fd14, cc766b1f-ef8d-4643-beab-37634ddf8249, d303158c-8b2c-45de-ad18-2fdf67d06397, 0e0b9479-76a5-4c14-880e-313b348e1293, 7c3fbe06-7d31-49b6-986f-3be196b84687, e22473a3-7a8a-46cb-8c86-1bda7a5c70de, 818f0d18-937a-4391-b7db-9952e7a79e5e, 4b5232ba-7405-48f0-9703-5f891910222e, f4d46a04-e9dc-4cb1-a383-af5c2a6413d6, 494c1f30-c699-4981-a422-4db68a6eb0e8, 766281d9-c4cf-4bf5-b82e-374305ec7095, df6cad06-1079-4749-b1f2-d0c42a63729e, ef8d4f8e-59a2-4de8-a9ce-3a4299a9e41a, d2593c3d-2347-40d9-948c-b6065e8459a9","1657551874902, 1657551954444, 1657552053437, 1657554354825, 1657554424069, 1657629236712, 1657630058707, 1657725033648, 1657725458727, 1657725545540, 1657886482967, 1658406851665, 1658513610476, 1659640464567, 1659641188000, 1659641327012, 1659641485657, 1659707779622, 1659995209611, 1660318308105","0, 0, 0, 0, 0, 0, 0, 0, 0, 0, 0, 0, 0, 0, 0, 0, 0, 0, 0, 0","59975, 40000, 20000, 30000, 73881, 31803, 29451, 209999, 61069, 60000, 68851, 50000, 58126, 80000, 70000, 20000, 80000, 19061, 39219, 170000","100.01, 92.81, 40.2, 75.64, 79.68, 19.9, 68.37, 68.99, 29.31, 58.56, 53.69, 51.19, 80.46, 67.55, 75.38, 20.02, 38.67, 48.96, 90.72, 77.62","1, 1, 1, 1, 1, 1, 1, 1, 1, 1, 1, 1, 1, 1, 1, 1, 1, 1, 1, 1","1657551874902, 1657551954444, 1657552053437, 1657554354825, 1657554424069, 1657629236712, 1657630058707, 1657725033648, 1657725458727, 1657725545540, 1657886482967, 1658406851665, 1658513610476, 1659640464567, 1659641188000, 1659641327012, 1659641485657, 1659707779622, 1659995209611, 1660318308105"
7f5fdd8028cf28fdd6017f4be0f275c040797def6bc23847933d059a9a6e4f87,Non-Logged,6,"f1ca4eaa-9d1e-4fc0-bde3-dfe613448309, bc2813a1-191b-4255-a4b2-373c5930fbb8, 1e3a0fb9-edfa-47c1-9e58-a505f628f930, 4c586bb4-f71d-4b39-9df8-e38ac3f632a0, 9385dbf2-3c15-4a39-94da-728d3b3436fa, 5dc238f3-93be-4fbe-ab76-ec09c9cdcbd3","1657545117933, 1657545455218, 1657549541825, 1657889965828, 1657890227468, 1658752284388","0, 0, 0, 0, 0, 0","128905, 250000, 86819, 105157, 27896, 27974","70.67, 53.6, 37.11, 49.68, 42.53, 23.5","1, 1, 1, 1, 1, 2","1657545117933, 1657545455218, 1657549541825, 1657889965828, 1657890227468, 1658752284388"
cd0465f2c0c53ee0ca29a4444c4182d5a79435b8db5dff8f81df647fca8a52fa,Non-Logged,1,facfc5da-185a-48be-a484-7117d3aea0c0,1659106449523,5,140000,34.37,3,1659106449523
4ce77a362c37f378e05e8bd970ca05851c4ed6f34f6692ee5d0b7cb383c2540f,Logged,63,"69cdf5cb-1f8c-44aa-a28e-030d8dddca89, b2a21491-7576-4be0-a520-97ce9470efeb, f495df7c-69b4-412f-83cd-1980a9ccabd7, dc5abd37-fda0-4ad8-9620-8db2b13090d5, 7fe849c0-4a55-429d-b480-11ee216909dd, 539c0c29-885e-452d-86dc-562209ba9f3f, 9220d7b6-6427-4d22-a558-a36009b9fe76, bd16efee-c21b-4a28-aab6-0d374729fbbc, e8922989-311f-407b-954d-67767cd97d83, ac205525-a1be-494e-8eca-2375e15e55dc, 6a83890a-d9e9-4f6b-a6c6-90d031785bbf, a6e7224d-da3e-468f-bc51-26331659e06a, 750ec729-cd61-4227-85fe-a1e0ebbf7d50, 11649ce1-ed5a-46e0-92da-eb105f4555ff, 96aebf6e-817d-4a3d-9e21-f5357ecebab0, ffcf4bd3-6405-4864-a9c5-628515336b13, ec2a1902-76bd-468e-9ad0-de1d2c476938, 15281e10-e6bc-48bc-9b1b-94402f83699b, 829265f6-c85e-4474-aaf2-49f7df8c4fdc, b3984824-9eea-4ad9-ae37-b07782ecc313, fdab1161-53cc-433f-8c1f-636130bbaba1, 83568c85-7264-4e45-8a2e-eeb246118465, bd4e7054-4043-4acf-9a49-7d883152189d, e8ee236a-ab4c-466a-97dc-0811aea169c2, 458bf0ec-efb4-4bfd-9446-c80295e6aa87, 89fa73f0-4341-4de4-bb2a-e429ef96bd43, 27625dab-0353-4ea8-b88c-b945c9e782dc, 1c6341f3-ca86-4f0a-ba3c-5f2ecc924bc3, b45d3be3-1172-4a62-8b29-a7c0faba7124, 54cb252a-78b5-463d-b31f-f54f63d85a29, 0cbdd9df-627a-4b85-a60f-99e60e596e68, 8d477e04-3bab-4ad9-8fe3-799059238a9c, 9e1b4571-e55d-4a26-8c5a-1ddd6ecf53ba, 5af99ef3-adff-464d-9976-5c5d6391b014, 29880b16-0a8f-4e44-8720-9648db5471e5, a8f0cda0-6c9c-45f6-b72a-3c20ba9624ea, 30fbe075-a9fe-4f8c-a58b-3459982b7018, 7c0519fa-b3e0-43db-9681-d3b14b5bcf8a, 4c63d7cd-4902-4ffb-9b94-578b1b2151f0, d87edf85-6458-49dc-a178-0aa5a29c8a33, a5079540-8809-4ae4-9ea1-2871500fea2e, c48c4f8d-b3c7-4d3f-82c4-84091bd4e401, 61e07f64-cddf-46f2-b50c-ea0a39c22050, c3ab8c0a-c9a4-4211-a478-821766ef7fda, 50f85bf5-c153-4611-bf35-2f781ae4e234, 6329820f-1dfd-4f34-b8ba-0bc81b10298b, b4e732ba-beed-413b-9c5a-7c409992dcfe, b6ff34a6-65f6-43d4-a434-c72e009e32dd, 8c972deb-c174-4efc-a18c-b78df3a63669, 04ba70ec-697f-4966-b985-bf97a54dcb23, 08a27175-61cb-4462-b0cf-4f9ec2d9d9f0, 5ad189e3-77e6-4c5e-9eed-8979ba58e283, 07fc1034-4aa5-4600-b19d-5160c55c917d, c4a64d0d-09b8-4f82-8e32-4d2ec6067226, 72e5a5af-c657-41c0-a859-d4fcc4b7b933, 8e0884e2-50ba-44c0-87b9-d64d913288af, 350f87bb-204f-48a1-aa24-6f038e119039, 125d205d-793b-4746-8024-5801b88d1039, 855d20b7-53f2-4678-a10f-55402d085018, 72a3e123-8b6d-40cd-bb6f-bc62bc062b59, 7c06b43c-507c-46d8-9a35-2f5910af8238, 38578b5c-4509-49df-ad79-c62cc914e4a5, 48a29d81-161c-4131-b08b-18605a75ed61","1656645899677, 1656722371340, 1656897645405, 1656897669152, 1656938106371, 1656938436229, 1656948627259, 1656948677258, 1656982982191, 1656983026834, 1656987339199, 1656987483053, 1657027363087, 1657027425187, 1657035607083, 1657035692794, 1657058717678, 1657209389037, 1657241716369, 1657241982450, 1657278119024, 1657278467646, 1657278583086, 1657278857466, 1657281087843, 1657364528834, 1657368942160, 1657471594668, 1657471933493, 1657491439899, 1657506701777, 1657551346605, 1657551791660, 1657566511988, 1657566712217, 1657566911029, 1657574305204, 1657574500057, 1657574737675, 1657584586689, 1657684241983, 1657684655564, 1657724398559, 1657804559997, 1658156441454, 1658175783889, 1658183256831, 1658273623192, 1658364214047, 1658542592684, 1658542752418, 1658953567159, 1658953643792, 1658953935260, 1658959220983, 1658959291885, 1658959449521, 1659319739737, 1659319813515, 1659398469035, 1659616562612, 1659786015649, 1659892895042","5, 39, 5, 56, 55, 11, 19, 10, 2, 6, 21, 35, 29, 65, 30, 38, 0, 7, 12, 48, 52, 22, 72, 17, 24, 1, 57, 55, 15, 17, 31, 56, 2, 19, 17, 52, 34, 47, 17, 1, 34, 34, 50, 0, 11, 17, 1, 2, 13, 25, 0, 11, 43, 11, 12, 26, 25, 10, 37, 1, 1, 0, 3","20000, 170000, 13224, 100854, 319114, 67296, 37578, 27753, 14174, 22025, 125966, 149019, 54463, 129603, 75777, 100000, 13172, 30835, 110000, 200000, 343997, 110170, 334188, 70000, 70000, 10132, 294914, 347976, 79572, 131479, 70000, 327797, 13653, 110000, 60000, 331675, 80000, 110000, 20000, 10003, 140000, 140000, 150000, 13282, 50000, 101845, 18799, 43806, 80000, 120000, 10000, 74701, 180000, 48135, 60621, 152229, 110000, 40000, 190000, 107156, 10000, 140000, 10000","37.09, 84.18, 20.86, 88.21, 93.64, 82.23, 53.19, 43.91, 42.47, 11.18, 73.49, 93.85, 85.33, 88.21, 65.05, 32.35, 8.29, 36.47, 62.66, 100.0, 87.53, 89.04, 79.52, 64.12, 31.28, 18.92, 100.0, 93.98, 61.15, 46.41, 45.46, 56.73, 25.01, 46.1, 27.43, 54.23, 51.15, 50.4, 23.58, 11.63, 57.39, 55.97, 64.34, 10.9, 31.47, 64.37, 51.69, 69.09, 41.93, 87.41, 6.85, 55.13, 88.06, 38.95, 30.99, 78.57, 91.65, 52.1, 89.0, 74.9, 8.73, 73.6, 10.14","1, 1, 1, 1, 1, 1, 1, 1, 1, 1, 1, 1, 1, 1, 1, 1, 1, 1, 1, 1, 1, 1, 2, 1, 1, 1, 1, 1, 1, 1, 1, 3, 1, 1, 1, 1, 1, 1, 1, 1, 1, 1, 2, 1, 1, 1, 1, 1, 1, 1, 1, 1, 1, 1, 1, 1, 1, 1, 1, 1, 1, 1, 1","1656645899677, 1656722371340, 1656897645405, 1656897669152, 1656938106371, 1656938436229, 1656948627259, 1656948677258, 1656982982191, 1656983026834, 1656987339199, 1656987483053, 1657027363087, 1657027425187, 1657035607083, 1657035692794, 1657058717678, 1657209389037, 1657241716369, 1657241982450, 1657278119024, 1657278467646, 1657278583086, 1657278857466, 1657281087843, 1657364528834, 1657368942160, 1657471594668, 1657471933493, 1657491439899, 1657506701777, 1657551346605, 1657551791660, 1657566511988, 1657566712217, 1657566911029, 1657574305204, 1657574500057, 1657574737675, 1657584586689, 1657684241983, 1657684655564, 1657724398559, 1657804559997, 1658156441454, 1658175783889, 1658183256831, 1658273623192, 1658364214047, 1658542592684, 1658542752418, 1658953567159, 1658953643792, 1658953935260, 1658959220983, 1658959291885, 1658959449521, 1659319739737, 1659319813515, 1659398469035, 1659616562612, 1659786015649, 1659892895042"
94be87009def905bc985c2389a32c60fd06e58efb5aeff48b1db5abb83cf6256,Non-Logged,49,"185637d7-84c5-4f81-8087-637a915b9549, e1c14cdf-8a07-468d-bb5d-ea62a2897f3f, c7296f91-5231-42d1-a7e9-b1a4a1bc28df, bd47bcf5-51ef-485f-92fd-f09a8e484bb1, cd4d5312-ed8d-4d62-a0b8-ac139c7920be, f3e7e062-58dd-4c39-98cd-b8c0c56f8773, 6acbb64f-0b1b-4320-b9a8-b779c8da11a1, d7f8a775-3da7-4de2-a2b9-6dceff7957bb, 74ec4ccd-b99c-43ba-b683-e6dcd86f55e2, affc8e0c-2946-423b-b853-00755f082683, 750baeb6-7517-4a00-9d0a-467317e0150b, dc5abd37-fda0-4ad8-9620-8db2b13090d5, e3b1a793-7d8f-41ab-bf32-d389155b2a09, 2f030cca-97b0-4b03-bf8d-c20a44e3121d, 81659c10-e3b7-4fbb-ad38-233326d3b729, 4e163060-2488-4627-a8ba-bbfc54a4d57d, a8432b0e-e05f-451e-be89-8a500b59d492, 78c6496b-74f0-4060-94c8-a315d1acfe61, d57cd3fc-5185-4b29-8a85-c2f04bf6921c, f14ffcb3-49c4-4718-962b-862a655494b0, 60091237-bd16-45cd-b7c1-0403e910a325, d7a4a50c-39ae-4b02-b5c4-b78f92614446, 502b0b0e-61a7-41ca-b1c3-143860f0805a, 005a743a-0a81-4dd4-ba1f-6dc63cc33a34, 750ec729-cd61-4227-85fe-a1e0ebbf7d50, b8ccca88-1a1a-44a1-a0bb-13307b4006cf, 90ef4755-b9ca-4932-b8a9-05cef24e36e1, 72b84afc-c34a-4f28-985b-6c77d8b66747, 72737dae-dbb4-47d7-88d0-41b0b5bf475e, 94c77949-55cc-434b-84bc-f84bf875da63, 89b658b9-60a8-473f-86dc-54a2a7504c3b, af9041de-8b5c-432a-96df-1ca4cb910f33, 1b884897-6e78-4a9f-941e-e4299405aec9, b4d4484d-ed70-4785-a3d1-69ca4328d54d, f8199dce-803d-450a-a3cc-dea04b921afa, 57de0c43-d7e5-406a-b153-71ea00d3d153, 9c1aa0e0-51ec-4f20-b5eb-ce749f1d43c3, b7e453a4-f138-4699-8600-33f9d1534a7e, d772c1c8-4833-4c60-9763-953234ff3168, 7c778e01-6cf5-4367-961a-40999261af9e, 1fbda98e-49b8-4868-b22f-71be0a9d759e, b51b376d-7e07-47ef-95f5-ae4b6eb30bdb, 2dc077e2-33ce-4505-8b20-d9c440aa102a, 362d282e-5d9d-4691-86a6-21bcac0703d7, 240d3a80-2c1d-4741-8f21-1471ff593092, 2a3e4ab3-c0f7-4fc0-8ba1-173f1cffd2cf, 2f543504-2f59-44e0-9c40-26fbda9ebd2d, f7591a85-ca9a-49de-8482-fba5a85c6c3c, eed0c5c8-4369-446f-8000-e4d093e1b613","1656724089247, 1656807948680, 1656808111268, 1656980083996, 1656980306460, 1656980499236, 1657065241333, 1657065359545, 1657066817504, 1657067621825, 1657236270155, 1657236521641, 1657237019971, 1657237318018, 1657501911038, 1657503158623, 1658021037945, 1658099520449, 1658100152715, 1658100357600, 1658195380848, 1658541770224, 1658542184571, 1658542745700, 1658542988744, 1658543207337, 1658625632071, 1658802437374, 1658881509236, 1658882665703, 1658883580065, 1658883936358, 1658884345432, 1659136406977, 1659232428056, 1659319923281, 1659407681682, 1659407951634, 1659489870810, 1659490574108, 1659577334640, 1659585339970, 1659585842981, 1659664306284, 1659664778429, 1659833466415, 1660095802083, 1660095888410, 1660095999390","1, 0, 0, 0, 0, 0, 1, 1, 0, 0, 0, 0, 0, 0, 0, 0, 2, 1, 0, 1, 0, 1, 0, 0, 0, 0, 0, 0, 0, 0, 4, 1, 1, 3, 0, 1, 0, 0, 0, 1, 4, 0, 1, 0, 3, 0, 0, 1, 0","346166, 96978, 60000, 47005, 133183, 139468, 115528, 200000, 160000, 150000, 36548, 253875, 144404, 318819, 33036, 58908, 230000, 210000, 227105, 530000, 110090, 195373, 140000, 20495, 97406, 30000, 46428, 192450, 124989, 120000, 329993, 83739, 1019539, 516457, 80369, 370669, 239152, 184841, 100000, 90000, 860000, 210000, 90000, 110000, 456171, 207400, 56587, 107848, 606461","57.27, 54.66, 29.06, 63.08, 57.75, 63.87, 56.89, 53.97, 77.83, 49.57, 32.31, 74.14, 68.14, 71.57, 37.71, 65.42, 40.43, 65.4, 87.9, 97.57, 50.77, 76.22, 47.55, 21.54, 31.14, 11.54, 39.29, 48.32, 40.72, 40.37, 73.2, 15.06, 71.52, 77.15, 20.37, 88.24, 64.15, 77.29, 54.51, 27.67, 77.24, 55.29, 14.58, 27.72, 58.4, 54.45, 47.72, 35.21, 74.89","2, 1, 1, 1, 1, 1, 1, 1, 1, 1, 1, 1, 1, 1, 1, 1, 1, 1, 1, 1, 1, 1, 1, 1, 1, 1, 1, 1, 1, 1, 1, 1, 1, 1, 2, 1, 1, 1, 1, 1, 1, 1, 1, 1, 1, 1, 1, 1, 1","1656724089247, 1656807948680, 1656808111268, 1656980083996, 1656980306460, 1656980499236, 1657065241333, 1657065359545, 1657066817504, 1657067621825, 1657236270155, 1657236521641, 1657237019971, 1657237318018, 1657501911038, 1657503158623, 1658021037945, 1658099520449, 1658100152715, 1658100357600, 1658195380848, 1658541770224, 1658542184571, 1658542745700, 1658542988744, 1658543207337, 1658625632071, 1658802437374, 1658881509236, 1658882665703, 1658883580065, 1658883936358, 1658884345432, 1659136406977, 1659232428056, 1659319923281, 1659407681682, 1659407951634, 1659489870810, 1659490574108, 1659577334640, 1659585339970, 1659585842981, 1659664306284, 1659664778429, 1659833466415, 1660095802083, 1660095888410, 1660095999390"
6be7f7e6ff3e0d3b00d2a5495f625f026ca6bb87eb2ec3caf86be40dd9a5516f,Non-Logged,12,"c42b91e5-1946-4803-80fa-c3c79f61f6cc, 1f32787b-de2b-49be-8c20-ddaeae34cc22, 9771b0d9-b14a-4908-8932-440b6fe33aeb, 750ec729-cd61-4227-85fe-a1e0ebbf7d50, 9659f9a7-c6b6-4772-9b59-7c085d3051de, 0396f828-3984-44ec-95aa-511dbb40fa88, c3472797-6f70-4885-a839-083db4f8ee9b, c357fb9f-f213-4743-ba33-5168ab4446fb, 48c4a9b5-c748-44cd-9835-7f64f1d4d10f, 2e3300c6-3a18-4908-b9a9-a955cfcdcfcc, 229628a2-f8e0-43ca-bac9-f14a161f9124, 89be77a6-a71c-4227-8113-076590df26a8","1657311128348, 1657841210780, 1657841539246, 1657983143999, 1657997661023, 1657999645200, 1658186645717, 1658359840355, 1658542745011, 1659475774258, 1660153760466, 1660284152401","3, 2, 1, 1, 0, 0, 0, 0, 2, 1, 8, 0","71543, 40000, 130000, 64223, 114317, 52900, 50407, 93177, 70557, 16626, 164212, 42774","66.15, 85.27, 77.72, 46.25, 87.55, 82.38, 24.32, 67.38, 42.97, 65.37, 83.88, 67.33","1, 1, 1, 1, 1, 1, 1, 1, 1, 1, 1, 1","1657311128348, 1657841210780, 1657841539246, 1657983143999, 1657997661023, 1657999645200, 1658186645717, 1658359840355, 1658542745011, 1659475774258, 1660153760466, 1660284152401"
b06a21018b9db221cd46564e32ae421de2d3b3883a7247c34265835e5ace64b3,Logged,12,"dd3677c5-1140-4baf-ba4f-b6da69fc13d0, 9930ad3b-a506-4129-8efd-20c573365d74, ecc37a22-b730-4e3a-bc87-c3ba3403acbc, a36c98b5-f159-48f8-9f5a-1fc6ea9956c8, 0297cb6d-b80f-45a4-80f2-961a7df392b1, f0a78e58-ec7e-494c-9462-fbd6446a9a89, eb0c8e23-45c1-4159-a702-5da060775e7e, edd3526a-5aeb-48e3-80e2-aef2ede99662, 6452fa85-14ed-42cf-a9ea-625e1b4204b1, 972e80bb-8a3a-41c2-8773-4fd1e5f53d3e, 94918e46-e17d-4d33-a883-9ffcaaac8d14, d2593c3d-2347-40d9-948c-b6065e8459a9","1657541125677, 1657552826380, 1658019162270, 1658277792469, 1659120652663, 1659120847712, 1659572882317, 1659618851010, 1659883803779, 1659972057958, 1659972216941, 1660230161138","21, 122, 2, 0, 5, 2, 4, 0, 24, 21, 8, 1","148420, 170000, 10000, 10000, 177234, 100000, 9069, 70582, 112326, 133551, 26706, 30000","18.75, 61.68, 14.11, 8.21, 68.83, 56.93, 7.9, 28.89, 31.4, 49.66, 28.91, 18.77","4, 2, 1, 1, 1, 1, 1, 1, 1, 1, 1, 1","1657541125677, 1657552826380, 1658019162270, 1658277792469, 1659120652663, 1659120847712, 1659572882317, 1659618851010, 1659883803779, 1659972057958, 1659972216941, 1660230161138"
d59decee18d0df85e0d9d2bc80acef7d12e4d2a4b5128019c17f83f756476583,Non-Logged,21,"aeab0e46-f1e4-41e9-821b-571255c41f69, 2b4f0f8f-ab7b-45e7-8a8a-353e0aa41249, 85110683-db97-44b0-a493-e3059b382b0d, d8a01a9e-9ad8-4081-96a5-bb19b8e9bb0d, 8afc0d09-c7f0-484f-8733-d98253cba460, edf58114-c7ab-4675-8af0-a74074f0f865, 6e5ae05a-ccc9-4384-85b8-9fa1d871ba1b, d8e96969-c9d9-4c28-a9a8-403abc1e784a, 496ca51e-2d59-4ca7-9249-2a216d046cb6, 22406eff-6720-4c47-8707-42e5454f04e9, d4303151-c778-461b-8207-2e443db4b255, 00f9aa60-3a6a-4e2e-bf5c-bb25f742cdf2, dc9ee5ed-c266-4a52-9173-7194d792eb33, fbbd2472-9ee2-4d84-9211-deb431ba8a75, 255a7f49-ea72-4caa-9e77-48aff4aae740, 2decd92c-718d-4c00-8a88-69fef6e90831, 92ecb67e-11a0-4daf-95e2-70251ecfc5cb, 8e49d91b-6112-44c5-bc9d-2d36df30c97d, e8ab098c-f017-4323-9233-004a0781c946, 7a6a0c45-08df-464f-b7ee-7926bc4e7d67, c4a64d0d-09b8-4f82-8e32-4d2ec6067226","1657053218646, 1659095218501, 1659115722494, 1659287785534, 1659318045242, 1659481401002, 1659485164812, 1659548516181, 1659835439588, 1659920477963, 1659952455557, 1660088845886, 1660088905106, 1660089016216, 1660090368413, 1660260457969, 1660399991307, 1660400372870, 1660400896373, 1660498862232, 1660499287397","9, 25, 16, 10, 11, 0, 17, 44, 23, 12, 24, 12, 45, 11, 37, 35, 94, 48, 31, 99, 65","30000, 128001, 82131, 69497, 60000, 7018, 80717, 110000, 78462, 36192, 70000, 30000, 107700, 30000, 10000, 122923, 378153, 170000, 100000, 355994, 210000","33.04, 36.95, 35.84, 44.79, 17.98, 8.17, 41.64, 46.2, 26.24, 58.53, 30.77, 52.06, 64.15, 14.34, 38.97, 32.34, 78.83, 68.55, 25.99, 57.37, 86.25","1, 1, 1, 1, 2, 1, 1, 1, 1, 1, 1, 1, 1, 1, 1, 1, 1, 1, 1, 2, 1","1657053218646, 1659095218501, 1659115722494, 1659287785534, 1659318045242, 1659481401002, 1659485164812, 1659548516181, 1659835439588, 1659920477963, 1659952455557, 1660088845886, 1660088905106, 1660089016216, 1660090368413, 1660260457969, 1660399991307, 1660400372870, 1660400896373, 1660498862232, 1660499287397"
7a6e03b29f042a4c4417153f7b95d42d1dcc519de70b1a3cbf94ffb9d5019a57,Non-Logged,35,"50028008-aa11-4519-9d75-452c84dd27fb, 82206221-05a0-4f89-aa10-e8c8dc0cc418, f82aca8d-3fdb-433b-b245-980d9a040d77, b3f8acf4-915c-47ed-8ffd-46867bf8312c, 62c75a44-c053-4f1f-8cd7-788df09ad65b, 914fe264-109c-4d4d-8f18-052785666a24, f0a78e58-ec7e-494c-9462-fbd6446a9a89, 9771b0d9-b14a-4908-8932-440b6fe33aeb, 8c246d2b-81bd-4c1f-b563-2c905675f984, 4e9c2825-ff13-41ca-8e91-edd848060d19, ec7dbae8-2ef3-4fa0-8b70-22b425f09f5f, 5d8388f3-736d-451b-a794-d826453e12e1, 1c27cf97-b20c-4e40-b1f1-288b721517b3, 6c04dc83-e523-4a23-9329-5499a899392c, 141814bf-48d5-492e-9605-bed1b400d346, 4700f517-5c5d-483c-81b7-d77aca04991c, c789ba79-e5af-49ac-a3bd-1d1de1f5e3a0, 5af379e6-1bd1-4cf8-a23c-03266fb77b2c, f6b5d170-48b9-4f8e-88d4-c84b6668f3bd, eafbc7e1-f154-46ef-a7f5-5cf4f75d7039, 5c37a504-0ed8-49c1-a6a9-d237d90664e3, 8d477e04-3bab-4ad9-8fe3-799059238a9c, b45d3be3-1172-4a62-8b29-a7c0faba7124, 50f85bf5-c153-4611-bf35-2f781ae4e234, a76dc579-5e75-4d29-84ec-0e8b7cf477e5, 3cd06f5f-a3bb-4589-a592-07a1c6121a99, fd3c2179-09b0-4b2c-96a9-2d8822f28851, 6144af8d-bd8e-415b-9cc6-b463c6de4bed, e0f3d541-6098-4e89-a948-efe461be919d, 4e170078-70d8-4245-bb0b-19f4af929446, 362d282e-5d9d-4691-86a6-21bcac0703d7, 8e0884e2-50ba-44c0-87b9-d64d913288af, 1a3641be-fa6a-4d72-a5eb-9069686a88ee, 550cef95-cf4c-4fbf-a5db-6fcbc64eb92b, c041f6d7-df78-40ee-8832-6772a0db14bb","1656707231731, 1656859994437, 1656867880869, 1656889371684, 1656969190711, 1657035172000, 1657100729111, 1657117616901, 1657120430325, 1657135003602, 1657211403744, 1657229878398, 1657571990823, 1657572125129, 1657720109310, 1657810650621, 1658335392992, 1658370798069, 1658415799022, 1658437380638, 1658506120395, 1658671940310, 1658769958046, 1658770302386, 1658873629603, 1659449607999, 1659481965706, 1659535023606, 1659557909662, 1659561433237, 1659704748772, 1659748736468, 1659793251943, 1660005434772, 1660005593959","6, 3, 11, 6, 9, 6, 6, 6, 1, 1, 6, 2, 5, 10, 16, 5, 16, 17, 17, 9, 14, 5, 12, 33, 9, 4, 19, 51, 14, 4, 3, 32, 32, 2, 6","7690, 13604, 39730, 40000, 44502, 25855, 30000, 35885, 9340, 11789, 23277, 10000, 22776, 45108, 79858, 31839, 52175, 62334, 60000, 26991, 55105, 11035, 60000, 133723, 40000, 14793, 50000, 105947, 61734, 16891, 30000, 90000, 57106, 21346, 9961","27.63, 24.09, 32.32, 34.69, 26.34, 26.95, 9.26, 22.35, 9.59, 9.7, 36.32, 9.41, 42.19, 46.48, 34.64, 19.19, 39.89, 29.49, 16.45, 28.77, 41.14, 14.17, 13.73, 48.86, 31.93, 24.71, 49.0, 34.94, 34.98, 13.08, 29.77, 42.44, 31.63, 23.27, 21.85","1, 1, 2, 2, 2, 1, 1, 2, 1, 1, 1, 1, 1, 1, 1, 1, 1, 1, 1, 1, 1, 1, 2, 1, 1, 1, 1, 1, 1, 1, 1, 1, 2, 1, 1","1656707231731, 1656859994437, 1656867880869, 1656889371684, 1656969190711, 1657035172000, 1657100729111, 1657117616901, 1657120430325, 1657135003602, 1657211403744, 1657229878398, 1657571990823, 1657572125129, 1657720109310, 1657810650621, 1658335392992, 1658370798069, 1658415799022, 1658437380638, 1658506120395, 1658671940310, 1658769958046, 1658770302386, 1658873629603, 1659449607999, 1659481965706, 1659535023606, 1659557909662, 1659561433237, 1659704748772, 1659748736468, 1659793251943, 1660005434772, 1660005593959"
4acfde8ed35d4e34112bee29fd735c5ad3bdb5838f7cea9bebddbfc3915bf698,Non-Logged,10,"11cdab41-edc5-4af3-ba9a-bf53e5681263, c6ef110d-7837-47f2-84f6-cfea4da5e328, d8e96969-c9d9-4c28-a9a8-403abc1e784a, f4780a77-b7a1-47f8-ab87-a6c0ac26ac3b, bf257382-74fb-4392-ad6a-143240e39f81, b4a5680b-d0e1-4260-bc54-82fbe328d3a0, 567ca499-184c-46ec-9b52-28066d9e0dd5, f03141ea-194f-48b8-b69a-c18825af4334, d3ff7632-465e-41d1-80e9-cbe0c32b0bcb, 542cbae0-40d6-49bb-b7cb-c869ea3192bc","1657569184773, 1658413635932, 1658865387123, 1659029123214, 1659358254103, 1659693384000, 1660056067249, 1660063529806, 1660152065417, 1660160106485","4, 1, 0, 1, 21, 1, 0, 0, 1, 0","136979, 36721, 33418, 30225, 350000, 70363, 83035, 130000, 55469, 27087","58.87, 21.04, 70.96, 29.35, 34.64, 18.85, 47.96, 50.79, 39.63, 38.44","1, 1, 1, 1, 1, 2, 1, 1, 1, 1","1657569184773, 1658413635932, 1658865387123, 1659029123214, 1659358254103, 1659693384000, 1660056067249, 1660063529806, 1660152065417, 1660160106485"
38d6cb73fb5f2bee78edb9e9a9dbb116074c0e6212c92f26eeedaacbce26f12a,Logged,17,"51219799-daab-48b2-b700-3a61833b3ea8, b182c3ed-17bd-457e-9b60-2afb6b2971f4, 840b6d5c-5201-453f-b106-19e1dc6d3dda, 4d89c4b6-6827-4935-9ba1-0502025af270, e9132775-5c5d-4995-bbc5-ef745c98091e, 66a9efac-fd43-4fd1-9824-c404b08efa5d, db037f57-5594-47e8-a523-076c8c83914c, 7e9f2b32-7dae-4c45-a7b5-d1bc2a1733dd, 9d598d19-d6be-4c7e-a963-b8fedfa8f24f, f883145c-70cc-4c51-8c7f-acd17e35160e, 1c27cf97-b20c-4e40-b1f1-288b721517b3, 338c2726-df09-4e7d-9122-73bb5133a5e7, 5f2f1833-d203-486a-ac56-665fc3767018, f00301ea-a6ff-437d-b83d-f18cc5d1a314, 35a3eb46-f1d1-452f-aa7b-42c1382826c8, 5ad189e3-77e6-4c5e-9eed-8979ba58e283, 855d20b7-53f2-4678-a10f-55402d085018","1656930871134, 1656943782840, 1657661734580, 1657900974511, 1657923358120, 1658264679906, 1658791186215, 1658791302715, 1659112544742, 1659316771510, 1659316934915, 1659357726789, 1659454423186, 1659454547758, 1659454679606, 1659648039663, 1659989526875","2, 0, 3, 0, 1, 0, 3, 1, 0, 43, 7, 1, 3, 2, 0, 2, 63","124530, 30000, 538965, 50000, 68824, 70317, 109923, 15159, 190000, 80000, 6652, 50000, 122430, 130814, 40000, 70000, 137129","65.37, 28.95, 80.96, 83.9, 72.23, 87.29, 100.0, 7.89, 65.94, 65.19, 38.0, 21.85, 87.59, 91.47, 18.45, 14.99, 57.75","1, 1, 1, 1, 1, 1, 1, 1, 1, 1, 1, 1, 1, 1, 1, 1, 2","1656930871134, 1656943782840, 1657661734580, 1657900974511, 1657923358120, 1658264679906, 1658791186215, 1658791302715, 1659112544742, 1659316771510, 1659316934915, 1659357726789, 1659454423186, 1659454547758, 1659454679606, 1659648039663, 1659989526875"
224cb594d7371c6ba2a7fd5c3258a309da604d94e4ee877d4c2c210df4ac299c,Logged,13,"c6ef110d-7837-47f2-84f6-cfea4da5e328, ad2c51f7-26ff-4f7e-98c8-32462c62874e, a1c96be2-5708-4bb3-861a-659123ade1cc, f7179eac-2c5b-4219-9977-1fe5f9635acc, 3ce73782-d80e-4031-be53-5761b158cae7, a70fefee-e4f7-4023-821f-2f0a260295c1, bdd31f0b-4431-4251-8f04-6ae4fe158573, 83562047-f61e-4230-9a7f-f8a16bbcf789, 3ffb80eb-0ae9-457e-883c-d52f57c124c0, 1aaa53f5-750c-4860-a79e-fe7ffac3d71f, dd3babeb-856a-43ad-8c2d-5aa6695b9173, e3ba3b03-7162-43c9-8dde-bfafd76d127f, f420343a-6270-41b3-939d-0cab76c148e4","1659116200288, 1659271838554, 1659310021869, 1659466810942, 1659529530917, 1659631064110, 1659834949597, 1659959592608, 1659959877969, 1659992852653, 1660071184466, 1660156851682, 1660156852624","1, 1, 0, 0, 0, 0, 1, 0, 0, 0, 0, 0, 0","180000, 68379, 27318, 11968, 25972, 52010, 41139, 14707, 200201, 7135, 147795, 10999, 13647","75.28, 58.65, 20.07, 19.05, 28.62, 55.01, 29.35, 18.8, 79.56, 35.0, 48.29, 31.78, 41.65","1, 1, 1, 1, 1, 1, 1, 1, 1, 1, 1, 1, 1","1659116200288, 1659271838554, 1659310021869, 1659466810942, 1659529530917, 1659631064110, 1659834949597, 1659959592608, 1659959877969, 1659992852653, 1660071184466, 1660156851682, 1660156852624"
49dacedea29c94f59dcb950d96e7d1ef4efd3d39f65fd3ddfd5f9b46e177f739,Non-Logged,36,"8218345e-8a8f-497d-88a1-2f29b8edd385, 87691d47-8639-4dfe-93f7-e6624f3672cf, 35a77445-55a1-40e1-9ebf-4cf5cee9181b, 480b5cbb-c3ed-4e7a-a286-67d3f84d5874, 27656d71-7f87-49d6-8070-b0a3a376c30b, 859bdb28-c3a9-4dfd-b875-b1816602ddb4, dcf12310-b724-4454-906e-17c07261a950, 6bd12ed5-de5a-4d7a-aa0d-ba00096aa181, d4218279-eec1-4fa5-b276-a233a259d331, ca3139fd-543e-453f-a6f1-c272e57b40c2, e822e491-eabe-4385-b4df-c1811897be8d, 8d18baee-0447-43b3-a9a8-c9903d6bb28a, 3ce60980-d2e4-4778-88e8-b4b0b2b7519d, 2d6f2a8a-b648-4177-8f49-45801cca0b8a, 5a1acb94-0ef4-4f8b-9f7d-57437fd99660, 4825a8e4-75bb-404d-b83d-41cc2143f284, 14d47fa9-8c60-470f-9c43-e638c08a4125, f238bff2-5f1f-4ef0-900b-4cf9e90c4482, b3c931c0-ed8d-4b99-8e97-4dba7a564cd0, 3346b30b-811e-4b19-8503-7ea9b5978323, 6a72ddba-f912-4dde-b762-85915939bc55, a2e8c98e-99f3-4eb4-8506-53e2b0229d32, fbffe526-e94a-408f-a19b-7510f3d56016, 0c25373f-acda-464a-8887-74cc50d659a9, 76f933d4-02eb-4413-8cf7-7b17b5996759, 8d00c3d3-7612-4b4c-b883-3718aec10bbb, 19e9a6ca-8242-40a7-9add-a609abb5621b, e44ea19f-8743-4611-a4d8-3e3cff44a362, 2c058508-8eab-43e7-a77d-07c0864ad487, e384ec29-136e-4241-9321-49b367b8cbd5, 399c1321-5d2b-494e-9025-2ba2b8b56117, d75018eb-2c68-476a-b15a-58d246975b8f, 0ed208f9-de0c-4eb8-b388-fae371891670, ad940134-7274-4125-84d2-b082803e3f72, 5c5dbfa8-f4a2-46b8-92eb-7df3b533f857, e3f6e172-5893-4a65-abb5-4adfc2ae2685","1656941561784, 1657032610905, 1657032670088, 1657040859910, 1657193101352, 1657544782165, 1657893531168, 1657894356121, 1657894392573, 1657894421827, 1657894459489, 1657894513382, 1657894551237, 1659105994679, 1659978299220, 1659985988779, 1660308737129, 1660310946575, 1660310991339, 1660311081932, 1660311105561, 1660311137170, 1660311163045, 1660311183255, 1660311205638, 1660311244577, 1660311286746, 1660311342001, 1660311377567, 1660311406495, 1660311442195, 1660311523231, 1660311566767, 1660311653661, 1660311670846, 1660320237408","1, 0, 0, 1, 0, 0, 3, 0, 0, 0, 0, 0, 0, 1, 1, 0, 0, 0, 0, 0, 0, 0, 0, 0, 0, 0, 0, 0, 0, 0, 0, 0, 0, 0, 0, 0","93276, 17076, 27699, 10000, 47755, 19719, 50000, 23773, 24522, 10000, 20038, 16034, 10000, 25352, 28975, 18748, 36753, 34104, 15759, 15060, 22076, 15033, 8871, 12154, 31324, 25356, 9909, 27130, 17841, 28267, 18417, 33598, 19404, 8158, 23277, 79497","60.54, 38.48, 46.13, 13.66, 56.76, 61.76, 68.27, 52.72, 9.01, 22.5, 42.61, 47.15, 33.23, 48.92, 34.62, 38.29, 63.11, 69.89, 75.52, 72.38, 50.98, 64.14, 61.93, 67.24, 68.14, 71.71, 67.27, 70.94, 58.71, 75.09, 65.59, 75.44, 70.04, 63.39, 59.11, 80.59","2, 1, 1, 1, 1, 1, 1, 1, 1, 1, 1, 1, 1, 1, 1, 1, 1, 1, 1, 1, 1, 1, 1, 1, 1, 1, 1, 1, 1, 1, 1, 1, 1, 1, 1, 1","1656941561784, 1657032610905, 1657032670088, 1657040859910, 1657193101352, 1657544782165, 1657893531168, 1657894356121, 1657894392573, 1657894421827, 1657894459489, 1657894513382, 1657894551237, 1659105994679, 1659978299220, 1659985988779, 1660308737129, 1660310946575, 1660310991339, 1660311081932, 1660311105561, 1660311137170, 1660311163045, 1660311183255, 1660311205638, 1660311244577, 1660311286746, 1660311342001, 1660311377567, 1660311406495, 1660311442195, 1660311523231, 1660311566767, 1660311653661, 1660311670846, 1660320237408"
39db18eff1ac0eac00ebce2ed620f082af22ebd483c0c332793282d5975a4550,Logged,4,"63f1cc75-f6a7-45a5-818e-5818170dc890, ea322baa-84ac-4426-9c18-fa4934e86ce0, a6f0e50b-a621-4d63-917c-19cfd1402af7, 2e4afcb5-ebdc-40b0-91e0-9a8e8f367946","1656937177660, 1656937222938, 1656937594531, 1660159898908","1, 0, 0, 1","121757, 62083, 105050, 120000","29.81, 74.81, 70.13, 63.16","2, 1, 1, 1","1656937177660, 1656937222938, 1656937594531, 1660159898908"
1f0f3c2131d734366dd933840285b3a8852aa86d49eb252b95a2d559d5122ae6,Non-Logged,55,"1f0fd9b2-4605-4ea3-a7a4-becf87e5d00e, ecb1f348-cd55-47f7-99f9-bb2c84e93f96, d5f5e1da-c3c8-49ab-b0a6-e027f3d4d724, 67dba0cd-26d8-436b-af84-88032afec923, 87c631c7-e4bc-4536-81f3-94bc6c638cfb, 44fdcedf-e9ae-4748-8ab3-0cdb466672a6, 3bd9f24b-cb02-4cc4-b6b7-da5c1389463d, 82206221-05a0-4f89-aa10-e8c8dc0cc418, 37af94ac-26dc-4660-81c0-b54e7c0c3d65, 450d6500-b3bf-4217-a869-7303a818e226, 7d10e1ef-9826-4050-ae1f-373366950442, d61c5cc7-2a4f-42c5-ab06-bef4a6314808, 00f9aa60-3a6a-4e2e-bf5c-bb25f742cdf2, b2ecb356-03e5-478b-97b8-f00e0acc3dd0, 25d54fe7-248b-4e1d-89a1-20b36aba6159, d6d6cc0f-7c13-47b8-a3ce-ceb13ac0efed, f0a78e58-ec7e-494c-9462-fbd6446a9a89, 99566c41-bd03-4b37-9ed7-4ba3485e7de5, 2decd92c-718d-4c00-8a88-69fef6e90831, 255a7f49-ea72-4caa-9e77-48aff4aae740, 17f1482c-631d-4546-adaa-eee83038c808, dd3babeb-856a-43ad-8c2d-5aa6695b9173, e3f751ce-1ef4-4735-b898-3839297c0a14, ff1435df-7615-47f3-93da-0f5775f2cb84, 064e7cfb-32c4-4785-ac91-f26fa05e4237, bacab81b-4dd0-4047-8d51-a9cb03a8e18e, 3a6d53be-be22-47ab-95a1-d910a92ed1d7, c923f085-d480-4c64-9d9f-f53d368da37f, 0305a46a-fe62-4666-9742-f5fe5db890ab, 57615619-0c1d-41fb-8640-ccec5b3add58, 7a7f2a17-f909-47a2-ac3b-ba786c01bcfe, ab22e5cd-715a-46f0-99d8-613b981f202c, defe8f9d-26e0-4942-8f0f-a622c9b7514f, 10f21547-f5a8-4d04-9277-7108e19970f3, ca35decb-6955-44b5-b2fa-eb4529c3cb5c, 1d67bcf9-b40f-441c-b271-e8772340495b, 57acf2db-dfaf-4b06-a098-c83a0a4b31e5, 64dd5b2a-0963-401c-bf69-ade920ce7e28, b5d2b77c-c780-4f35-abe6-9dad5fb55a4d, 8be03387-6c44-43cc-93ad-65824af9c22a, dccce65b-8982-46e1-afcb-01db956e2cd6, b506a89e-b492-43cd-b344-84875a797cc9, b0803304-62b4-4428-a333-e9bf623c8a98, db6f552a-f2e7-426e-869c-65aa51f8cced, 564f0976-781b-44e7-96c8-7377097d0101, 8ef76553-377b-471c-886e-9a6175280db5, ba7678a2-9b22-472b-8422-b6fb921fc672, 0b5caeed-ff6f-4b9d-8375-9ad25827a4ae, fcc8560b-8ffe-4f2a-b561-27b11c310d8e, 825f6d5e-cd0b-4dd0-9fe3-684548eeac08, 84bdc00d-56d2-4d52-afe3-de4b2827b9dc, d84753d8-9aa4-47ad-8f14-eb4d29efd1df, 9f5b2341-2a52-49cc-8fd3-c20bc63082f4, 4d160552-aecc-49ee-8024-35ab14c23ca1, 120e8d3d-4bef-4dfe-8128-170c76a6c730","1656736949165, 1656901763256, 1657175245628, 1657175829411, 1657176018068, 1657254777268, 1657260820247, 1657603154529, 1657607000511, 1657612931653, 1657637546372, 1657750762581, 1657928293464, 1657929689854, 1658082769953, 1658085414850, 1658104113975, 1658104542462, 1658124927211, 1658285945637, 1658286060154, 1658367196579, 1658368713576, 1658431509179, 1658476773528, 1658728631070, 1658734004461, 1658734590126, 1658902839322, 1659172698156, 1659173287290, 1659220958749, 1659297242655, 1659319437781, 1659473386575, 1659479355164, 1659506528323, 1659545849656, 1659563389312, 1659726394157, 1659809616905, 1659849483250, 1659897296560, 1659920821607, 1659922927862, 1659971530213, 1659971638007, 1659996164406, 1659996386370, 1660169421707, 1660169772563, 1660308564096, 1660439859480, 1660486226861, 1660486587513","0, 0, 0, 0, 0, 0, 0, 0, 0, 0, 62, 0, 0, 152, 0, 0, 0, 0, 0, 0, 0, 0, 214, 0, 0, 0, 0, 0, 7, 0, 0, 0, 0, 0, 0, 0, 0, 0, 0, 0, 80, 0, 0, 0, 0, 0, 0, 0, 0, 0, 25, 0, 0, 0, 0","29110, 43387, 40000, 40000, 40000, 28707, 40000, 94214, 18034, 40000, 49816, 40000, 56560, 210000, 40000, 40000, 40000, 40000, 10031, 90028, 23014, 16108, 159187, 58965, 40000, 40000, 40000, 40000, 9318, 50351, 50000, 40000, 30002, 40653, 40000, 47852, 40000, 53833, 40000, 40000, 60000, 41864, 40000, 23086, 41240, 54598, 28208, 48664, 40000, 10000, 30000, 40000, 16060, 40000, 28315","12.5, 12.5, 12.5, 12.5, 12.5, 12.5, 12.5, 12.5, 12.5, 12.5, 38.59, 12.5, 12.5, 53.95, 12.5, 12.5, 12.5, 12.5, 12.5, 12.5, 12.5, 12.5, 61.31, 12.5, 12.5, 12.5, 12.5, 12.5, 8.32, 12.5, 12.5, 12.5, 12.5, 12.5, 12.5, 12.5, 12.5, 12.5, 12.5, 12.5, 58.71, 12.5, 12.5, 12.5, 12.5, 12.5, 12.5, 12.5, 12.5, 12.5, 12.79, 12.5, 12.5, 12.5, 12.5","1, 1, 1, 1, 1, 1, 1, 2, 1, 1, 1, 1, 1, 1, 1, 1, 1, 1, 1, 2, 1, 1, 1, 1, 1, 1, 1, 1, 1, 1, 1, 1, 1, 1, 1, 1, 1, 1, 1, 1, 1, 2, 1, 1, 1, 2, 1, 1, 1, 1, 1, 1, 1, 1, 1","1656736949165, 1656901763256, 1657175245628, 1657175829411, 1657176018068, 1657254777268, 1657260820247, 1657603154529, 1657607000511, 1657612931653, 1657637546372, 1657750762581, 1657928293464, 1657929689854, 1658082769953, 1658085414850, 1658104113975, 1658104542462, 1658124927211, 1658285945637, 1658286060154, 1658367196579, 1658368713576, 1658431509179, 1658476773528, 1658728631070, 1658734004461, 1658734590126, 1658902839322, 1659172698156, 1659173287290, 1659220958749, 1659297242655, 1659319437781, 1659473386575, 1659479355164, 1659506528323, 1659545849656, 1659563389312, 1659726394157, 1659809616905, 1659849483250, 1659897296560, 1659920821607, 1659922927862, 1659971530213, 1659971638007, 1659996164406, 1659996386370, 1660169421707, 1660169772563, 1660308564096, 1660439859480, 1660486226861, 1660486587513"
9fd71d5da885cb0faf1cac278c6d2021299b1cdad22c2a50b5f5985efe41f9e0,Non-Logged,46,"0216566c-b7b0-4a40-9e2c-487d2fce7d56, afc4fa79-09ab-4dfb-b5bc-67add062b1a6, ad325227-d623-4ca0-9f18-f1914a2d47bb, de61ea48-b9bf-41bf-91da-015bce0e0021, f5e4429d-ce74-4c63-aff0-a78635bc92dc, 50bde4fc-2acd-4b7e-9e85-92bdba23c62f, 066e6554-9fb4-4cd3-8d80-662cefcb0dba, 5fd22436-a919-4f81-9ee9-5d18fc8b787f, 78804ba0-0542-432f-aeac-0a68d3fb101c, 541ad70b-ef83-4ac2-8c43-6a17dd5d9a4b, b1cf62e6-85d8-44f5-8261-5679a9408ecb, 3e346c8f-8d4c-4163-90f0-9e9db993ae04, a8752379-82ed-453a-9c2f-cf8a1c15072b, 82769ef7-d692-4c22-a376-414fc79ca663, 79b86af1-f2c8-481d-8bbb-8b2decbeb252, 9779fa3a-f8de-4fe9-ac3b-7241a0b2e69e, ab2411ea-bf65-45b8-b4ef-ff19cf4c8a79, 8403f058-2716-46c1-9267-fac15a8ba2f5, 352c4832-9fa4-4672-94b7-90150664b870, 8b1f3e40-7352-4961-ab47-8d7c6b20d7b8, 6412efe5-8790-41df-a3f6-0cfaaadb2c85, db936d3f-b0cc-4e9f-86dd-1609d1b70fcb, cf25fb10-2193-413f-b063-7ae05841abbc, 5656f0c6-3392-4039-ae2e-c730e3eb9046, d887e6c4-153c-4a62-bc9d-b96afccb0cf1, 9ee80d20-3862-4e1d-9670-4fe1e7a0603e, c60c7b06-dab2-4498-a165-152ed3874c06, 76dd63d4-6ac8-432d-83ac-a33897cc54ec, 3d21dd33-8c52-4725-b7bf-5cb4a33242dd, aceaf19d-b8be-43f4-b664-1b3fdd55c672, f5b99f2a-b4b9-4886-8d95-9788df19ca13, 5eb0479b-9b65-4ce9-9af6-42e0e74f75a9, 8f27509e-5b74-4efa-b2b3-5247fced6e5f, 0dea5d01-aa6c-4441-af10-77095a9e0bdb, f3222a61-566e-4a9f-a3f5-f1367cbabcab, d83725d4-8340-45b5-8962-592cc5af089e, 5dda9211-252e-4ae2-9006-48010867246c, d8433c24-c6a0-4c40-b8ed-fb4a6c1f4ac1, be21a308-5fde-4cf1-9638-e09207027b70, 8f066e35-9fb1-4296-ad80-9510c70e01c1, 23652e0a-6af3-4c06-af4c-9dbe7e7e6c49, d672821b-2c2d-42e1-986a-70dd2bcef899, f2344504-bedd-4ea7-9b2c-8615d3bf12e2, 730095f5-daf0-4e81-a2a8-fd3aad49fd92, 281325d7-ed18-4560-99ca-c859643dbd36, 4c62b549-7f0c-406e-a6f2-8c509e885431","1656670263206, 1656671082902, 1656672793683, 1656687644429, 1656705792966, 1656708313350, 1656709082648, 1656709164287, 1656711992813, 1656730215291, 1656742103391, 1656746553341, 1656751822974, 1656768904267, 1656772394012, 1656785223298, 1656809484161, 1656817952146, 1656834024354, 1656838382647, 1656841114352, 1656859152088, 1656873013998, 1656906092546, 1656915212493, 1656953883895, 1656962123348, 1656973393255, 1656994124689, 1656995583335, 1657008564308, 1657040654960, 1657042932810, 1657048124672, 1657055274860, 1657090014776, 1657168512824, 1657196802466, 1657226473267, 1657240174205, 1657249433795, 1657278804992, 1657309303288, 1657350243821, 1657357993739, 1657380524211","0, 0, 0, 0, 0, 0, 0, 0, 0, 0, 0, 0, 0, 0, 0, 0, 0, 0, 0, 0, 0, 0, 0, 0, 0, 0, 0, 0, 0, 0, 0, 0, 0, 0, 0, 0, 0, 0, 0, 0, 0, 0, 0, 0, 0, 0","140000, 20000, 30000, 20000, 10000, 10000, 10000, 10894, 140000, 30206, 10041, 20000, 10000, 20000, 10000, 140000, 10000, 10000, 10000, 10000, 20000, 10000, 20000, 30000, 20428, 20000, 20000, 20000, 10000, 20000, 10000, 20000, 10000, 10187, 10000, 10000, 20000, 10000, 10000, 10000, 20000, 10000, 10000, 10000, 10000, 10909","8.48, 9.81, 6.45, 10.34, 9.25, 5.58, 6.51, 4.75, 5.84, 3.22, 43.43, 5.46, 6.33, 4.5, 4.83, 5.58, 8.59, 5.31, 4.81, 6.41, 7.28, 7.04, 5.99, 6.36, 5.79, 2.36, 6.55, 7.89, 6.46, 9.91, 6.53, 7.51, 6.47, 53.0, 8.39, 9.36, 6.05, 4.25, 7.25, 10.79, 4.64, 4.71, 5.32, 6.32, 6.94, 6.71","14, 2, 3, 2, 1, 1, 1, 1, 14, 3, 1, 2, 1, 2, 1, 14, 1, 1, 1, 1, 2, 1, 2, 3, 2, 2, 2, 2, 1, 2, 1, 2, 1, 1, 1, 1, 2, 1, 1, 1, 2, 1, 1, 1, 1, 1","1656670263206, 1656671082902, 1656672793683, 1656687644429, 1656705792966, 1656708313350, 1656709082648, 1656709164287, 1656711992813, 1656730215291, 1656742103391, 1656746553341, 1656751822974, 1656768904267, 1656772394012, 1656785223298, 1656809484161, 1656817952146, 1656834024354, 1656838382647, 1656841114352, 1656859152088, 1656873013998, 1656906092546, 1656915212493, 1656953883895, 1656962123348, 1656973393255, 1656994124689, 1656995583335, 1657008564308, 1657040654960, 1657042932810, 1657048124672, 1657055274860, 1657090014776, 1657168512824, 1657196802466, 1657226473267, 1657240174205, 1657249433795, 1657278804992, 1657309303288, 1657350243821, 1657357993739, 1657380524211"
455e51d8145af76943dd45c1ffc93c1b88d195fff8edfb92bb884b035c8dd901,Logged,14,"75d60687-a2dd-4c45-8c08-08f4cef5ed19, 1f32787b-de2b-49be-8c20-ddaeae34cc22, affc8e0c-2946-423b-b853-00755f082683, 470ccd72-1478-4a82-9e75-ecb6f732772a, d0528387-be0f-4bd5-a229-0e5420d83740, 86bbf273-5ee9-45bb-bee5-9b7b41c32e83, dc745f9c-6ec3-4f1b-9ab2-d8b11f7ae437, 79348823-8646-4be7-af7c-d8a9fdf68303, bd4e7054-4043-4acf-9a49-7d883152189d, 43cc5638-6dda-4f23-be83-647bac748e70, 2398ce0e-8a93-4257-8b96-57165123e7a8, 908b37b1-c082-4040-bfee-3bcab2dc0f24, 919f29bf-d153-400c-a04a-4237f5adf116, d2593c3d-2347-40d9-948c-b6065e8459a9","1657647660884, 1657767521095, 1658273854094, 1658510565767, 1658510871238, 1658818904859, 1658887614601, 1658888593518, 1658888652910, 1659482638244, 1659482680430, 1659498944500, 1660137829385, 1660274861945","15, 25, 11, 51, 28, 9, 1, 1, 1, 2, 1, 3, 63, 12","60000, 72638, 41807, 170000, 100000, 59600, 8775, 57453, 21664, 230000, 62094, 12170, 270000, 78485","15.45, 35.39, 47.51, 76.83, 68.73, 42.33, 7.01, 63.68, 10.08, 43.52, 65.39, 18.62, 63.35, 46.2","1, 1, 1, 1, 1, 1, 1, 1, 1, 1, 1, 1, 1, 1","1657647660884, 1657767521095, 1658273854094, 1658510565767, 1658510871238, 1658818904859, 1658887614601, 1658888593518, 1658888652910, 1659482638244, 1659482680430, 1659498944500, 1660137829385, 1660274861945"
e1c2601ebfa141f5351792a4efe4c8bb57e0a95638ee063ee4181f4a8cc1ff3d,Non-Logged,7,"3951bb7d-f595-48f2-ada5-e5de9c96839b, 73bc3a8b-331a-4a67-95a6-6626bdcc8b80, 1792268d-2bd2-48fb-8dfc-1651ff8a7bf2, f2c048f9-782b-4eb8-87c2-a908f1289ba5, 3e2eead9-d8c4-4f6a-927c-3c5c637ab2d3, ca61ec19-925a-42e3-bd69-a2eea5f7110f, fe642c1c-75ea-44d6-97d1-09bc3dc80b5e","1657036197802, 1657036307949, 1657108023474, 1657417974244, 1658168938093, 1658683764333, 1658849898593","48, 0, 34, 0, 0, 4, 0","108113, 10000, 90000, 20000, 10000, 10793, 20000","22.76, 6.87, 30.35, 13.47, 6.3, 17.37, 21.86","3, 1, 1, 1, 1, 1, 1","1657036197802, 1657036307949, 1657108023474, 1657417974244, 1658168938093, 1658683764333, 1658849898593"
fcd41e79a7fcdf0479349744d8bb80c422606c904732bf9836e86bc1f854cd26,Logged,8,"74044691-6bfa-4c2c-99fe-a32cd0f795b0, 3aae0faf-c02d-4acd-8913-4e0def042c81, 7f7dd44c-2d87-4af8-91ec-c0d12d1639e6, 750ec729-cd61-4227-85fe-a1e0ebbf7d50, 2ab86441-b6b8-4370-91b9-0a17f4f6c13f, 8f0ae590-55c2-4d01-8fab-ec0737476fed, c041f6d7-df78-40ee-8832-6772a0db14bb, e5185368-70f8-4998-a738-ca22f300da7b","1656709629369, 1656709635920, 1657722983058, 1658242515272, 1658518211945, 1659111883611, 1659312727378, 1659312731266","0, 0, 0, 0, 1, 0, 1, 0","39744, 64646, 10000, 10000, 54092, 34813, 26497, 7557","62.65, 29.19, 23.82, 11.39, 44.58, 35.04, 28.75, 5.95","1, 1, 1, 1, 1, 1, 2, 1","1656709629369, 1656709635920, 1657722983058, 1658242515272, 1658518211945, 1659111883611, 1659312727378, 1659312731266"
fa73c6060f1a6183a91ce9b4feeccb0117982257514ac6b14d4a718862f65ace,Logged,60,"d730c4a6-e8f6-4fde-b73a-afbe148479cd, c997f3ea-3a38-49d4-bacb-6dbdf415bd74, 1f2b9c2f-a2d2-4192-b009-09065da8ec23, 9c0c8ae9-4899-4e77-880b-0bf6abe6e08b, 1c4faf15-dcb3-46c3-ae9f-b79380e1d1d4, 2c1a1f2a-40d4-4b99-aa33-d6c62e4eb49c, 2008f497-c05f-49e0-88dd-86aa1e395f15, esid:conteudo_editorial_g1#materia#https://especiais.g1.globo.com/economia/concursos-e-emprego/lista-de-concursos-publicos-e-vagas-de-emprego/, esid:conteudo_editorial_g1#materia#http://especiais.g1.globo.com/economia/concursos-e-emprego/lista-de-concursos-publicos-e-vagas-de-emprego/, d2e8d475-b1b6-4755-bc53-617909b90c7c, b182c3ed-17bd-457e-9b60-2afb6b2971f4, 9a7695fe-83b3-44f3-aa45-a02d75e5052a, bcb082df-30e5-44c0-926c-6172cacaaae3, c85cb6f6-60e1-4a94-8f8f-6b436bb1d77c, 9a45767b-ea02-495d-bb79-6be84b106fc7, 84937209-0c19-43b5-ae46-e394c7a49a4b, 727b8afd-0c30-4115-bbcf-cdc764c07897, 7b056bf6-c232-46bd-8903-59145ff7ce46, 0ab3092f-590b-4caa-a4ad-17bfeef0fd0d, 4a108326-b19d-42ce-94f6-807abf6e4679, dcbcfc8d-6010-41df-a39d-008b0c7bc85d, 882e7c95-935a-4eab-9ece-f85f5f7d0f4e, 7216cefe-eb57-434a-81cf-4512db2dbc7f, 4b762622-7d6c-4ee3-ac57-0255df5d44a4, d74bceda-cfb6-4746-af8a-4128b92cef51, 0d5865c5-8185-4143-a707-4c3c6238cec7, 1c27cf97-b20c-4e40-b1f1-288b721517b3, 0baa8cd7-1eef-4960-aeb4-4128e58efba3, a4f5f378-2346-4024-90fc-ad82d22c96d0, 3e54b313-2fde-4180-9948-74e889dd9430, e3cdb277-ad80-4025-b5de-cd98cc67d23d, 9dbe92be-46cf-4429-b113-fdd5a2c1a2ec, 93d124a5-14d0-452f-a3e6-b5fd82f5c24a, b954a1b6-d613-4012-8bb5-d60ffb9e94e6, 8390a22a-cc2b-4286-9043-c7270807bf77, 03b2975b-7493-462b-a851-711ce6beb6c0, 45a4ed6e-4f6e-4fd4-8997-864b3a68c85c, 4700f517-5c5d-483c-81b7-d77aca04991c, 5af379e6-1bd1-4cf8-a23c-03266fb77b2c, 0881d4c6-f349-47d4-b809-a5da4c93f57f, e8996ce4-d34d-4b62-ba8a-f278839c316f, 6a64daa7-32ec-4d35-a7ec-f3df800f6d5e, 533b3efd-b7d4-418e-92a9-0a1d88440963, e1b45ea0-7cb8-40f4-b016-e24c2c2338d7, e5d8b5a8-0db7-47ea-8210-7ee0ca42f2a0, b0803304-62b4-4428-a333-e9bf623c8a98, 7f747187-72e4-4791-996b-4518742dc672, 4e73dd4e-0e2b-4a11-8f5b-658619b08027, 229628a2-f8e0-43ca-bac9-f14a161f9124, ae883cc3-2dce-41eb-9158-9e4b8aeeb20e, 54cb252a-78b5-463d-b31f-f54f63d85a29, 5af99ef3-adff-464d-9976-5c5d6391b014, 7c076eda-5b41-4b0f-815f-0f6400148b0c, 1ca0b64a-8bb4-4a2b-b3d0-af935960bf15, b79a9385-ab79-4949-a953-2320bfb28bc0, 9587115f-4178-47cf-9f77-e969e02a727d, d05c0270-b38e-4e97-9bdc-02106d088069, 98473c0a-bbe2-4bc3-b1c7-12053701d2c7, 07b5ae90-4161-4463-945e-41a48fdced21, de1a80b2-24eb-4815-af5a-793f2f1810a9","1656694609322, 1656795773796, 1657043938163, 1657232893709, 1657289776073, 1657289800878, 1657470375716, 1657482179634, 1657495907415, 1657555107601, 1657793350614, 1657793592776, 1657815353442, 1657840507474, 1657994923923, 1658060707247, 1658172307978, 1658189528250, 1658306884457, 1658307029290, 1658353956127, 1658359645423, 1658439825856, 1658504825723, 1658504999896, 1658525888852, 1658526063955, 1658580979436, 1658581068815, 1658686629700, 1658707561857, 1658743928023, 1658789677028, 1658789850139, 1658917852956, 1658938358295, 1658972634817, 1659031648092, 1659032060993, 1659049100376, 1659088991236, 1659147676069, 1659286911278, 1659287111606, 1659378505005, 1659378668941, 1659542065944, 1659542259336, 1659638939657, 1659660029992, 1659987228177, 1659987237749, 1659987237749, 1660136237384, 1660146567828, 1660146659280, 1660160210054, 1660315138702, 1660393486122, 1660491385633","16, 17, 2, 33, 5, 8, 49, 37, 34, 50, 47, 40, 56, 22, 19, 27, 12, 66, 27, 24, 40, 50, 21, 14, 41, 17, 4, 3, 33, 16, 114, 1, 32, 19, 10, 19, 32, 55, 62, 38, 59, 48, 15, 21, 44, 24, 22, 13, 1, 54, 1, 0, 0, 0, 14, 23, 0, 0, 33, 32","55512, 62068, 11037, 117727, 10920, 35066, 157702, 80000, 130369, 161067, 190160, 221093, 210000, 85739, 59116, 60000, 43425, 290000, 98885, 154514, 203233, 198224, 60000, 81098, 178124, 58184, 20000, 19174, 180238, 60000, 350000, 8126, 124758, 60000, 50000, 83049, 125186, 326789, 204462, 177616, 197031, 207074, 161255, 72873, 94578, 71230, 94564, 65441, 10000, 204745, 10000, 117082, 117082, 52984, 41170, 48844, 20104, 69948, 136347, 104064","39.52, 44.68, 18.92, 44.94, 7.34, 27.96, 66.21, 32.96, 59.56, 69.3, 44.17, 64.33, 41.34, 43.73, 33.43, 50.72, 43.41, 78.24, 47.64, 55.96, 52.84, 64.84, 51.45, 47.42, 54.37, 38.82, 16.05, 23.24, 41.26, 35.56, 71.33, 22.53, 55.33, 32.16, 35.93, 35.82, 55.75, 61.0, 57.78, 64.88, 54.63, 69.97, 61.1, 46.21, 71.7, 33.13, 49.8, 34.33, 57.39, 63.01, 25.43, 74.06, 74.06, 15.98, 32.96, 36.87, 21.12, 26.92, 42.66, 53.59","1, 1, 1, 1, 1, 1, 1, 1, 1, 1, 1, 1, 1, 1, 1, 1, 1, 1, 1, 2, 1, 1, 1, 1, 1, 1, 1, 1, 1, 1, 1, 1, 1, 1, 1, 1, 1, 1, 1, 2, 1, 1, 1, 1, 1, 1, 1, 1, 1, 1, 1, 1, 1, 1, 1, 1, 1, 1, 1, 1","1656694609322, 1656795773796, 1657043938163, 1657232893709, 1657289776073, 1657289800878, 1657470375716, 1657482179634, 1657495907415, 1657555107601, 1657793350614, 1657793592776, 1657815353442, 1657840507474, 1657994923923, 1658060707247, 1658172307978, 1658189528250, 1658306884457, 1658307029290, 1658353956127, 1658359645423, 1658439825856, 1658504825723, 1658504999896, 1658525888852, 1658526063955, 1658580979436, 1658581068815, 1658686629700, 1658707561857, 1658743928023, 1658789677028, 1658789850139, 1658917852956, 1658938358295, 1658972634817, 1659031648092, 1659032060993, 1659049100376, 1659088991236, 1659147676069, 1659286911278, 1659287111606, 1659378505005, 1659378668941, 1659542065944, 1659542259336, 1659638939657, 1659660029992, 1659987228177, 1659987237749, 1659987237749, 1660136237384, 1660146567828, 1660146659280, 1660160210054, 1660315138702, 1660393486122, 1660491385633"
53b6d844a2fe5fdf1bdb8740320badd240b03b7c7e612a91dbc7951bacfbab09,Non-Logged,17,"7dbba0ba-ee1b-4890-8bcb-3e5e545fa970, 30ababae-bf28-4242-a82c-150c98867a8f, f62e4b02-c2f3-4064-ad08-2d41546fbd17, d3701be1-584a-4a07-8388-d14218373a57, 8533460c-61c3-45e0-8e02-6fe3f00da5fb, c7079c1e-13fc-4fe5-ad77-ce3b56cf2c35, 5a441b92-bb91-44d7-be25-43d0f94e0bec, bd434001-9cbd-42f0-8b8c-143299244e75, f5447740-930a-4687-89d4-a215f9061fcb, d6d2e012-1481-44ba-85fb-5229ce3f8588, c55b5b0f-9cd7-416c-a87c-e781c6e9bdaf, be219af9-1f72-4ce5-8e4d-d60c7eae18cd, a97e0917-bd0f-4796-977e-64ddf1d8c4b5, dd1e02f6-d4e6-47d8-87b5-12b11c9374be, 49d00f6f-e136-4a97-86b3-946b9a730238, 13828739-f390-42d6-b69a-7ee540ff6145, 0e044d1c-fe37-4e6d-a577-97710365170a","1656685356015, 1657125269528, 1657557809195, 1658142905817, 1658143239778, 1658143254305, 1658585096442, 1659098136456, 1659359112361, 1659359118550, 1659359165807, 1659842680122, 1659843261404, 1659843270059, 1659843278078, 1659843330938, 1660228640846","1, 3, 4, 7, 9, 43, 14, 3, 0, 4, 0, 31, 4, 24, 0, 7, 4","20000, 20000, 23020, 50000, 79969, 260000, 90000, 21385, 10000, 40000, 10000, 115292, 30000, 90000, 20000, 50000, 59451","8.63, 34.91, 24.41, 38.61, 52.36, 78.59, 50.92, 73.79, 33.89, 39.66, 18.18, 17.46, 20.7, 11.85, 7.49, 19.5, 34.13","2, 1, 1, 1, 1, 1, 1, 1, 1, 1, 1, 2, 1, 2, 1, 1, 1","1656685356015, 1657125269528, 1657557809195, 1658142905817, 1658143239778, 1658143254305, 1658585096442, 1659098136456, 1659359112361, 1659359118550, 1659359165807, 1659842680122, 1659843261404, 1659843270059, 1659843278078, 1659843330938, 1660228640846"
38919dcefb23e0da6d8e2f0308946e82b57ebe04645ba5ae98cbfbce3262ec6e,Logged,20,"c00cc7d0-5533-4418-9d64-3afbb31ae6fa, eb23272d-8e6c-479d-b972-eabeb5f6f3dd, ce483c1a-18a9-4ad7-b916-6f45ce3d12c0, 0dd89516-0ca8-4884-90c0-a13b2f69ba37, b581ce4b-2c42-4e9b-b4e7-3f7c0ed0752c, 77142468-afd3-487a-9d06-0807258d9fea, 2b4f0f8f-ab7b-45e7-8a8a-353e0aa41249, 01c59ff6-fb82-4258-918f-2910cb2d4c52, d7ef402b-ffef-48d3-a6d3-76048a490a18, 290c3a55-b7e8-4344-a66f-a789166cc1d7, 1babbe41-50e0-49f6-aab8-20b5cba9a010, f0a78e58-ec7e-494c-9462-fbd6446a9a89, 2d09c185-98d3-4898-a76c-12ba58eabd04, 4b776b40-67fc-4949-8fcf-220542efa150, 80aa7bb2-adce-4a55-9711-912c407927a1, 2b0d0a86-bb8d-4cf4-95e3-e0232a41898c, ecd63535-1875-4f84-b7c1-3aabcadd316f, fbffe526-e94a-408f-a19b-7510f3d56016, d74bceda-cfb6-4746-af8a-4128b92cef51, a1349124-207b-42fc-a298-9f38b0cd187b","1656893066120, 1658952281489, 1659104056755, 1659556988466, 1659557952552, 1659562731944, 1659567725769, 1659577212928, 1659577607563, 1659645540031, 1660422029812, 1660422642775, 1660426551475, 1660427025465, 1660442438582, 1660506867921, 1660507184682, 1660514586509, 1660525689241, 1660529709942","0, 12, 21, 1, 0, 0, 4, 1, 1, 8, 3, 12, 0, 2, 0, 2, 1, 9, 8, 1","30000, 20000, 60000, 25684, 31072, 40000, 30778, 20000, 34123, 10006, 60000, 120000, 20576, 60000, 7302, 6861, 14996, 90000, 160000, 50000","33.86, 40.38, 59.04, 12.14, 19.35, 54.96, 38.9, 18.01, 17.39, 40.22, 50.07, 36.61, 22.19, 40.94, 15.02, 11.25, 9.43, 27.84, 48.04, 30.49","1, 1, 1, 1, 1, 1, 1, 1, 1, 1, 1, 2, 1, 1, 1, 1, 1, 1, 1, 1","1656893066120, 1658952281489, 1659104056755, 1659556988466, 1659557952552, 1659562731944, 1659567725769, 1659577212928, 1659577607563, 1659645540031, 1660422029812, 1660422642775, 1660426551475, 1660427025465, 1660442438582, 1660506867921, 1660507184682, 1660514586509, 1660525689241, 1660529709942"
fd14b035f038025251f9cc167651fc7a05f19bd9a0fba542583f19edae9bb459,Non-Logged,17,"9aa5e6c8-f7a9-46b4-839a-61a140210209, e2ca9b4e-fa1f-420b-828d-ca0ccce34df1, bcd21623-9a80-4127-91e3-e572ce938dcb, 16567d54-b774-407f-a406-9e14a85be5c4, esid:conteudo_editorial_g1#materia#http://g1.be.globoi.com/noticia/2880396/fast, 40d335b5-e9ad-4f6f-bbdb-ec38cdb1031c, 3352cca1-4f75-4b69-85bb-7dbaf915b66c, d7210026-ed5f-4680-8cbb-288148c88792, 09de1656-6613-48d0-87ce-41c34b6c4895, 21fde304-3a39-4518-80b5-fbefd8a571f0, 97cafcd5-0eca-474f-9870-0add4e6fa76f, 9c2d09b3-089b-4b8b-a5da-145b1376f3df, 8f798466-edc3-4e74-a83c-3628d29ca87e, 00b338aa-5bee-4abd-b4f8-6f0d19b32fee, d985446e-9cb5-4223-a1e7-28fd28b8ef81, 841d49fd-5ffb-4d7a-b2b3-7f12df9cf5f0, 920e3217-b61e-4462-bfac-8a8ce4fa66d9","1659541999682, 1659546177050, 1659626784113, 1659627896715, 1659639631994, 1659711798337, 1659966926818, 1659972998596, 1660057601833, 1660057623108, 1660057631422, 1660057638928, 1660057647761, 1660057787333, 1660058599224, 1660058728952, 1660229391526","4, 0, 0, 0, 5, 0, 0, 1, 2, 0, 0, 0, 1, 8, 0, 0, 2","100701, 48277, 30000, 40000, 100000, 90000, 11868, 90000, 80000, 50000, 30000, 64845, 110000, 120000, 100000, 10000, 160000","44.68, 23.08, 57.39, 55.62, 38.63, 30.11, 21.42, 36.96, 50.91, 23.83, 28.54, 57.16, 65.46, 59.14, 52.66, 19.69, 59.63","2, 2, 1, 1, 1, 2, 1, 1, 1, 1, 1, 1, 1, 1, 1, 1, 1","1659541999682, 1659546177050, 1659626784113, 1659627896715, 1659639631994, 1659711798337, 1659966926818, 1659972998596, 1660057601833, 1660057623108, 1660057631422, 1660057638928, 1660057647761, 1660057787333, 1660058599224, 1660058728952, 1660229391526"
c7cbc671cc8d5f2ab4bc8c335dc60f61761f0a1c3cb19a2d003e8a08078055ee,Non-Logged,21,"b92e7086-9ded-439c-99f8-b630eb368d1e, 529a23e0-baa8-4824-9554-416ceba464ae, 9185d27e-9524-4d65-aa2c-f1d35fb0a1d4, 89305b19-a0d7-46a7-bb62-ea10708706ff, 6bf5a3b0-6609-42a9-bfa1-9c29425e01e0, 7c076eda-5b41-4b0f-815f-0f6400148b0c, 1c6341f3-ca86-4f0a-ba3c-5f2ecc924bc3, 8d05349d-49c7-4032-86be-7cf6e8e4742f, 182ea847-2130-4385-8890-831f50c7ddfb, a1f929db-9321-4a43-bb26-79878f1f9d87, c165e556-d503-437e-acf9-73507b59d60f, cd06f4e1-5397-4913-a9cf-51f0016a4a39, 9da8780d-7bf7-4006-a6da-09a8165fab2a, a98518ee-c2da-4c55-b5f0-30ebc2d08f19, 6871becc-42d3-46f3-a964-7c191215034a, e457c8d7-7459-4e0a-9f6e-a8ffc547310c, d991b235-3a54-4dbe-8122-574c7d928762, 3338c779-3460-45d9-ad97-1dcac8d892e0, 0331bb86-175d-492e-94dc-441407dd83e0, 458bf0ec-efb4-4bfd-9446-c80295e6aa87, d2593c3d-2347-40d9-948c-b6065e8459a9","1657548610902, 1657548855941, 1657555123640, 1657555164769, 1657555217039, 1657555238725, 1657555537857, 1657555562515, 1657555570377, 1657555576496, 1657555695368, 1657555713561, 1657555805161, 1657555943110, 1657568000745, 1657568942901, 1657974748448, 1657974754640, 1657974839104, 1657979056748, 1658339401716","1, 0, 0, 0, 0, 0, 0, 0, 0, 0, 0, 0, 0, 1, 0, 1, 0, 0, 2, 0, 0","224637, 81929, 18964, 10000, 10000, 21586, 7916, 10000, 10000, 10000, 12875, 5691, 10000, 24657, 10000, 466674, 90000, 94076, 230000, 284125, 20000","18.11, 59.98, 20.1, 10.53, 38.48, 15.65, 64.98, 12.66, 51.01, 40.65, 28.93, 43.7, 29.49, 24.84, 6.25, 61.35, 44.36, 42.58, 86.72, 45.41, 40.88","1, 1, 1, 1, 1, 1, 1, 1, 1, 1, 1, 1, 1, 1, 1, 1, 1, 1, 1, 1, 1","1657548610902, 1657548855941, 1657555123640, 1657555164769, 1657555217039, 1657555238725, 1657555537857, 1657555562515, 1657555570377, 1657555576496, 1657555695368, 1657555713561, 1657555805161, 1657555943110, 1657568000745, 1657568942901, 1657974748448, 1657974754640, 1657974839104, 1657979056748, 1658339401716"
9e83656d83753277813f9a8a00a9a7a71ee7df89d5211fb2de1ab249815fc26d,Logged,103,"38e587ad-1ccd-41e7-9925-c863da80e7f4, b19d8018-1a43-4311-bec1-a6fcec8ac18d, 04756569-593e-4133-a95a-83d35d43dbbd, 10f33dfb-319d-4763-aad8-15ec6bcf1a3f, e5e837d6-9102-4ec0-9420-88fd94603481, ad2c51f7-26ff-4f7e-98c8-32462c62874e, 44fdcedf-e9ae-4748-8ab3-0cdb466672a6, 97a9f3df-6ccb-480e-97cd-8999e39c9577, 0b8f3728-4ef7-40e7-85ac-367d8039bb6d, 1f32787b-de2b-49be-8c20-ddaeae34cc22, 2a9226ae-a3a7-40b5-b800-ebabe6229a29, a1c96be2-5708-4bb3-861a-659123ade1cc, 498f00e5-8860-4365-a03c-dca9fd298b80, 785293e5-28f5-49dc-be42-763fc09a140b, d8e96969-c9d9-4c28-a9a8-403abc1e784a, 4dce428d-5990-42db-a09d-378f7d67c5bc, 886aee00-ce36-4b2c-ade8-545724af093f, 51219799-daab-48b2-b700-3a61833b3ea8, 470bac7a-d454-43c7-b36d-7b075b7f353b, 064b539b-a4cd-4781-b97f-9e9859ce15f7, d4e9b07a-db73-4dc0-9f5c-0f1c13b5dfa1, f82aca8d-3fdb-433b-b245-980d9a040d77, 5add4d01-a7d7-4819-a657-e677b24ece4d, bf257382-74fb-4392-ad6a-143240e39f81, d031af1b-f939-47c1-a589-e6d691b66d91, eaf9c665-560e-4bca-9574-983f2e11264a, 17d4177d-eb44-4693-b453-4ecc3a6b47a4, 230d19cf-28f8-459a-ad3a-da60aa640639, af5d32bb-ab3d-47fa-96c2-bf44680ea0f7, 5150459d-1b3a-409c-982e-54c8ed0900a3, e5b31e24-1bfe-49d5-a0b2-8af464411fda, 96d328b9-5da7-4389-a9ac-765e98971ab7, 0458efca-6f84-4223-bb16-68096059b07b, e1a89c3a-1649-486f-a964-ecfb33821e77, e2a81417-e811-46a4-b26e-f77c1c836046, 6be357e5-8bdd-492f-bdda-04bf3c04af4b, f4706329-4d90-41de-813c-fbe3cc07baa4, 9e2968e0-bdc9-4188-8bfc-2176f4b69ba8, 9e93b143-069b-4139-aa1a-42db5c5370ca, e9132775-5c5d-4995-bbc5-ef745c98091e, 4d89c4b6-6827-4935-9ba1-0502025af270, f598b137-5a37-40d8-8245-1e0395b51e83, fff8f4aa-531e-4858-9108-31ec3c0f6ee6, 4e9c2825-ff13-41ca-8e91-edd848060d19, 9586b6a8-a9a4-4438-a615-93ed48cc36d7, 6c0811d8-4c94-41a6-80bc-6ff25886fb44, 88d6396e-b422-4b6f-a119-6dda88213f01, b57fa2d2-0a34-4117-b22d-29ad42c8e063, 848a5817-6b73-473b-97fc-7f69706402ee, 9a6c4aca-332f-4156-91e5-6c4ba9d9be2b, fcd49bed-bb5b-47da-8734-d78339069200, c32b886c-bdf7-44ab-97ec-9bd8d8e8fb3e, 756f1fd7-703f-4ba3-ac49-a7c9bff1b1ec, b89959aa-2d7d-43c4-b46b-6ffc5598a76e, 0305a46a-fe62-4666-9742-f5fe5db890ab, 57615619-0c1d-41fb-8640-ccec5b3add58, 28fca3e6-060c-4ed5-be2a-54634bc89bd1, 2fcb504f-8b37-4d26-b7b8-9eca64eeb200, b954a1b6-d613-4012-8bb5-d60ffb9e94e6, cbbc09bb-d46e-4542-86bd-f6df649bf88a, e77e093c-d944-4d4c-9143-e67c75c616c5, 96aebf6e-817d-4a3d-9e21-f5357ecebab0, de7733c7-9283-4c25-880c-064489ccf7e2, 91cb8050-16a3-493e-b1da-da3227770040, bd1bc41b-79a2-4b09-9ca1-b1e26805810c, f6b5d170-48b9-4f8e-88d4-c84b6668f3bd, d6a7a584-6150-4ca0-a4a7-faf847bc5ad2, 2dbb4f56-504b-4a84-9951-d62a0d80d335, b275983d-ce02-409f-a836-5e4406200144, 76d05d9e-44ac-4843-8bbb-9fb4531ac9fc, 6fe3d28e-1b87-45d5-9987-e2305924872f, ef9afcb3-ceaf-44cc-8951-2cde2c981b62, 15281e10-e6bc-48bc-9b1b-94402f83699b, 7d559e40-c7bf-4f95-9f49-3e41811fd7d5, ffeea3a6-d969-4a9a-baf0-101da68da3f9, 829265f6-c85e-4474-aaf2-49f7df8c4fdc, 1f630913-5ee3-402e-888f-b110767cbe8a, f888a2b8-5cb2-4950-a1ee-7a7ad7cbbd48, cb324527-6a66-491d-b53c-6a6d7ece566f, 5b90df37-0b8b-44d6-abdb-6fad31217c26, 75d921b4-b275-47c0-8601-5710c462b6ce, f4d46a04-e9dc-4cb1-a383-af5c2a6413d6, 5af99ef3-adff-464d-9976-5c5d6391b014, aec4aa4d-152c-44f3-80dc-313c00e3cd61, d2593c3d-2347-40d9-948c-b6065e8459a9, 9e1b4571-e55d-4a26-8c5a-1ddd6ecf53ba, fb8553ab-06f9-4271-91a0-db14875b61cf, f1388bdc-bf06-444c-9523-ba640195b864, 999f8b86-8f29-44b5-942a-79d1174efb6b, 5acaac71-a0c9-4d6f-897d-308409a37f01, 6329820f-1dfd-4f34-b8ba-0bc81b10298b, 8668a87e-6ec5-4069-8649-a08824bb3e14, 12354c12-edf1-475b-bb6a-91ca5a01ef20, 120a7b88-a7a8-42c9-85a2-7c25c5477384, bca9e689-e44d-4da8-8985-78f70aee346e, 59cff3db-c50f-4870-9cf8-38adfb620e57, fd3c2179-09b0-4b2c-96a9-2d8822f28851, 6144af8d-bd8e-415b-9cc6-b463c6de4bed, 5ef8124d-495e-4de3-af19-48c14b92dbd4, c2df477b-a3c5-402d-8ed5-1cf59500bdeb, 855d20b7-53f2-4678-a10f-55402d085018, ea12f8aa-58b6-4ad8-97c7-2a4266f95c57, e5185368-70f8-4998-a738-ca22f300da7b","1656698062306, 1656698113128, 1656951860674, 1657108677953, 1657109490373, 1657116856508, 1657116859754, 1657121931636, 1657124755644, 1657125052979, 1657128743412, 1657192300518, 1657209303035, 1657209310915, 1657209321508, 1657298594155, 1657298603683, 1657535927461, 1657536596031, 1657536643770, 1657536686780, 1657640617258, 1657641094685, 1657641102286, 1657653823198, 1657744903727, 1658140751416, 1658160348772, 1658160366450, 1658160654143, 1658176678003, 1658228922192, 1658239783862, 1658247079101, 1658318082343, 1658333255182, 1658333261448, 1658333298154, 1658333350994, 1658333459439, 1658349229691, 1658349280561, 1658436575876, 1658436603708, 1658510478461, 1658510492753, 1658746785197, 1658746810022, 1658746821036, 1658746935561, 1658916480875, 1658916509442, 1659004055642, 1659004071382, 1659349406689, 1659349418063, 1659349551119, 1659371652887, 1659371658120, 1659453852374, 1659453857577, 1659453922357, 1659453992065, 1659454013420, 1659523919959, 1659524806056, 1659524811423, 1659526629142, 1659526748523, 1659526787044, 1659540611947, 1659540621708, 1659540996913, 1659609438840, 1659627943943, 1659627972170, 1659628032066, 1659633547112, 1659696736487, 1659696965641, 1659714006339, 1659785229840, 1659896610528, 1659905311099, 1659972239227, 1659990704186, 1659990830398, 1660043810799, 1660058017397, 1660058033149, 1660070798665, 1660083894690, 1660085389228, 1660138260552, 1660138271921, 1660166128293, 1660166265559, 1660166294599, 1660234506693, 1660320508633, 1660320554673, 1660503063236, 1660520800375","1, 0, 0, 2, 1, 0, 0, 0, 0, 1, 0, 0, 0, 0, 1, 0, 1, 0, 0, 0, 0, 0, 0, 0, 0, 1, 1, 0, 0, 0, 0, 2, 0, 5, 0, 0, 0, 0, 0, 0, 1, 1, 1, 1, 0, 0, 1, 0, 0, 0, 0, 3, 0, 1, 1, 4, 1, 0, 0, 1, 0, 1, 1, 0, 0, 0, 1, 3, 0, 1, 1, 2, 0, 0, 4, 0, 1, 0, 0, 0, 0, 0, 0, 3, 1, 0, 0, 0, 0, 0, 2, 3, 0, 5, 0, 0, 0, 1, 0, 2, 0, 1, 0","33786, 83961, 9528, 60000, 20000, 29537, 30589, 37643, 52357, 91841, 10000, 7193, 6249, 8823, 95820, 10897, 55115, 200641, 10000, 6138, 10000, 46289, 24408, 6360, 40659, 9499, 18087, 10000, 20539, 20000, 20000, 51806, 14063, 141085, 10000, 5461, 10000, 23164, 13043, 83116, 44537, 78854, 25129, 34213, 55710, 22046, 17417, 44436, 14432, 24098, 5920, 50000, 11308, 18518, 63274, 47071, 10979, 19959, 37537, 35380, 20000, 40000, 66279, 17929, 39230, 10000, 6817, 86432, 10000, 53683, 91993, 110586, 55799, 11214, 90000, 11928, 71752, 66243, 128898, 20000, 11550, 218660, 7205, 110982, 27358, 10000, 38228, 10000, 70000, 14997, 21794, 135967, 65684, 265618, 10000, 57419, 61658, 64616, 18743, 57758, 36698, 10000, 13876","55.32, 15.73, 13.45, 57.78, 45.6, 50.65, 50.02, 45.78, 68.2, 73.45, 47.95, 38.95, 7.82, 49.35, 51.31, 24.69, 61.8, 35.41, 28.22, 44.34, 9.52, 57.09, 32.41, 24.61, 40.84, 33.1, 30.98, 26.68, 57.8, 47.46, 54.33, 24.94, 47.99, 71.49, 33.31, 52.5, 50.14, 49.91, 50.1, 67.67, 75.24, 66.63, 51.16, 36.7, 53.1, 64.28, 36.83, 35.12, 29.42, 68.17, 54.26, 72.18, 45.47, 37.0, 49.92, 35.2, 26.48, 48.93, 49.19, 30.68, 48.69, 76.43, 53.41, 26.84, 55.83, 17.13, 31.88, 73.73, 13.42, 53.41, 73.16, 63.1, 38.48, 30.37, 61.6, 41.59, 66.5, 47.85, 73.94, 64.9, 15.46, 78.11, 42.42, 59.46, 66.37, 30.59, 13.27, 45.99, 61.86, 54.18, 55.85, 72.17, 52.16, 66.25, 19.8, 37.06, 33.75, 53.21, 61.62, 86.26, 54.24, 43.66, 27.38","1, 1, 1, 1, 1, 1, 1, 1, 1, 1, 1, 1, 1, 1, 1, 1, 1, 1, 1, 1, 1, 1, 1, 1, 1, 1, 2, 1, 2, 1, 1, 1, 1, 1, 1, 1, 1, 1, 1, 1, 1, 1, 1, 1, 1, 1, 1, 1, 1, 1, 1, 1, 1, 1, 1, 2, 1, 1, 1, 1, 1, 1, 1, 1, 1, 1, 1, 1, 1, 1, 1, 1, 1, 1, 1, 1, 1, 1, 1, 1, 1, 1, 1, 1, 1, 1, 1, 1, 1, 1, 1, 1, 1, 1, 1, 1, 1, 1, 1, 1, 1, 1, 1","1656698062306, 1656698113128, 1656951860674, 1657108677953, 1657109490373, 1657116856508, 1657116859754, 1657121931636, 1657124755644, 1657125052979, 1657128743412, 1657192300518, 1657209303035, 1657209310915, 1657209321508, 1657298594155, 1657298603683, 1657535927461, 1657536596031, 1657536643770, 1657536686780, 1657640617258, 1657641094685, 1657641102286, 1657653823198, 1657744903727, 1658140751416, 1658160348772, 1658160366450, 1658160654143, 1658176678003, 1658228922192, 1658239783862, 1658247079101, 1658318082343, 1658333255182, 1658333261448, 1658333298154, 1658333350994, 1658333459439, 1658349229691, 1658349280561, 1658436575876, 1658436603708, 1658510478461, 1658510492753, 1658746785197, 1658746810022, 1658746821036, 1658746935561, 1658916480875, 1658916509442, 1659004055642, 1659004071382, 1659349406689, 1659349418063, 1659349551119, 1659371652887, 1659371658120, 1659453852374, 1659453857577, 1659453922357, 1659453992065, 1659454013420, 1659523919959, 1659524806056, 1659524811423, 1659526629142, 1659526748523, 1659526787044, 1659540611947, 1659540621708, 1659540996913, 1659609438840, 1659627943943, 1659627972170, 1659628032066, 1659633547112, 1659696736487, 1659696965641, 1659714006339, 1659785229840, 1659896610528, 1659905311099, 1659972239227, 1659990704186, 1659990830398, 1660043810799, 1660058017397, 1660058033149, 1660070798665, 1660083894690, 1660085389228, 1660138260552, 1660138271921, 1660166128293, 1660166265559, 1660166294599, 1660234506693, 1660320508633, 1660320554673, 1660503063236, 1660520800375"
d0e8c07cc35271169a6a91481bd5cc8d7557a9602e6ad13106a35147635a8fce,Logged,85,"426e9777-7ad8-4b0f-98f4-48e8ee96ace5, e69d567c-41c3-4076-846e-23324fe91104, 83ebda93-e1cf-422d-ae6b-18298c55ed8e, 3137f551-87d2-48b6-82bf-48b2bf11e643, d7f17a3c-3885-4b47-95a8-c4204a3698f5, 286428b0-dd16-46e6-8189-2908a23967ea, 99c4a6d3-41f3-4bf0-bfba-a419e0e621f8, 68bc8994-ebef-4e48-8478-e7fe1619ae58, d8e96969-c9d9-4c28-a9a8-403abc1e784a, a1c96be2-5708-4bb3-861a-659123ade1cc, 5b1cb0ce-8056-4dec-a64d-623068958061, 06122c9e-23b0-4b60-9361-7ba951e9f11b, 064b539b-a4cd-4781-b97f-9e9859ce15f7, 7594da99-d606-4338-a373-710a7dec776a, c9bf6f69-f752-4e93-bd91-597660a66993, 5a8c0d96-e126-4472-bc01-e581564c6575, 61e5c9d9-f22a-4993-9062-7bcff41a8b8d, af5d32bb-ab3d-47fa-96c2-bf44680ea0f7, 35bc231e-0dbe-4639-9732-aa9a1d7d5570, e1a89c3a-1649-486f-a964-ecfb33821e77, c85cb6f6-60e1-4a94-8f8f-6b436bb1d77c, 3ffb80eb-0ae9-457e-883c-d52f57c124c0, 470ccd72-1478-4a82-9e75-ecb6f732772a, 8f28e4d1-c4ab-4ce6-8acf-27726b061aa3, dc5abd37-fda0-4ad8-9620-8db2b13090d5, ac7e8dbc-0c2e-47be-b367-e5210a834ce1, 3148473f-bd3c-45c6-a2f6-83e667025005, b57fa2d2-0a34-4117-b22d-29ad42c8e063, 7fe849c0-4a55-429d-b480-11ee216909dd, 7fcf82cf-6a19-4e1f-a054-d5356546bf31, b4a5680b-d0e1-4260-bc54-82fbe328d3a0, 97c00ceb-20e2-455e-b706-9a720e9b32d2, 008d7a48-0864-4202-9a4e-b5d4f3c08e8b, f480e699-a41c-4ae7-a137-0d1d00e9a7ee, f4b9eb2c-5b14-4bea-8281-231355e612e7, 880ef64d-da1c-4edd-98f5-71bea000f858, 696c06e7-a338-4cf5-b9c3-ea8b9e775a94, 7a349b09-badc-40a9-a194-83d959aeb50c, a3be043d-805e-4be3-bd59-98226c4a6c0b, b954a1b6-d613-4012-8bb5-d60ffb9e94e6, 91dd61bf-7c49-4276-bba6-1db2804921a9, a6ab18ec-e32f-474b-964b-987309c61581, 78f42bd4-4281-49e2-abd2-2da58ed56dad, 4e986ba0-ca6f-479f-979c-a111d0a2b7dc, 4700f517-5c5d-483c-81b7-d77aca04991c, 77dff2e3-1436-4612-95bf-ad95275993ca, 5af379e6-1bd1-4cf8-a23c-03266fb77b2c, a123ce85-26b5-49e9-b551-363625ce4595, f6b5d170-48b9-4f8e-88d4-c84b6668f3bd, defe8f9d-26e0-4942-8f0f-a622c9b7514f, 1f630913-5ee3-402e-888f-b110767cbe8a, 3b17a90a-30ac-4918-aefc-d458840d2202, 5c7794c7-c59d-47a4-890e-ed86aab100fc, 1f59877a-6e53-4e34-a24a-0e2283dd745b, 47e1ddae-8f6c-41ae-9bdc-6a2acff86bfa, 829265f6-c85e-4474-aaf2-49f7df8c4fdc, 46726d44-b83a-4f34-bb8b-738f4205af48, 32be4219-c156-41b6-acbe-6c29ce3b1ab5, 224d8516-f349-4d8a-9e73-e3ca1c47a992, e384ec29-136e-4241-9321-49b367b8cbd5, 7ebdaa6b-061e-43ff-bfae-16ba88a7ac3d, b442d94e-f0c5-4fc1-9406-a4b64b595d71, 4e73dd4e-0e2b-4a11-8f5b-658619b08027, ae883cc3-2dce-41eb-9158-9e4b8aeeb20e, 83568c85-7264-4e45-8a2e-eeb246118465, f888a2b8-5cb2-4950-a1ee-7a7ad7cbbd48, 7c3fbe06-7d31-49b6-986f-3be196b84687, bd4e7054-4043-4acf-9a49-7d883152189d, d135be48-a247-4c36-9312-2fb3095ef1b0, e67a8a04-2e7d-45a3-8374-73380b09a47b, f8c672fa-c364-4775-8752-6880225c9156, 89fa73f0-4341-4de4-bb2a-e429ef96bd43, 399c1321-5d2b-494e-9025-2ba2b8b56117, 9c8465e1-65d5-44d6-817e-a8657d38fd32, 999f8b86-8f29-44b5-942a-79d1174efb6b, 8668a87e-6ec5-4069-8649-a08824bb3e14, 5acaac71-a0c9-4d6f-897d-308409a37f01, 2a6d85db-5d21-4958-af4d-42dcaab01dae, 1dfa6f3f-4c8a-4eea-8c96-1c6b5e6f179e, c4a64d0d-09b8-4f82-8e32-4d2ec6067226, 5ad189e3-77e6-4c5e-9eed-8979ba58e283, 39155663-356f-4d11-a471-32209ba83a6d, 41006d27-11f0-4aa8-b2d0-97fc9bb32ef5, 255e1677-8abb-47d5-9480-915bc1fce36c, ece7f38e-1744-4885-83d9-2ffb89e40b11","1656680163802, 1656683131996, 1656687449338, 1656946368246, 1656957816074, 1657031468125, 1657116290950, 1657133544939, 1657203359595, 1657204057337, 1657204893081, 1657221173293, 1657551112826, 1657551316100, 1657630467765, 1657631389943, 1657635019066, 1657724885310, 1657737538886, 1657740298239, 1657741750404, 1657803617268, 1657804006387, 1657804246279, 1657820828729, 1657891998184, 1657892760707, 1658065500609, 1658151028128, 1658152487100, 1658152698952, 1658153125690, 1658153176110, 1658153460641, 1658153751791, 1658327099625, 1658338945571, 1658409156642, 1658409395487, 1658427665913, 1658427738573, 1658428249155, 1658498318243, 1658498832587, 1658512737347, 1658513101403, 1658513443370, 1658845630800, 1658846426125, 1658862332465, 1658862728544, 1658863085858, 1658927234308, 1659015034524, 1659360369521, 1659361716846, 1659362539371, 1659363745709, 1659382290029, 1659449178292, 1659449310063, 1659465852019, 1659466053903, 1659537553835, 1659537873720, 1659539701378, 1659553891151, 1659622338038, 1659636927235, 1659709519242, 1659722994175, 1659723068358, 1659968451666, 1660067238323, 1660072950112, 1660073276353, 1660073836488, 1660224529796, 1660226184905, 1660226496626, 1660242528538, 1660312100375, 1660330881124, 1660331154995, 1660333403144","0, 0, 0, 1, 0, 1, 0, 0, 0, 0, 1, 0, 0, 1, 0, 0, 0, 1, 0, 0, 0, 0, 0, 1, 0, 0, 0, 51, 0, 1, 0, 0, 0, 0, 0, 0, 1, 0, 0, 0, 0, 1, 1, 0, 0, 1, 0, 0, 0, 0, 0, 1, 1, 1, 0, 0, 0, 0, 0, 0, 0, 1, 0, 0, 0, 0, 0, 1, 0, 0, 0, 0, 1, 0, 0, 0, 0, 0, 0, 2, 1, 0, 0, 0, 0","200000, 60000, 34793, 110000, 70000, 77111, 37665, 140000, 180000, 108555, 97365, 30000, 90000, 120035, 74668, 66868, 13874, 130000, 16824, 100000, 123588, 124404, 27370, 180000, 65528, 110000, 162394, 167914, 8052, 130000, 119693, 32882, 70000, 50000, 70000, 200000, 74398, 71507, 120000, 44136, 90000, 170000, 30000, 70000, 150000, 80000, 64304, 70000, 49595, 176742, 110000, 80452, 70000, 92770, 70000, 119619, 250000, 70000, 70000, 42990, 162856, 80000, 120000, 40000, 97876, 70000, 42807, 50000, 40000, 135019, 7187, 70000, 190000, 70000, 80000, 181282, 70000, 90000, 149887, 166663, 120000, 60000, 120000, 70000, 168317","64.67, 57.79, 31.87, 53.29, 54.95, 42.02, 21.09, 73.54, 70.7, 50.96, 44.98, 51.41, 70.12, 15.14, 42.44, 53.06, 13.18, 21.95, 21.1, 62.15, 53.65, 40.94, 10.19, 70.68, 42.09, 59.0, 69.39, 43.54, 14.19, 42.7, 47.12, 41.76, 53.74, 13.74, 34.08, 56.69, 51.99, 43.2, 77.56, 31.49, 50.53, 64.0, 53.91, 19.75, 59.91, 57.63, 48.4, 45.07, 38.88, 56.27, 74.71, 14.98, 40.17, 25.0, 43.0, 46.22, 45.26, 50.0, 51.07, 35.03, 62.95, 67.8, 64.43, 6.27, 62.49, 45.8, 41.18, 48.09, 13.07, 60.49, 41.08, 47.41, 53.97, 66.62, 53.27, 58.53, 37.47, 55.04, 57.76, 55.36, 54.87, 61.29, 63.15, 52.19, 64.3","1, 1, 1, 1, 1, 1, 1, 1, 1, 1, 1, 1, 1, 1, 1, 1, 1, 1, 1, 1, 1, 1, 1, 1, 1, 1, 1, 1, 1, 1, 1, 1, 1, 1, 1, 1, 1, 1, 1, 1, 1, 1, 1, 1, 1, 1, 1, 1, 1, 1, 1, 1, 1, 1, 1, 1, 1, 1, 1, 1, 1, 1, 1, 1, 1, 1, 1, 1, 1, 1, 1, 1, 1, 1, 1, 1, 1, 1, 1, 1, 1, 1, 1, 1, 1","1656680163802, 1656683131996, 1656687449338, 1656946368246, 1656957816074, 1657031468125, 1657116290950, 1657133544939, 1657203359595, 1657204057337, 1657204893081, 1657221173293, 1657551112826, 1657551316100, 1657630467765, 1657631389943, 1657635019066, 1657724885310, 1657737538886, 1657740298239, 1657741750404, 1657803617268, 1657804006387, 1657804246279, 1657820828729, 1657891998184, 1657892760707, 1658065500609, 1658151028128, 1658152487100, 1658152698952, 1658153125690, 1658153176110, 1658153460641, 1658153751791, 1658327099625, 1658338945571, 1658409156642, 1658409395487, 1658427665913, 1658427738573, 1658428249155, 1658498318243, 1658498832587, 1658512737347, 1658513101403, 1658513443370, 1658845630800, 1658846426125, 1658862332465, 1658862728544, 1658863085858, 1658927234308, 1659015034524, 1659360369521, 1659361716846, 1659362539371, 1659363745709, 1659382290029, 1659449178292, 1659449310063, 1659465852019, 1659466053903, 1659537553835, 1659537873720, 1659539701378, 1659553891151, 1659622338038, 1659636927235, 1659709519242, 1659722994175, 1659723068358, 1659968451666, 1660067238323, 1660072950112, 1660073276353, 1660073836488, 1660224529796, 1660226184905, 1660226496626, 1660242528538, 1660312100375, 1660330881124, 1660331154995, 1660333403144"
e38e71f3c30d42e4e5156f5dbf0f0029fe241ba807c7516fe8465c4c0377931b,Non-Logged,60,"6e82f48e-1dca-4472-a4d1-5c97f2b3d033, f9a42950-4492-4bf6-975a-d063a09aff1a, 66138041-d31e-490e-884a-5ff80d901d68, 9442c690-21b3-42bc-9e5a-f880de0fa0a8, e947fea0-0875-4b4a-85ea-e70219d460d8, d5f5e1da-c3c8-49ab-b0a6-e027f3d4d724, 3ff029e8-9626-4bd0-b134-ed262fe189da, c6ef110d-7837-47f2-84f6-cfea4da5e328, b7f30490-0b67-4ccc-b032-1eeeb179b464, 1c4faf15-dcb3-46c3-ae9f-b79380e1d1d4, 0981aa5a-7687-4aec-bcf7-6868ea563935, 3230374d-3227-480f-8aad-be40e7918a89, 15eeacb4-f3d8-40fd-be4a-03f87dec4ec0, 30351498-c937-4ee4-8e10-0fe4a22a388f, 99566c41-bd03-4b37-9ed7-4ba3485e7de5, ba008c92-ab01-441a-ba7a-c80742013db1, 2decd92c-718d-4c00-8a88-69fef6e90831, af0941ee-a164-46e9-a3bc-218665b6a382, 8f7b572d-f35d-4531-b33c-58927ecb6de4, e4dbb7c9-fd80-4da8-b4f4-6d144442a2af, 3b8cd1b0-4cbf-44a5-9261-7b1dba64fcc2, dc5abd37-fda0-4ad8-9620-8db2b13090d5, 263bf90f-b1de-408a-b23c-d345d6415fb0, f9f520de-ff6f-4cad-afa0-6e092f258378, 47874b53-ac2e-4ccc-ad5b-6b2669d59340, 92ecb67e-11a0-4daf-95e2-70251ecfc5cb, d6b4d7b3-1721-4721-aa00-29fc7b97a567, e0aed8fe-a365-428c-b0d6-7f97bb466608, 1c27cf97-b20c-4e40-b1f1-288b721517b3, 4ef1d1e4-01aa-4aea-8a31-51598feef18a, b954a1b6-d613-4012-8bb5-d60ffb9e94e6, 91dd61bf-7c49-4276-bba6-1db2804921a9, e77e093c-d944-4d4c-9143-e67c75c616c5, f43019b0-df5d-4f61-8e7e-d58e7f7233ba, 37613ff0-fb5d-46f6-9c2c-ed822582710b, 12c44ec3-3624-4c0d-990d-27c38e7a5848, f6b5d170-48b9-4f8e-88d4-c84b6668f3bd, dd697b83-1f8b-4811-a789-c61a2008c673, 229628a2-f8e0-43ca-bac9-f14a161f9124, 48be3738-5081-471e-b259-eb7ca374efd5, 5c37a504-0ed8-49c1-a6a9-d237d90664e3, bd4e7054-4043-4acf-9a49-7d883152189d, a9edcef3-47c9-4be0-803d-6350d045a78b, 57829839-9caf-4fcf-b557-271dd0dbc7a8, 081ff3d5-4b43-43c4-93b9-633acb86f89e, 17845b80-b527-4bfe-8d6c-5c399d258152, c3ab8c0a-c9a4-4211-a478-821766ef7fda, 94d5ccc9-09e1-47f4-8566-7cddc91aca9c, dd4d0068-ae1b-4e78-a7e5-7e8c2a4a5615, fd3c2179-09b0-4b2c-96a9-2d8822f28851, a9a5568c-a11d-481f-896d-3dd7a07063ca, 0ef0cdf7-3280-41d9-81fe-220395a3e85e, 412a5c6c-1b0a-4033-8ede-7050009e769a, 7bc5a848-9f28-42ae-912f-7f5536eb33f4, 9f5b2341-2a52-49cc-8fd3-c20bc63082f4, 3a54bc78-a1f6-4a3c-a1f8-d541597eb6a0, fbe1e6a7-401b-439f-8bc3-908bddad0de1, 3457f9f3-7465-481c-8917-d4e92fe62b08, 6669d086-2f7e-4020-90cf-5a1fb9dfa7c1, 2c1e7356-9421-42e3-8880-831916c6c738","1656944312840, 1656944342918, 1656944880613, 1657044920044, 1657045196208, 1657110311121, 1657110710190, 1657110897719, 1657111094605, 1657111373424, 1657112699049, 1657143470057, 1657148431629, 1657218895751, 1657374110300, 1657379056228, 1657568561945, 1657658405703, 1657716806246, 1657723241962, 1657735693709, 1657823280969, 1658239818276, 1658320116494, 1658320185623, 1658342818159, 1658416031952, 1658430158284, 1658524285500, 1658524438204, 1658586581767, 1658774093260, 1658774830107, 1658862326476, 1659201115739, 1659201308334, 1659373707885, 1659378199060, 1659388018297, 1659388243177, 1659448123865, 1659450463610, 1659464340911, 1659480576428, 1659525374791, 1659543411405, 1659549645249, 1659557611720, 1659715546525, 1659726413273, 1660148500159, 1660156355950, 1660159895647, 1660164337542, 1660244949600, 1660246777378, 1660320663158, 1660344039847, 1660354162991, 1660423343199","0, 0, 0, 0, 0, 0, 0, 0, 0, 0, 0, 25, 47, 0, 0, 0, 0, 96, 0, 0, 0, 0, 0, 0, 0, 0, 0, 72, 0, 0, 0, 0, 0, 0, 0, 0, 0, 0, 0, 0, 48, 0, 0, 0, 0, 0, 0, 64, 31, 0, 0, 0, 0, 0, 0, 0, 0, 0, 0, 0","80004, 20003, 150000, 40001, 60000, 410020, 190000, 190000, 20002, 320000, 50005, 70431, 100000, 140000, 160000, 70000, 20002, 231973, 230000, 70000, 40002, 320000, 120000, 50000, 70000, 50000, 10012, 170000, 80000, 130000, 110000, 160000, 50005, 70000, 140000, 50000, 160000, 130000, 150000, 330000, 120000, 330000, 20004, 50001, 60000, 40000, 10009, 130016, 70000, 120000, 50000, 130000, 20004, 80000, 10003, 90000, 100000, 60000, 50000, 10013","100.0, 100.0, 100.0, 100.0, 100.0, 100.0, 100.0, 100.0, 100.0, 100.0, 100.0, 44.98, 29.57, 100.0, 100.0, 100.0, 100.0, 60.42, 100.0, 100.0, 100.0, 100.0, 100.0, 100.0, 100.0, 100.0, 100.0, 43.44, 100.0, 100.0, 100.0, 100.0, 100.0, 100.0, 100.0, 100.0, 100.0, 100.0, 100.0, 100.0, 23.38, 100.0, 100.0, 100.0, 100.0, 100.0, 100.0, 39.11, 31.81, 100.0, 100.0, 100.0, 100.0, 100.0, 100.0, 100.0, 100.0, 100.0, 100.0, 100.0","2, 1, 1, 1, 1, 3, 1, 1, 1, 1, 1, 1, 1, 1, 1, 1, 1, 1, 1, 1, 1, 1, 1, 1, 1, 1, 1, 1, 1, 1, 1, 1, 1, 1, 1, 1, 1, 1, 1, 1, 1, 1, 1, 2, 1, 1, 1, 1, 1, 1, 1, 1, 1, 1, 1, 2, 1, 1, 1, 1","1656944312840, 1656944342918, 1656944880613, 1657044920044, 1657045196208, 1657110311121, 1657110710190, 1657110897719, 1657111094605, 1657111373424, 1657112699049, 1657143470057, 1657148431629, 1657218895751, 1657374110300, 1657379056228, 1657568561945, 1657658405703, 1657716806246, 1657723241962, 1657735693709, 1657823280969, 1658239818276, 1658320116494, 1658320185623, 1658342818159, 1658416031952, 1658430158284, 1658524285500, 1658524438204, 1658586581767, 1658774093260, 1658774830107, 1658862326476, 1659201115739, 1659201308334, 1659373707885, 1659378199060, 1659388018297, 1659388243177, 1659448123865, 1659450463610, 1659464340911, 1659480576428, 1659525374791, 1659543411405, 1659549645249, 1659557611720, 1659715546525, 1659726413273, 1660148500159, 1660156355950, 1660159895647, 1660164337542, 1660244949600, 1660246777378, 1660320663158, 1660344039847, 1660354162991, 1660423343199"
85c24cd0460dcf24b02bcaa7c0804508b6fccfbb0adc76e9e5aabd00e786b0ec,Non-Logged,71,"83ebda93-e1cf-422d-ae6b-18298c55ed8e, 85110683-db97-44b0-a493-e3059b382b0d, 1f2b9c2f-a2d2-4192-b009-09065da8ec23, f8f8fe7a-1ca9-4c0b-8347-eee307a0c45c, 3e0b9a1f-23cc-4b02-b639-cfe040db3b53, 85173c40-3702-4785-9d32-b6e7e0913f62, d57eb581-2a59-40d8-a0c0-972d96276025, 1c4faf15-dcb3-46c3-ae9f-b79380e1d1d4, 8539595a-8f2a-48ec-bfef-7cd73b6fea29, 68bc8994-ebef-4e48-8478-e7fe1619ae58, 31b4ea4e-3092-4571-b7b5-316bdb4f75fa, d9384792-d756-4cda-a114-3fd3259d2c8e, c4789e51-c882-44e9-b133-2d435af16d54, 0e4e09a8-7a88-4758-a3f2-d0dce43df4c1, 0e63f228-3f5f-4883-a851-d557a36c603a, 2ea2b93e-4b3d-4cb0-b134-1fa610da2a0b, 17d4177d-eb44-4693-b453-4ecc3a6b47a4, 001b9bec-b1e2-4df2-9c43-8135627ce4c1, e77bbebe-cd7c-4936-a72e-a6d0496f0c6c, d16c5f99-1fa4-45f7-8da0-f7d7bed103d8, 98f69b71-4233-496b-97ec-2540bbf6c19b, 2ff4ae6e-db29-40d1-9f41-542a9042f74e, 1d22f204-4cea-4b1d-95da-f6fbe57cd622, 73ed314a-a9f3-4b76-83f1-67063a4ca520, d6d7696e-9bd3-4cb4-9cbd-9e58b9656bd4, 4d89c4b6-6827-4935-9ba1-0502025af270, 4e9c2825-ff13-41ca-8e91-edd848060d19, 064e7cfb-32c4-4785-ac91-f26fa05e4237, 4c31ee3a-8560-47a3-9c65-ade795262b1d, 8956c97a-6d85-4d4b-a6f7-6d42c6be97cc, 30a03e2f-327f-42b2-babf-fbc8e9a208fd, 5ecc4b24-ff5d-4f8c-8449-53de3b34d213, 0d34908c-847c-4924-a227-f35f28903b41, 73151e02-dd2a-4509-968e-b9c16ec1c5db, 0baa8cd7-1eef-4960-aeb4-4128e58efba3, 9c443c2d-bf37-4668-b3f5-56de3515589d, 4766ab42-d97d-4be1-bf10-4e9568be1107, a6ab18ec-e32f-474b-964b-987309c61581, fdcf8e4d-6449-4bda-93bf-81afb774592a, 7a4f734e-2c4b-43c4-a127-f5bf9cb43d32, f6fe79f3-e65d-48c8-94b7-f0f46877c9f4, c963b3af-46f5-40f7-a918-aebdfe46a653, 12c44ec3-3624-4c0d-990d-27c38e7a5848, b4deb972-e617-4c21-853a-64aac38b659c, f6b5d170-48b9-4f8e-88d4-c84b6668f3bd, 43881011-2473-4d3c-a836-534dddc420da, fdab1161-53cc-433f-8c1f-636130bbaba1, bd4e7054-4043-4acf-9a49-7d883152189d, d66628e7-f7f5-40ab-a658-efa8c8312cd5, f1310ff3-c7b1-4f72-8a9e-e86355e8b9a7, 521b1897-f7b1-4a34-bf8c-97eda83306dd, 61e07f64-cddf-46f2-b50c-ea0a39c22050, 5ef8124d-495e-4de3-af19-48c14b92dbd4, 3a54bc78-a1f6-4a3c-a1f8-d541597eb6a0, bfefef66-2e41-4fc7-abc2-1c7e5c567337, 16d32020-d633-4afe-b56b-3eb3914bf556, cab337c4-cbcf-4f10-8586-2bef1794cc50, bf1cf394-04fd-44cc-ba6a-148fb6dcb1a8, c4a64d0d-09b8-4f82-8e32-4d2ec6067226, affb19a9-a6c1-44f0-9895-707434d6306e, 5d62d256-238e-4516-a750-68799c6ec2e1, f66b22c0-9b76-4cb7-b53a-96fb613772f6, c8ca0f97-6890-4901-831e-14364a32a865, d44e8343-b03a-4432-8c7f-fc7b50eb4c6c, 5ad189e3-77e6-4c5e-9eed-8979ba58e283, 2c1e7356-9421-42e3-8880-831916c6c738, 855d20b7-53f2-4678-a10f-55402d085018, 2ab5ed43-ddc1-4859-88b6-844bd5355a95, f3e13e3e-fc3e-44a7-a17a-1a8aca25fe66, 7988830d-28a4-4e32-9abb-f3b0d6f2b124, 97ac6c4c-5b3d-4e36-9816-0791226573e5","1656676651269, 1656678454671, 1656685715344, 1656936001932, 1656936664944, 1656936906370, 1656937060313, 1656937267061, 1656962340646, 1656962526718, 1656962781932, 1657020407483, 1657020692745, 1657021217442, 1657029994061, 1657038300349, 1657038404638, 1657048984761, 1657121028123, 1657288432260, 1657288566348, 1657289087476, 1657540476801, 1657726243734, 1657726902936, 1658342539351, 1658342579372, 1658342694993, 1658342780365, 1658343026629, 1658343158203, 1658343394369, 1658491907236, 1658502753941, 1658505415815, 1658506211155, 1658771013686, 1658771157970, 1658840083674, 1659018134803, 1659096094334, 1659105604620, 1659114519639, 1659115774280, 1659453456111, 1659453595956, 1659453636705, 1659453811595, 1659453902477, 1659454030376, 1659454193635, 1659612115141, 1659612790801, 1659613799573, 1659626817809, 1659638059104, 1659638444898, 1659981184879, 1660063442346, 1660070900666, 1660070978846, 1660227124889, 1660227443290, 1660244556873, 1660244678398, 1660244912842, 1660244999978, 1660305116881, 1660320026522, 1660320166391, 1660327325213","0, 0, 0, 0, 0, 1, 0, 1, 0, 0, 0, 0, 0, 0, 0, 0, 0, 0, 0, 0, 0, 1, 0, 2, 0, 0, 0, 0, 0, 0, 0, 0, 0, 1, 0, 0, 0, 0, 0, 0, 0, 0, 0, 0, 0, 0, 0, 0, 0, 0, 1, 0, 0, 0, 0, 0, 1, 0, 0, 1, 0, 0, 0, 1, 1, 0, 0, 0, 0, 0, 0","162290, 24050, 183587, 90000, 111740, 91029, 60006, 50000, 100000, 126730, 80000, 60000, 140715, 90000, 61789, 64083, 31784, 62509, 30000, 60000, 77553, 70000, 30000, 70000, 40000, 10000, 75809, 46024, 147905, 57622, 85308, 58594, 133152, 130000, 53586, 110000, 80000, 108939, 57432, 8383, 160000, 180000, 5823, 240000, 70000, 8863, 138244, 65243, 49075, 135239, 108986, 21297, 40000, 120000, 20000, 30000, 164556, 40000, 350000, 75735, 103043, 20000, 110000, 82221, 100000, 43481, 70000, 70000, 108593, 240000, 100000","80.74, 55.93, 63.36, 73.84, 59.78, 61.93, 44.96, 65.33, 69.42, 62.72, 58.6, 61.01, 64.49, 52.47, 71.17, 47.84, 42.86, 60.1, 43.44, 58.17, 53.72, 72.92, 20.58, 77.42, 65.42, 14.12, 59.17, 43.64, 62.19, 66.7, 66.98, 58.98, 46.8, 59.95, 56.01, 81.64, 58.38, 51.66, 48.3, 38.38, 84.96, 77.6, 39.53, 77.41, 68.21, 49.96, 63.48, 63.17, 40.47, 74.38, 54.03, 66.97, 36.07, 61.61, 19.84, 33.67, 76.95, 78.06, 88.32, 79.81, 87.39, 33.73, 74.94, 57.47, 69.38, 55.9, 83.82, 32.67, 74.71, 89.53, 53.9","1, 1, 1, 1, 1, 1, 1, 1, 1, 1, 1, 1, 1, 1, 1, 1, 1, 1, 1, 1, 1, 1, 1, 1, 1, 1, 1, 1, 1, 1, 1, 1, 2, 1, 1, 1, 1, 1, 1, 1, 1, 1, 1, 1, 1, 1, 1, 1, 1, 1, 1, 1, 1, 1, 1, 1, 1, 1, 1, 1, 1, 1, 1, 1, 1, 1, 1, 1, 1, 1, 1","1656676651269, 1656678454671, 1656685715344, 1656936001932, 1656936664944, 1656936906370, 1656937060313, 1656937267061, 1656962340646, 1656962526718, 1656962781932, 1657020407483, 1657020692745, 1657021217442, 1657029994061, 1657038300349, 1657038404638, 1657048984761, 1657121028123, 1657288432260, 1657288566348, 1657289087476, 1657540476801, 1657726243734, 1657726902936, 1658342539351, 1658342579372, 1658342694993, 1658342780365, 1658343026629, 1658343158203, 1658343394369, 1658491907236, 1658502753941, 1658505415815, 1658506211155, 1658771013686, 1658771157970, 1658840083674, 1659018134803, 1659096094334, 1659105604620, 1659114519639, 1659115774280, 1659453456111, 1659453595956, 1659453636705, 1659453811595, 1659453902477, 1659454030376, 1659454193635, 1659612115141, 1659612790801, 1659613799573, 1659626817809, 1659638059104, 1659638444898, 1659981184879, 1660063442346, 1660070900666, 1660070978846, 1660227124889, 1660227443290, 1660244556873, 1660244678398, 1660244912842, 1660244999978, 1660305116881, 1660320026522, 1660320166391, 1660327325213"
cf02e0a706e23fa50dffd9e581b432d0f24cc5650cfd756b5ec20ea7303dbf76,Non-Logged,241,"c4ab5277-4c11-444e-80e8-86ef7344d8a9, 68bc8994-ebef-4e48-8478-e7fe1619ae58, d173164f-dcfc-4e32-8006-64ab44a57c66, 7caf0079-a39e-4f7d-9d5b-7f8d8a625f2f, abf9b042-1205-465b-b24f-e3cc3907db83, 5e0e0692-d30c-4fa2-8da8-3fd00a39290f, 239430d1-9a03-4b7e-a928-2362102ab641, d5f5e1da-c3c8-49ab-b0a6-e027f3d4d724, 69296266-b1f0-4c12-bda6-59750ade9770, 126dc9cc-d7ab-43f1-ac15-5e8732b45dd0, ced7fe89-46e6-4bc2-b5c8-ecfcfd33c577, c34bc409-bdbc-4d58-875c-16d9ab4cd209, d57eb581-2a59-40d8-a0c0-972d96276025, 630d04d5-5f34-4011-a3e9-f67752a8de34, d7f17a3c-3885-4b47-95a8-c4204a3698f5, 99c4a6d3-41f3-4bf0-bfba-a419e0e621f8, 44db03fa-78a8-4296-b8c6-f6aba1c995a9, fe66b0f1-5028-45b0-b1c2-6ee6e993c73a, 6110a74b-265a-41b4-b40e-e9c94842006c, 88ae22aa-032c-43b9-bc18-36c0f1480a18, bd3dfd1a-180d-4dc9-bde5-3b75f4397ef5, 286428b0-dd16-46e6-8189-2908a23967ea, d0f11985-f883-452e-b817-226d924e5557, 65ec130b-e557-4075-be1d-ab0c967b643c, c6ef110d-7837-47f2-84f6-cfea4da5e328, 8a1fd37d-5775-4c22-9857-1d4c177e5e26, 7f7ad302-4320-4005-8c9e-34825b9ca1f2, 1f32787b-de2b-49be-8c20-ddaeae34cc22, 0a5923de-45ed-4142-b3a7-17546131670c, e4b31b93-9ee8-4754-a18a-88192298a160, e59e23ae-31e6-4eba-b85a-ce46918829b9, 3fb7858c-33f9-412a-b0cc-c847df3e2be0, 785293e5-28f5-49dc-be42-763fc09a140b, 99cee40b-98dd-49a0-b741-41296aaea59e, abcd99d4-7221-4d4c-84ee-2d36f904731e, 886aee00-ce36-4b2c-ade8-545724af093f, 9958aafa-3a3a-416c-a2b9-5d96769bad83, b2e31128-76aa-474f-8310-2f0fd62750e4, 4f2b248e-89b3-46be-b317-eb773c9bac71, 50028008-aa11-4519-9d75-452c84dd27fb, 0e4e09a8-7a88-4758-a3f2-d0dce43df4c1, df80ec0a-a61a-419c-83e0-b87d1b82b7b0, 6bb54e2d-60ce-4ccb-b186-2d5bd093dc5c, 84a20532-175a-4df7-ab78-7d2f8177169f, 6c92672d-9c82-4fb1-b07f-c701a90e2fd2, a70fefee-e4f7-4023-821f-2f0a260295c1, d4623930-ae85-4058-aa4b-867696479d9a, b45946c1-035c-4d85-b327-b8ee7f4fa3e7, 5ff57c8a-8269-49e8-be21-5997c71ac566, e6f987c1-546f-4a9e-9a88-b2e2eb2a9068, 52b4895d-0327-4ed9-9eef-7b48bc25e004, c9f6922d-c67a-41e5-82d7-b283af240233, f693c419-09da-4004-beb4-ac6390d6bb45, bf257382-74fb-4392-ad6a-143240e39f81, dc63091e-153b-42a9-a2ed-0bdfddc5816b, 62c75a44-c053-4f1f-8cd7-788df09ad65b, 39410577-0d94-4790-ac41-81362bc8c915, 1dccb854-b09e-4c3c-8c2d-fb45cd6e5b2b, 238c7c71-81a5-4e9a-8c6e-bf0a2620a196, dde2b732-bbb3-4930-86b9-756e2978a33a, 6452a218-de3c-4511-b482-d58f26b7ecda, a30edb2e-6d56-4b21-8460-4a14613dfe5a, 0acd99f2-f791-4901-a0e2-142075d4097c, 8375c03a-a6dc-421e-a388-0cab21c00f96, ae3ea2eb-2d87-4380-983e-77072492ea63, 17d4177d-eb44-4693-b453-4ecc3a6b47a4, 5b68d910-8e4a-4fa5-8fae-65c841282e94, 55455526-a0e9-40c7-94e1-08824f4e1b52, c2d9a2c5-fc0c-4bc1-811c-5ad7b4f482d9, 83cf1546-5235-491f-ae0c-90949a2ab3c2, 7d0e81f6-aad4-4176-ba7b-f57e80a06789, a3546453-e741-493b-94d1-9043ba082039, 9533c13d-53db-4493-a53e-3414eb42f0c4, 30fa8088-bc67-440e-b66f-6f6b42c76e45, c85cb6f6-60e1-4a94-8f8f-6b436bb1d77c, 8f7b572d-f35d-4531-b33c-58927ecb6de4, 4d89c4b6-6827-4935-9ba1-0502025af270, e9132775-5c5d-4995-bbc5-ef745c98091e, 3b8cd1b0-4cbf-44a5-9261-7b1dba64fcc2, d8de2192-12b4-4fb5-97d8-8a6360a10e78, 7244799d-3784-4a1b-afdc-02244797ee83, c0d537cd-eae8-40a2-8c15-b70a73480daa, 84475a89-38d0-47f5-b26b-58078f824530, b4a5680b-d0e1-4260-bc54-82fbe328d3a0, db037f57-5594-47e8-a523-076c8c83914c, ec25b022-94d4-4d12-8139-7a89cc1ab58c, 66a9efac-fd43-4fd1-9824-c404b08efa5d, f8d13827-8327-4be0-b28f-b1f7f561f6f3, 62c033c2-103d-4c76-8dbf-19c1cc869ddf, 975775e3-e92d-4782-8d65-771251294369, 37c56d52-c47f-4584-8f24-3aae138c490f, daf3e95d-8e3b-469a-bfde-56fe34795fe1, 882e7c95-935a-4eab-9ece-f85f5f7d0f4e, 09d12b1e-2262-4ad4-a0a8-e8d86a7c1ca4, d3c22140-1b41-4f2a-9148-3f77d6c2dd55, e98a3169-1474-45fe-a677-a48203c9e8d0, 18e42f24-7579-439e-ac2b-37bae37673d6, a28f4f25-42bb-4828-864f-a7d1e36dd4f4, 4b762622-7d6c-4ee3-ac57-0255df5d44a4, ba904941-6d67-4c27-8d06-cefe0d5df25e, 347a01fa-6f39-49c7-9a61-72db9eca0d19, 9220d7b6-6427-4d22-a558-a36009b9fe76, ebc00bed-3e2e-45d3-8a9b-0ce430f30d0f, 490e87c0-ee0d-4504-8c58-b7fd103d7ebc, 63722543-efce-4adb-b671-ce4ac460aa1a, df8a8f6c-d273-4247-892c-9ddc32d2b50d, 6a83890a-d9e9-4f6b-a6c6-90d031785bbf, a0aba7f4-5e1f-4f92-8239-10575ffa9957, c20bdab3-1654-4295-9302-3fbd9ddb1eab, c5e33759-6c52-482c-ad3c-35dd4b21427b, 1cac4121-48a1-41cb-ad7e-b5a32a154cb5, efd3d0a2-bc09-4401-8e0e-0a13914d0c77, 008d7a48-0864-4202-9a4e-b5d4f3c08e8b, e8fc4f0d-6d18-4690-824e-4869a1d2d12d, c66f8729-1cb2-4eb9-a3fe-ea243ae317dd, f03141ea-194f-48b8-b69a-c18825af4334, ec7dbae8-2ef3-4fa0-8b70-22b425f09f5f, 3936f6c7-3f6c-4205-8cda-3178160b6cd4, 949a81ac-5df1-4e7b-9f4e-e364b5603e68, 9e434fae-3183-4d3a-8e1d-00a461e5d7fc, d57cd3fc-5185-4b29-8a85-c2f04bf6921c, 90c1930d-6795-4daf-8efb-635b7ac3dfae, ec1a1461-e32e-4259-bef3-7577893b0686, 91dd61bf-7c49-4276-bba6-1db2804921a9, f4e179e7-d4d2-416f-8997-51f421bcab2d, e40ae165-2210-4649-9f4a-8ec02b2424e9, 72c8ce33-8c2c-48b6-8bc9-f6acc5fc7822, 3dcbac52-7e62-4bb8-b923-5a9b2eec367b, a6ab18ec-e32f-474b-964b-987309c61581, 1dc0c4a8-0e13-454d-b3cc-16181bdf727d, 30834191-0094-4b13-b1ae-76ecd54d43a3, b50296d7-76ba-4ab6-873e-3254e94056db, 11055e00-6ed9-46c9-9795-392ab21c61ef, 94c83d8e-052f-46cd-96c3-dc0b96760d28, 13f2cc37-f575-44d5-b33f-045d0b0a912b, 9a410816-8a7e-4860-a977-0899cc6d7c20, d1ca4660-38ad-493f-850c-548ecb1e6da0, 4700f517-5c5d-483c-81b7-d77aca04991c, e60f86b4-d9b7-47e5-ab2b-5459dbcceccc, 77dff2e3-1436-4612-95bf-ad95275993ca, d303158c-8b2c-45de-ad18-2fdf67d06397, 37613ff0-fb5d-46f6-9c2c-ed822582710b, bd1bc41b-79a2-4b09-9ca1-b1e26805810c, 4f2c5d08-21ac-4e99-9ccb-c9344aa7951d, 08fa440a-0d26-4405-b143-6960eefdd4c2, 6ee54fbf-b8ab-40e3-9289-27e6618b1cc1, a5cfe208-a4e4-40a3-98b5-cd8ddfea8485, f6b5d170-48b9-4f8e-88d4-c84b6668f3bd, f537c110-2adb-417d-9616-2e421f208f20, e8996ce4-d34d-4b62-ba8a-f278839c316f, 85bc4131-511a-4374-a1fa-da0711995387, c7c70809-d617-40a3-99a0-a95c87679acd, fd175a2f-d2bf-4590-af7a-a3da79ece0f6, 94c77949-55cc-434b-84bc-f84bf875da63, dd697b83-1f8b-4811-a789-c61a2008c673, 06294fd4-5d1e-498f-9a46-b0631ebcb60e, fec5cf7f-1039-43b2-8eee-e51c642f3b62, f425b064-b8a0-4ee3-a4f9-7085873eba0f, d2071cfa-036a-4d33-ab6d-973ee2e5bbf4, 2ab7e278-b4e0-42e9-83db-1978d1d4f947, 2b42c74c-5eca-4dd1-afab-f5de95d03e76, e997e4c6-4f8c-4069-ab33-70a1a2f4affb, b2543715-4744-4983-991b-7692e2062de1, bfb489b2-b686-4f2d-bb6e-08337dce539d, 99046129-d852-445c-9e6e-e140ec99b5e6, 1186f5b2-26f8-4da9-a230-d2acb5f3c5aa, 26516399-e091-4bc4-89e4-d9d45cc3f9e4, 3b4fee18-204d-47f7-b860-bfc03f165e81, e4868445-834a-40b9-a2e2-97b367e58cb0, 15281e10-e6bc-48bc-9b1b-94402f83699b, 6452fa85-14ed-42cf-a9ea-625e1b4204b1, 8458c0c6-5e5d-4e50-a5f9-6aea23ac3ff8, 7ccdee1e-c91a-4c93-8bca-d671cab1ee1c, 788b88f5-d957-4152-8a8e-4c8656405b24, 250b3f58-c19e-47b0-b3e2-c57ae4d9cf06, 5c7794c7-c59d-47a4-890e-ed86aab100fc, f5d2a476-c8dd-4ef7-bf6e-8d9016c7f349, 2e3300c6-3a18-4908-b9a9-a955cfcdcfcc, ca35decb-6955-44b5-b2fa-eb4529c3cb5c, f2d1fc0f-0a39-4ba9-896b-a4f736031067, 1321a7ad-20a7-4690-ab79-f8de41483008, f00301ea-a6ff-437d-b83d-f18cc5d1a314, 41c12081-6967-44c8-a4cc-0f7ba5709f22, 7f747187-72e4-4791-996b-4518742dc672, 2f022fe5-67d4-4058-903b-482324891e13, bf7d9ea7-e03f-4c69-83e7-4fb452af098e, dfaa73f1-a591-43fc-ac1f-240708c0ef5f, 2201fe35-11b4-4923-b802-faa98087e238, 1205451b-91ea-4424-b36f-9e3a88f1f73e, d3ebd3fc-60d4-4150-a65b-60e9dad71da5, e4e42f16-65a2-4ae9-b68c-8d8886d11970, 39450ed1-5859-4609-a993-0016dda62758, f8f84313-2705-4d0c-8031-5c1a8fb2fa9e, f9c9a66c-d870-44f9-a27e-395934431b7f, 19607b8a-342e-4b79-b471-1efad5f1c3cf, cb324527-6a66-491d-b53c-6a6d7ece566f, ae883cc3-2dce-41eb-9158-9e4b8aeeb20e, 6363a474-1edb-43ae-9463-11baaaab906c, 919f29bf-d153-400c-a04a-4237f5adf116, f888a2b8-5cb2-4950-a1ee-7a7ad7cbbd48, c86f0faa-e4e6-487e-818b-6cb43f74e607, ef24a6ec-e384-4c12-99ac-d50b80730e9a, 7966abf9-474e-4190-a9f6-baa5501068a0, b4edb070-fa34-449a-b082-cf2db0dc04b2, 5ebb080a-e96f-4ece-87af-e276fd9d42eb, 6406fca8-d17f-4ae1-b4f0-6e132249d3e4, 72173a3b-8b0a-47dd-9d30-89ddba27d23a, b79a9385-ab79-4949-a953-2320bfb28bc0, 637aeb5b-9b5f-4829-acd5-0d4e78f115dd, e2cd1c23-e372-4525-8b2b-b6886428f444, 106e6c31-5aa8-4d21-8d76-2fd90d35dba1, 8668a87e-6ec5-4069-8649-a08824bb3e14, 27c69991-48a3-443b-b282-e85ba5eb7f21, 79fa537e-6643-4a83-8896-2e1ea3d18215, 1696c66c-0622-43b7-ad83-9a1651a7b622, 04a6688f-bb07-4dfa-a1bb-432bf540f841, 3a54bc78-a1f6-4a3c-a1f8-d541597eb6a0, 73732579-cd57-4950-99b7-8a5a0daed14c, 7a91a342-d5d2-4bbd-843e-2cecc0d1a875, 074b796e-4a70-4604-9b50-3713505a1275, bf1cf394-04fd-44cc-ba6a-148fb6dcb1a8, 54600b87-2432-4147-92b6-a93e2f6befb4, 2c132949-db27-4d46-a967-223cabc919ba, 97d7f9b2-4eab-4807-bd3e-0788a4861b13, b983ec13-6581-4a89-a800-ab2bffc1fcbe, f9f0cb85-61b4-4f1d-87ae-1499826eea22, b8d82962-962a-4cbc-9481-cafcdd2dd7fd, 362d282e-5d9d-4691-86a6-21bcac0703d7, 5d62d256-238e-4516-a750-68799c6ec2e1, 39155663-356f-4d11-a471-32209ba83a6d, 855d20b7-53f2-4678-a10f-55402d085018, 24f3d2cd-87b5-49cf-8067-5b6a8b1be59c, 45fc1630-f209-4b90-b454-96d17d4f4e83, ede8f363-4c27-4f5e-a70e-33f8aa31d94b, fade3fca-a743-496c-8841-e0d98e8675df, 1a3641be-fa6a-4d72-a5eb-9069686a88ee, c309c7aa-b438-416a-b3a2-bd433614c6ab, 5ae221b5-eeca-434a-95f8-8c2705cf69bb, ed7de761-e1eb-43f0-9094-6a9cd5dfa01b, c1ee25ec-8981-48fd-8711-76f59870503d, 97ac6c4c-5b3d-4e36-9816-0791226573e5","1656679316871, 1656698768339, 1656699031790, 1656701094150, 1656941523613, 1656941607534, 1656941862886, 1656941959735, 1656942128395, 1656942463881, 1656955632208, 1656955750268, 1656955940451, 1656962869306, 1656962927292, 1656963152319, 1656963238169, 1656963318675, 1656964560073, 1657023158734, 1657023746610, 1657043945202, 1657044002094, 1657044311129, 1657044395040, 1657044473821, 1657044611222, 1657218150631, 1657218295103, 1657218435932, 1657218484034, 1657305850238, 1657305899335, 1657306028125, 1657563329737, 1657563551815, 1657567137314, 1657736694559, 1657736940186, 1657736992215, 1657739389935, 1657739568036, 1657739647504, 1657739716552, 1657804547446, 1657804858782, 1657804967534, 1657805025074, 1657805234729, 1657805340152, 1657807054447, 1657807105196, 1657807244287, 1657807713583, 1657807758812, 1657819924885, 1657889177778, 1657889254391, 1657889327361, 1657905395627, 1657905500281, 1657905690497, 1657905793738, 1657905878760, 1657906007291, 1658152649494, 1658152735501, 1658152794501, 1658171140609, 1658171278438, 1658171385319, 1658171542468, 1658171645253, 1658171760487, 1658171815207, 1658171880161, 1658172025965, 1658172221195, 1658238942641, 1658239066117, 1658239123328, 1658239256250, 1658239305298, 1658239433273, 1658239493832, 1658240608738, 1658240691621, 1658240763204, 1658255410981, 1658255555495, 1658255664559, 1658261344639, 1658261545397, 1658320453899, 1658320685309, 1658321355069, 1658322753214, 1658322848034, 1658341560533, 1658341691471, 1658341748348, 1658424609866, 1658424862516, 1658431525299, 1658431688612, 1658494764305, 1658494845374, 1658495501375, 1658495652975, 1658496049255, 1658496158634, 1658496494195, 1658498575411, 1658498693072, 1658500450296, 1658510519276, 1658510618395, 1658510707871, 1658769360227, 1658769483644, 1658857109804, 1658857286516, 1658858357867, 1658860075031, 1658860163885, 1658862613486, 1658862696739, 1658925445960, 1658927495366, 1658927686988, 1658927845904, 1658927900431, 1658927958848, 1658931811745, 1658931943129, 1658932134295, 1658932202128, 1658947363010, 1658947451270, 1658947522552, 1659015064623, 1659015259179, 1659015341325, 1659015499485, 1659029613915, 1659029737778, 1659032745861, 1659034483998, 1659038651742, 1659038792123, 1659038919688, 1659038974156, 1659105758093, 1659363609154, 1659363670637, 1659363817909, 1659363961015, 1659364004050, 1659364112881, 1659373666487, 1659373869093, 1659384834872, 1659384925480, 1659450101872, 1659450255591, 1659450474609, 1659537206452, 1659537353225, 1659547037917, 1659550279177, 1659550355309, 1659622792745, 1659622920930, 1659623226836, 1659623336583, 1659623503378, 1659623588766, 1659623663133, 1659633664445, 1659633786775, 1659633896764, 1659633961449, 1659634043089, 1659634133963, 1659702768662, 1659702913377, 1659724668817, 1659724738577, 1659724791843, 1659967671080, 1659967764952, 1659967838564, 1659967870703, 1659968154952, 1659968265968, 1659968680659, 1659968754005, 1659968849224, 1659968942701, 1659981348604, 1659981446354, 1659981559346, 1659981723936, 1659981831206, 1659987472231, 1659987630804, 1660052912591, 1660053167840, 1660053218523, 1660055710507, 1660055765298, 1660055876895, 1660139643110, 1660139768928, 1660152591495, 1660152671737, 1660157644218, 1660159516114, 1660160185093, 1660160223435, 1660160290375, 1660160574784, 1660227644343, 1660227747687, 1660227784699, 1660227847418, 1660227925838, 1660243576842, 1660243689382, 1660243770654, 1660243824792, 1660243952303, 1660244153487, 1660244838793, 1660244966170, 1660245179676, 1660314531259, 1660314639766, 1660314716051, 1660315252437, 1660315476356","0, 2, 0, 0, 1, 1, 1, 1, 1, 0, 1, 2, 0, 1, 1, 1, 1, 0, 0, 1, 0, 1, 1, 1, 1, 1, 0, 1, 1, 1, 0, 1, 0, 0, 1, 0, 0, 1, 1, 0, 1, 1, 1, 0, 1, 1, 1, 1, 1, 0, 1, 1, 1, 1, 0, 0, 1, 1, 0, 1, 1, 1, 0, 1, 0, 1, 1, 0, 1, 1, 1, 1, 1, 1, 1, 1, 1, 0, 1, 1, 2, 1, 1, 0, 0, 1, 1, 0, 1, 1, 0, 1, 0, 1, 0, 0, 1, 1, 1, 1, 0, 1, 0, 1, 0, 1, 1, 2, 1, 1, 1, 0, 1, 0, 0, 1, 1, 0, 1, 0, 1, 0, 0, 1, 0, 1, 0, 0, 1, 1, 2, 0, 0, 1, 1, 1, 0, 1, 1, 0, 1, 1, 1, 0, 1, 0, 0, 0, 1, 1, 1, 0, 1, 0, 1, 0, 0, 1, 0, 1, 1, 1, 0, 1, 1, 0, 1, 1, 0, 1, 1, 2, 1, 0, 1, 1, 1, 0, 1, 1, 1, 1, 1, 0, 2, 0, 1, 1, 0, 1, 1, 1, 1, 1, 1, 1, 1, 0, 0, 1, 1, 1, 1, 0, 1, 0, 1, 1, 0, 1, 1, 0, 1, 0, 1, 0, 0, 0, 1, 2, 0, 0, 2, 1, 0, 1, 2, 1, 1, 1, 1, 1, 0, 1, 1, 0, 1, 1, 0, 1, 0","86364, 301843, 86554, 178309, 83229, 254225, 95860, 167766, 190000, 312368, 173769, 188743, 68072, 57065, 224171, 84929, 79490, 50000, 53296, 586472, 51385, 55932, 308024, 82972, 77899, 136422, 56739, 143530, 139692, 47183, 47117, 49041, 290000, 162597, 221141, 114245, 80000, 120000, 50839, 101966, 176056, 78920, 67521, 110000, 310767, 107779, 67041, 219659, 115331, 182346, 49921, 138091, 110000, 44519, 90000, 43421, 75679, 82023, 98406, 103842, 189242, 102294, 60533, 127561, 57150, 85316, 57292, 63350, 136828, 105990, 156289, 101811, 114378, 53922, 64130, 154841, 194297, 35738, 122487, 56314, 144615, 58188, 90000, 40961, 175743, 81748, 70667, 196275, 143137, 108009, 112959, 199684, 11116, 230511, 110000, 15788, 93914, 121866, 129681, 55884, 56135, 251425, 73409, 162044, 86050, 80126, 689161, 160728, 405176, 118234, 180000, 110000, 116693, 98992, 73955, 98404, 88532, 119677, 122531, 102491, 175731, 137398, 63648, 88244, 63061, 82220, 40234, 113733, 190009, 157840, 60739, 49679, 91662, 130412, 190140, 66827, 92617, 131925, 121146, 157350, 193259, 81185, 157251, 80356, 122829, 129252, 70000, 260000, 139423, 126499, 53553, 41768, 120214, 46829, 241415, 19187, 31053, 117854, 73536, 60481, 48149, 89434, 222694, 162540, 228108, 269260, 145878, 149871, 392900, 75139, 338442, 131205, 231589, 98057, 165804, 84506, 83422, 68016, 121508, 109061, 63724, 80660, 98335, 65336, 90000, 293877, 68370, 62569, 357829, 92929, 72717, 31032, 282992, 109996, 413593, 72331, 94265, 56418, 250000, 96796, 112076, 163182, 106033, 49665, 157392, 56391, 254096, 49590, 61039, 53736, 110688, 74938, 134924, 125750, 78944, 54549, 46855, 403674, 106377, 92200, 123686, 95255, 102277, 36261, 10000, 77462, 129647, 111475, 80183, 53226, 126473, 200095, 135670, 126278, 212553, 62245, 107795, 85220, 188866, 222905, 110000","66.02, 88.52, 79.03, 86.99, 82.31, 97.64, 84.83, 90.21, 95.91, 66.4, 86.13, 90.56, 86.16, 61.25, 81.41, 94.75, 51.92, 70.18, 83.28, 98.22, 56.07, 67.71, 98.39, 74.6, 88.0, 91.94, 67.22, 88.52, 95.02, 72.89, 66.04, 77.24, 97.23, 100.0, 93.2, 52.37, 84.34, 79.03, 75.27, 88.04, 83.93, 89.35, 87.95, 90.64, 92.95, 80.21, 73.62, 94.96, 39.44, 100.0, 86.59, 95.88, 92.02, 84.11, 100.0, 73.12, 80.06, 48.33, 75.12, 81.82, 95.77, 82.08, 86.82, 93.3, 76.23, 74.01, 77.86, 79.13, 86.89, 78.61, 85.03, 83.42, 88.55, 83.26, 75.06, 46.72, 95.57, 80.84, 79.52, 83.22, 84.07, 79.05, 47.99, 41.36, 46.07, 84.43, 77.83, 97.33, 90.13, 88.05, 100.0, 97.33, 8.42, 95.31, 48.14, 29.59, 82.51, 100.0, 85.48, 75.89, 73.11, 96.03, 72.79, 96.67, 69.72, 76.0, 53.47, 86.53, 95.33, 47.4, 76.41, 64.69, 82.92, 89.38, 30.67, 86.1, 74.5, 85.0, 83.25, 85.78, 90.29, 87.11, 64.83, 83.03, 68.39, 51.59, 69.16, 73.39, 89.93, 94.31, 41.73, 50.69, 90.67, 74.9, 89.91, 77.0, 43.5, 71.98, 75.71, 100.0, 92.36, 73.77, 89.66, 81.26, 86.34, 55.82, 47.11, 77.52, 78.28, 87.77, 85.48, 63.35, 79.4, 68.08, 60.72, 65.05, 59.7, 87.88, 71.67, 82.63, 85.75, 97.47, 38.53, 88.42, 49.33, 100.0, 86.76, 66.99, 100.0, 56.09, 87.07, 83.82, 82.08, 51.91, 87.14, 78.69, 46.6, 79.85, 91.57, 76.52, 73.83, 89.64, 84.7, 79.14, 77.0, 100.0, 80.3, 14.89, 94.4, 80.62, 78.11, 74.43, 94.05, 85.93, 94.24, 80.52, 85.65, 75.01, 88.06, 76.2, 88.85, 90.84, 97.48, 92.9, 90.17, 77.04, 92.56, 87.77, 78.89, 86.69, 90.74, 53.99, 82.25, 65.43, 83.6, 41.61, 52.3, 98.49, 97.97, 42.45, 100.0, 100.0, 79.72, 84.08, 8.37, 86.34, 85.03, 82.32, 90.75, 84.01, 90.43, 91.71, 100.0, 89.76, 83.57, 58.33, 87.37, 91.87, 90.42, 92.43, 45.5","1, 2, 1, 1, 1, 1, 1, 1, 1, 1, 2, 1, 1, 1, 1, 1, 1, 1, 1, 1, 1, 1, 1, 1, 1, 1, 1, 1, 1, 1, 1, 1, 1, 1, 1, 1, 1, 1, 1, 1, 1, 1, 1, 1, 1, 1, 2, 2, 2, 1, 1, 1, 1, 1, 1, 1, 1, 2, 1, 1, 1, 1, 1, 1, 1, 1, 1, 1, 1, 1, 1, 1, 1, 1, 1, 2, 1, 1, 1, 1, 2, 2, 2, 1, 2, 1, 1, 1, 1, 1, 1, 1, 1, 1, 1, 1, 1, 1, 1, 1, 1, 1, 1, 1, 2, 1, 2, 2, 2, 2, 1, 1, 1, 1, 3, 1, 1, 1, 1, 1, 1, 1, 1, 1, 1, 1, 1, 1, 1, 1, 2, 1, 1, 1, 1, 1, 1, 2, 3, 1, 1, 1, 1, 1, 1, 1, 1, 1, 1, 1, 1, 1, 1, 1, 3, 1, 1, 2, 1, 1, 1, 1, 1, 2, 2, 1, 1, 1, 1, 1, 2, 2, 2, 1, 1, 1, 2, 1, 1, 1, 1, 1, 2, 1, 1, 1, 1, 2, 1, 1, 1, 1, 1, 1, 1, 1, 1, 1, 1, 1, 1, 1, 1, 1, 1, 1, 1, 1, 1, 1, 1, 1, 2, 1, 1, 2, 1, 1, 1, 2, 1, 1, 1, 1, 1, 1, 1, 1, 1, 1, 1, 1, 1, 1, 1, 1, 1, 2, 1, 1, 2","1656679316871, 1656698768339, 1656699031790, 1656701094150, 1656941523613, 1656941607534, 1656941862886, 1656941959735, 1656942128395, 1656942463881, 1656955632208, 1656955750268, 1656955940451, 1656962869306, 1656962927292, 1656963152319, 1656963238169, 1656963318675, 1656964560073, 1657023158734, 1657023746610, 1657043945202, 1657044002094, 1657044311129, 1657044395040, 1657044473821, 1657044611222, 1657218150631, 1657218295103, 1657218435932, 1657218484034, 1657305850238, 1657305899335, 1657306028125, 1657563329737, 1657563551815, 1657567137314, 1657736694559, 1657736940186, 1657736992215, 1657739389935, 1657739568036, 1657739647504, 1657739716552, 1657804547446, 1657804858782, 1657804967534, 1657805025074, 1657805234729, 1657805340152, 1657807054447, 1657807105196, 1657807244287, 1657807713583, 1657807758812, 1657819924885, 1657889177778, 1657889254391, 1657889327361, 1657905395627, 1657905500281, 1657905690497, 1657905793738, 1657905878760, 1657906007291, 1658152649494, 1658152735501, 1658152794501, 1658171140609, 1658171278438, 1658171385319, 1658171542468, 1658171645253, 1658171760487, 1658171815207, 1658171880161, 1658172025965, 1658172221195, 1658238942641, 1658239066117, 1658239123328, 1658239256250, 1658239305298, 1658239433273, 1658239493832, 1658240608738, 1658240691621, 1658240763204, 1658255410981, 1658255555495, 1658255664559, 1658261344639, 1658261545397, 1658320453899, 1658320685309, 1658321355069, 1658322753214, 1658322848034, 1658341560533, 1658341691471, 1658341748348, 1658424609866, 1658424862516, 1658431525299, 1658431688612, 1658494764305, 1658494845374, 1658495501375, 1658495652975, 1658496049255, 1658496158634, 1658496494195, 1658498575411, 1658498693072, 1658500450296, 1658510519276, 1658510618395, 1658510707871, 1658769360227, 1658769483644, 1658857109804, 1658857286516, 1658858357867, 1658860075031, 1658860163885, 1658862613486, 1658862696739, 1658925445960, 1658927495366, 1658927686988, 1658927845904, 1658927900431, 1658927958848, 1658931811745, 1658931943129, 1658932134295, 1658932202128, 1658947363010, 1658947451270, 1658947522552, 1659015064623, 1659015259179, 1659015341325, 1659015499485, 1659029613915, 1659029737778, 1659032745861, 1659034483998, 1659038651742, 1659038792123, 1659038919688, 1659038974156, 1659105758093, 1659363609154, 1659363670637, 1659363817909, 1659363961015, 1659364004050, 1659364112881, 1659373666487, 1659373869093, 1659384834872, 1659384925480, 1659450101872, 1659450255591, 1659450474609, 1659537206452, 1659537353225, 1659547037917, 1659550279177, 1659550355309, 1659622792745, 1659622920930, 1659623226836, 1659623336583, 1659623503378, 1659623588766, 1659623663133, 1659633664445, 1659633786775, 1659633896764, 1659633961449, 1659634043089, 1659634133963, 1659702768662, 1659702913377, 1659724668817, 1659724738577, 1659724791843, 1659967671080, 1659967764952, 1659967838564, 1659967870703, 1659968154952, 1659968265968, 1659968680659, 1659968754005, 1659968849224, 1659968942701, 1659981348604, 1659981446354, 1659981559346, 1659981723936, 1659981831206, 1659987472231, 1659987630804, 1660052912591, 1660053167840, 1660053218523, 1660055710507, 1660055765298, 1660055876895, 1660139643110, 1660139768928, 1660152591495, 1660152671737, 1660157644218, 1660159516114, 1660160185093, 1660160223435, 1660160290375, 1660160574784, 1660227644343, 1660227747687, 1660227784699, 1660227847418, 1660227925838, 1660243576842, 1660243689382, 1660243770654, 1660243824792, 1660243952303, 1660244153487, 1660244838793, 1660244966170, 1660245179676, 1660314531259, 1660314639766, 1660314716051, 1660315252437, 1660315476356"
2fe9582773e9d9ef5c659424e5fc3ad56f567d30bedc9480c0c4525932db1ab3,Logged,59,"01a50cd3-b862-4a88-85ee-5374533e1cc7, 426e9777-7ad8-4b0f-98f4-48e8ee96ace5, b218e4f2-8905-4dc8-8247-ad6dc520c5a3, c9f74013-0afa-42f2-80c8-7188ec514cce, 9fedc28f-b68e-4bd7-b97e-778e1e8f6274, 3137f551-87d2-48b6-82bf-48b2bf11e643, c44af7c6-88e9-4ce2-81d6-7b8adc4e085b, 53215290-74a2-409c-bbbf-fd7966f22b10, 7c597d02-aab9-4326-8a8a-e92987dae011, d4623930-ae85-4058-aa4b-867696479d9a, 58ef692e-0974-471c-ad6d-8793f28bc948, 7737756d-9c31-4e57-8709-917ec7d60904, 444db2d3-2856-4307-8a36-09b15651fb8b, 5bf8b3a3-3916-40ca-8672-a9f3df311825, 81d0d857-b779-4285-baee-21bf93638ad9, 914fe264-109c-4d4d-8f18-052785666a24, ecd63535-1875-4f84-b7c1-3aabcadd316f, 6e594abc-518b-4eb9-9d9f-f59fd73b228e, 2463b085-fab1-4d06-b557-614e28ba71fc, 60d611ba-5bdf-41f3-b1cf-0f712879397a, e77ae307-18b9-4174-bca0-afed4139e03c, cdcf9e9c-e109-4948-b85c-ea0348896569, ec7dbae8-2ef3-4fa0-8b70-22b425f09f5f, ea3b1e84-69a9-461a-92b4-8206903def33, 6c04dc83-e523-4a23-9329-5499a899392c, e6bbb32e-35da-4cd9-b76e-61451b94d3db, b954a1b6-d613-4012-8bb5-d60ffb9e94e6, 9468d948-25cc-49d2-a659-167496e0892a, a6ab18ec-e32f-474b-964b-987309c61581, 58c69cde-570a-4558-bca6-987480110522, 246b852e-d79e-4b75-8bce-1373a75aca9c, 6a64daa7-32ec-4d35-a7ec-f3df800f6d5e, a1a27aa8-6ac4-4ff8-be0d-96b8c286059c, 15281e10-e6bc-48bc-9b1b-94402f83699b, 94c77949-55cc-434b-84bc-f84bf875da63, c087ef41-7647-460b-8843-5999e52d67eb, 8bc1cd83-03fb-4afe-81d7-b9e40c2a3888, cfeb82c2-0c90-4793-b9a3-3ea94d39e921, 529a23e0-baa8-4824-9554-416ceba464ae, ca1a7215-6c76-4bf9-be42-ebe787f09e28, 1c6341f3-ca86-4f0a-ba3c-5f2ecc924bc3, 3422afb1-dea7-4e62-a4c5-1fc3bd0c9a44, d2593c3d-2347-40d9-948c-b6065e8459a9, 7c076eda-5b41-4b0f-815f-0f6400148b0c, a8f0cda0-6c9c-45f6-b72a-3c20ba9624ea, ff3e8c61-d72a-42bf-a84a-ecf5409468dd, da90bbe6-82e9-4190-84ab-a8d4daaf16fa, 0d1d4743-a5a8-453b-b39a-90ef48f6f08d, f411b6ba-135f-4ca6-a539-9f77168d0f41, 61e07f64-cddf-46f2-b50c-ea0a39c22050, 1045a19a-a686-47b8-aa54-33c1063613d6, 8db59e19-e2ce-4348-9a7b-3293e441d624, ede8f363-4c27-4f5e-a70e-33f8aa31d94b, 4d160552-aecc-49ee-8024-35ab14c23ca1, e3f6e172-5893-4a65-abb5-4adfc2ae2685, 4ed02678-b929-4683-99f3-146a669a6e50, 0c0a3dc4-b6ca-4262-9beb-6ff9a850dfe6, c041f6d7-df78-40ee-8832-6772a0db14bb, 7d01df5c-b2e5-4677-a5b6-0a80405744f2","1656712477441, 1656728008163, 1656756340726, 1656776768785, 1656796998036, 1656893690496, 1656900066074, 1657049894483, 1657064518502, 1657285160558, 1657298435529, 1657362875799, 1657394882547, 1657394984487, 1657469776767, 1657480970995, 1657532376392, 1657532439363, 1657570215642, 1657747001358, 1657936122513, 1657995546524, 1657995592357, 1658059177196, 1658103883978, 1658193647742, 1658271697850, 1658309003400, 1658309265870, 1658437477258, 1658441829952, 1658499946096, 1658531353480, 1658568558221, 1658688253507, 1658705384003, 1658880074034, 1659178922724, 1659200757274, 1659339132995, 1659386689228, 1659391691097, 1659560127788, 1659560284867, 1659564745550, 1659687432598, 1659742051417, 1659781338925, 1659799450093, 1659950481969, 1660006779180, 1660167451596, 1660254145576, 1660295927084, 1660295971177, 1660385775117, 1660386012329, 1660386226482, 1660522683660","14, 14, 23, 19, 12, 2, 13, 4, 2, 40, 11, 11, 22, 23, 12, 67, 10, 8, 6, 3, 27, 4, 27, 23, 36, 22, 30, 36, 46, 3, 17, 19, 10, 65, 17, 76, 26, 18, 5, 32, 21, 21, 31, 20, 4, 16, 11, 1, 22, 89, 2, 0, 14, 15, 4, 42, 52, 35, 2","23681, 53990, 75824, 72339, 72547, 10000, 57274, 12615, 10000, 108544, 20000, 35118, 73909, 93247, 39629, 160000, 39597, 29105, 17073, 10000, 110000, 24203, 73330, 80928, 141865, 90000, 50000, 164334, 191261, 9883, 24202, 43782, 20067, 156505, 57312, 285596, 78088, 39680, 28407, 133662, 50000, 43242, 120915, 68241, 20000, 71770, 37074, 8061, 50772, 534297, 10000, 10000, 44978, 37608, 60857, 205839, 179666, 114802, 10000","42.84, 42.47, 32.03, 43.28, 43.8, 9.93, 30.37, 30.04, 9.69, 48.85, 9.9, 46.81, 53.87, 52.99, 34.95, 53.95, 41.39, 39.91, 9.42, 9.4, 38.54, 26.11, 39.11, 62.36, 44.12, 45.34, 53.83, 45.29, 58.67, 19.9, 24.76, 50.43, 29.61, 62.84, 29.55, 59.56, 56.46, 32.76, 30.23, 58.72, 36.15, 34.67, 38.1, 31.63, 11.07, 40.0, 31.58, 11.27, 21.16, 78.83, 9.6, 9.86, 37.27, 31.25, 15.9, 55.12, 45.38, 63.15, 10.37","1, 1, 1, 2, 1, 1, 1, 1, 1, 1, 2, 1, 1, 1, 1, 1, 1, 1, 2, 1, 1, 1, 1, 1, 1, 1, 1, 1, 1, 1, 1, 1, 1, 1, 1, 2, 1, 1, 1, 1, 1, 1, 2, 1, 2, 1, 1, 1, 2, 1, 1, 1, 1, 1, 2, 1, 1, 1, 1","1656712477441, 1656728008163, 1656756340726, 1656776768785, 1656796998036, 1656893690496, 1656900066074, 1657049894483, 1657064518502, 1657285160558, 1657298435529, 1657362875799, 1657394882547, 1657394984487, 1657469776767, 1657480970995, 1657532376392, 1657532439363, 1657570215642, 1657747001358, 1657936122513, 1657995546524, 1657995592357, 1658059177196, 1658103883978, 1658193647742, 1658271697850, 1658309003400, 1658309265870, 1658437477258, 1658441829952, 1658499946096, 1658531353480, 1658568558221, 1658688253507, 1658705384003, 1658880074034, 1659178922724, 1659200757274, 1659339132995, 1659386689228, 1659391691097, 1659560127788, 1659560284867, 1659564745550, 1659687432598, 1659742051417, 1659781338925, 1659799450093, 1659950481969, 1660006779180, 1660167451596, 1660254145576, 1660295927084, 1660295971177, 1660385775117, 1660386012329, 1660386226482, 1660522683660"
b10e7f647f83c3e6ff9095065c2c90907b92e0d2152702e93599a196c318be7f,Logged,35,"59a580eb-b199-44c2-a51d-5ed2275144e0, b7e17c35-a165-4afc-9057-eab54a9036b0, 7430a734-80f7-47c5-a880-2db4a7308e88, 8db3c393-6fe0-46c4-9c8b-0fd3eca8b046, cb97062b-a3d9-4e1f-b60e-dec6c008aa76, 0650a691-26f6-4a08-85c8-4716ae0d5388, a32c2469-f257-44e3-b196-e274ebaeb4b5, 914fe264-109c-4d4d-8f18-052785666a24, af617145-c750-4973-81eb-a1ff00e6ed1c, f3bf3fb2-1dac-44ba-94d6-3e80926f462d, 09d12b1e-2262-4ad4-a0a8-e8d86a7c1ca4, 8878f0d7-72bb-4fe2-81de-f1d3d77f24cc, 97c00ceb-20e2-455e-b706-9a720e9b32d2, f0c45837-0476-4bf1-aa4b-73c5a6e635da, 949a81ac-5df1-4e7b-9f4e-e364b5603e68, 0305a46a-fe62-4666-9742-f5fe5db890ab, 4700f517-5c5d-483c-81b7-d77aca04991c, e77e093c-d944-4d4c-9143-e67c75c616c5, 2938d354-61d8-4772-b68a-f910182764d2, d644e5d1-7d09-4661-8036-89cd5418c30b, 4f2c5d08-21ac-4e99-9ccb-c9344aa7951d, 73ae816e-499d-491f-8e11-957dfba32532, c5378005-03cb-4adf-bddb-0a91fa6fdf7d, 8864af44-c4a2-4862-82de-be58579ac4f3, 224d8516-f349-4d8a-9e73-e3ca1c47a992, 19446b17-33cc-4df2-aaf0-f59205e188ea, 2b02dd1f-8c2a-47ea-b963-c0db5aeb4c1f, 09131b7e-f907-423c-93e0-5ef8913d8c7f, 0c0eff91-58d6-4722-bd47-abc5b58fbf76, cbc832d6-af68-41bf-91d4-8740d71c5952, 54cb252a-78b5-463d-b31f-f54f63d85a29, 4c63d7cd-4902-4ffb-9b94-578b1b2151f0, 11e99467-b34d-48e8-a24a-b12a1ff2aeef, feee3eb1-d625-4766-9da5-d855ac2f557c, c4a64d0d-09b8-4f82-8e32-4d2ec6067226","1656992473424, 1656992530724, 1657028276271, 1657296370747, 1657568430558, 1657644216057, 1657645684578, 1657743714618, 1657831332727, 1657857764575, 1657857902753, 1657928267947, 1657989578320, 1658092891912, 1658210400221, 1658258508866, 1658428684694, 1658428857366, 1658429011969, 1658676767706, 1658885694861, 1658939565565, 1658957613518, 1658957669613, 1659039725560, 1659489001727, 1659489531879, 1659562764866, 1660016058828, 1660083547801, 1660205575203, 1660253744599, 1660298431358, 1660298474192, 1660310721630","6, 57, 12, 25, 2, 40, 22, 43, 9, 17, 0, 10, 50, 10, 12, 36, 24, 6, 11, 0, 17, 13, 10, 6, 7, 2, 38, 3, 23, 63, 16, 28, 2, 11, 1","38075, 180000, 62302, 74679, 10000, 301289, 172695, 185602, 49611, 100858, 10000, 40000, 513630, 60000, 131553, 251917, 150415, 146741, 99050, 24913, 160000, 60003, 29272, 30000, 30000, 10350, 327226, 20359, 104011, 410000, 204102, 280000, 10008, 72657, 12632","38.58, 58.29, 55.14, 62.68, 15.69, 57.44, 69.78, 68.54, 46.14, 36.46, 10.3, 30.9, 78.71, 16.86, 41.85, 72.0, 56.89, 55.51, 44.89, 22.53, 65.97, 40.73, 27.23, 31.04, 9.08, 14.03, 56.03, 5.07, 15.8, 87.21, 75.15, 57.22, 12.85, 46.71, 14.02","1, 1, 1, 1, 1, 1, 2, 1, 1, 1, 1, 1, 1, 1, 1, 1, 1, 1, 1, 1, 1, 1, 1, 1, 1, 1, 1, 1, 1, 1, 1, 1, 1, 1, 1","1656992473424, 1656992530724, 1657028276271, 1657296370747, 1657568430558, 1657644216057, 1657645684578, 1657743714618, 1657831332727, 1657857764575, 1657857902753, 1657928267947, 1657989578320, 1658092891912, 1658210400221, 1658258508866, 1658428684694, 1658428857366, 1658429011969, 1658676767706, 1658885694861, 1658939565565, 1658957613518, 1658957669613, 1659039725560, 1659489001727, 1659489531879, 1659562764866, 1660016058828, 1660083547801, 1660205575203, 1660253744599, 1660298431358, 1660298474192, 1660310721630"
97bb13825f00bc97c72749f28557fb290db6d85d9b2bbe6faa4ec6ff213b27f5,Non-Logged,7,"85ed3198-6892-47ba-9919-322ce575f758, 6b25bfa6-5cd3-4471-8404-133ec122744f, b5aab137-b283-4548-8694-750c1053f568, 30a94e51-6e72-425e-933b-653a9fc2edbc, 825f6d5e-cd0b-4dd0-9fe3-684548eeac08, e4a32f87-4d4a-42dd-b1d0-b4d0564b03bf, e987b2ab-5b21-4320-8470-a0a9947d12f2","1657264759932, 1657264970738, 1657265071510, 1657266519152, 1657266654513, 1657266918238, 1657267064212","5, 0, 0, 1, 0, 1, 1","291954, 61666, 169986, 134627, 249703, 134690, 86595","86.44, 55.9, 69.26, 64.65, 68.36, 67.72, 32.43","2, 1, 1, 1, 1, 1, 1","1657264759932, 1657264970738, 1657265071510, 1657266519152, 1657266654513, 1657266918238, 1657267064212"
91c8b748dd7a9605a3ac33e5145479c35d00e52797cadfab91a343aa69b54871,Non-Logged,43,"279ccbff-f203-4c6d-aa48-83d97f085302, 561850c2-9ade-4985-bf36-402abf02153d, 638df2a8-1719-4856-b7df-980e8349474f, b14619e8-979d-4ee6-9ec7-4ba26f30bbc1, cb97062b-a3d9-4e1f-b60e-dec6c008aa76, 2a9226ae-a3a7-40b5-b800-ebabe6229a29, 947ec775-7b19-4956-9122-8423147a9363, 22406eff-6720-4c47-8707-42e5454f04e9, 99cee40b-98dd-49a0-b741-41296aaea59e, 6e5ae05a-ccc9-4384-85b8-9fa1d871ba1b, c31953bb-c126-47ad-9112-d82f8776db2e, 919c22de-dab9-4c59-b0fd-c3f3d18fc0de, 69cdf5cb-1f8c-44aa-a28e-030d8dddca89, bf257382-74fb-4392-ad6a-143240e39f81, b182c3ed-17bd-457e-9b60-2afb6b2971f4, f8f52df6-0dbc-44e1-8ea5-78a61c209ed3, e3f751ce-1ef4-4735-b898-3839297c0a14, 0ab3092f-590b-4caa-a4ad-17bfeef0fd0d, f1e13499-21c8-43a8-ab82-600aa514017c, 32bfa091-2ba9-459b-9f5a-30c567bf645f, b954a1b6-d613-4012-8bb5-d60ffb9e94e6, e3cdb277-ad80-4025-b5de-cd98cc67d23d, d303158c-8b2c-45de-ad18-2fdf67d06397, f6b5d170-48b9-4f8e-88d4-c84b6668f3bd, 73ae816e-499d-491f-8e11-957dfba32532, 58075d9c-16c9-401d-b1a5-fa53684f127b, b442d94e-f0c5-4fc1-9406-a4b64b595d71, da90bbe6-82e9-4190-84ab-a8d4daaf16fa, 66d6c3ba-75b2-4728-a883-a24bfff04fc3, 30fbe075-a9fe-4f8c-a58b-3459982b7018, 4c63d7cd-4902-4ffb-9b94-578b1b2151f0, 7ccbc5e9-84bb-4117-930f-190f68c17e78, 5acaac71-a0c9-4d6f-897d-308409a37f01, c8ec4884-1c89-46c3-a2c9-9ef270db1450, 1045a19a-a686-47b8-aa54-33c1063613d6, 3a54bc78-a1f6-4a3c-a1f8-d541597eb6a0, 841bfeed-2081-4797-b6a0-1087aa7c2846, 1a3641be-fa6a-4d72-a5eb-9069686a88ee, 0dd9af9f-bcb0-43d8-9d88-b5d4cbc1514f, aefb53ca-5505-4a1f-968c-d2ffec0201af, c041f6d7-df78-40ee-8832-6772a0db14bb, 38578b5c-4509-49df-ad79-c62cc914e4a5, 120e8d3d-4bef-4dfe-8128-170c76a6c730","1656697204541, 1656717020750, 1656717267135, 1656736117285, 1656736296182, 1656878237805, 1656884079583, 1657049525032, 1657049663007, 1657049786875, 1657207750443, 1657208305025, 1657297905972, 1657365285970, 1657408601586, 1657410085550, 1657763377335, 1657763908377, 1658085249999, 1658318508460, 1658318555647, 1658650138520, 1658650315315, 1658872401769, 1659135965728, 1659177191980, 1659211583626, 1659588875804, 1659699587256, 1659699935099, 1659909512635, 1660037751104, 1660038260715, 1660074878287, 1660074980577, 1660087021340, 1660092732522, 1660092846009, 1660179943103, 1660382388919, 1660382538295, 1660382921894, 1660443248399","29, 20, 26, 22, 28, 50, 24, 38, 50, 37, 82, 18, 93, 66, 21, 32, 145, 8, 16, 14, 48, 46, 24, 0, 3, 106, 49, 81, 108, 201, 60, 153, 20, 42, 30, 3, 40, 71, 44, 20, 70, 25, 73","60000, 100000, 92344, 102334, 150000, 111726, 98572, 129457, 114672, 150000, 273057, 59927, 210000, 193680, 61434, 123182, 337107, 30000, 47699, 33277, 131583, 167965, 74293, 8375, 10000, 254348, 174247, 250432, 330540, 716758, 213270, 490688, 56951, 92728, 93757, 5392, 102903, 153085, 162428, 68001, 292999, 76404, 196051","41.2, 34.87, 39.1, 43.89, 50.73, 52.28, 35.1, 62.04, 84.91, 60.52, 60.64, 35.91, 39.19, 53.29, 99.98, 45.01, 68.91, 20.38, 16.21, 43.94, 29.39, 67.27, 51.43, 8.69, 30.87, 87.79, 99.99, 79.04, 55.11, 95.48, 67.03, 77.39, 35.31, 64.2, 74.52, 17.4, 60.02, 52.53, 89.79, 42.33, 68.07, 57.41, 65.04","1, 1, 1, 1, 1, 2, 1, 1, 1, 1, 1, 1, 2, 1, 1, 1, 1, 1, 1, 1, 2, 1, 1, 1, 1, 1, 1, 1, 1, 1, 1, 1, 1, 1, 1, 1, 1, 1, 1, 1, 1, 1, 1","1656697204541, 1656717020750, 1656717267135, 1656736117285, 1656736296182, 1656878237805, 1656884079583, 1657049525032, 1657049663007, 1657049786875, 1657207750443, 1657208305025, 1657297905972, 1657365285970, 1657408601586, 1657410085550, 1657763377335, 1657763908377, 1658085249999, 1658318508460, 1658318555647, 1658650138520, 1658650315315, 1658872401769, 1659135965728, 1659177191980, 1659211583626, 1659588875804, 1659699587256, 1659699935099, 1659909512635, 1660037751104, 1660038260715, 1660074878287, 1660074980577, 1660087021340, 1660092732522, 1660092846009, 1660179943103, 1660382388919, 1660382538295, 1660382921894, 1660443248399"
a891f8734e023541094daee76b42c41732ac44b60ee4f017e5bc0e1f244b4c95,Logged,77,"6a465422-eb3d-416c-ace8-884e668bcbfc, 78f442cc-1fb3-4bf0-a9c7-ab6cf5a73526, c6af277b-d658-493c-9d7e-342e5d6759c4, b7781307-b8e4-4a42-aa8a-96d4f20d6d59, 00f9aa60-3a6a-4e2e-bf5c-bb25f742cdf2, 50028008-aa11-4519-9d75-452c84dd27fb, c9f6922d-c67a-41e5-82d7-b283af240233, 1d1e8099-943f-4a05-9821-26813eec794e, f9ff7bcd-285f-46d2-88b9-a47309088bbf, df80ec0a-a61a-419c-83e0-b87d1b82b7b0, 3a39a372-efa4-4ed5-897e-da3387f2d519, 599f1d47-d509-4dc2-bf7c-2be6622ca7fb, 45169b98-14d3-4b20-803b-9e8a27fc154a, 627745bd-8aaa-4e0a-8d3b-b8ddb503c6ca, 6d4717ca-8617-4486-96b9-88667704116d, df5d45f4-5d75-4f49-90ea-c71e6e56ded8, 5add4d01-a7d7-4819-a657-e677b24ece4d, 444db2d3-2856-4307-8a36-09b15651fb8b, eaf9c665-560e-4bca-9574-983f2e11264a, 17d4177d-eb44-4693-b453-4ecc3a6b47a4, 230d19cf-28f8-459a-ad3a-da60aa640639, beac86ca-6743-4ef1-95d0-3a45386b2030, ecd63535-1875-4f84-b7c1-3aabcadd316f, 7b056bf6-c232-46bd-8903-59145ff7ce46, f420343a-6270-41b3-939d-0cab76c148e4, d2bfebf8-2ed7-4e2f-a6a4-b950486a86e7, fbffe526-e94a-408f-a19b-7510f3d56016, 8956c97a-6d85-4d4b-a6f7-6d42c6be97cc, 882e7c95-935a-4eab-9ece-f85f5f7d0f4e, d27db1e4-e90b-40f3-8be9-5b1c6086c52a, 2ad4930b-bd99-4884-9c07-12cc46f53417, 39959832-be7e-4420-94ab-9244f409bfe9, 9220d7b6-6427-4d22-a558-a36009b9fe76, f0c45837-0476-4bf1-aa4b-73c5a6e635da, ec1a1461-e32e-4259-bef3-7577893b0686, 9a410816-8a7e-4860-a977-0899cc6d7c20, d57f0e9a-445b-465d-b757-be4f32e75fb9, af5f2343-bbb2-436e-b493-48ab070870d7, bcf0a249-f985-4e6a-bde8-730726a42a16, 5c042b8a-997c-43d6-81ce-c416356e909f, 553fada2-1c79-48f2-9010-f5c751b63bb1, 1f59877a-6e53-4e34-a24a-0e2283dd745b, a9d7094a-dabe-42bc-abbe-d703783abd13, 788b88f5-d957-4152-8a8e-4c8656405b24, 5287d779-b401-4844-aa3f-b55a3089868a, b230c794-eb43-4a75-829c-8b125adfdd6f, c7517540-d2ee-4f37-8f38-09b1689a1dae, 8be03387-6c44-43cc-93ad-65824af9c22a, e8e6fd2f-86e8-47f8-b132-e196dc9e3b2f, 1d76c297-c8f2-456c-b73e-589ddc7312d1, 3211b1db-98b2-47f1-b641-8dedfc38f654, 5c37a504-0ed8-49c1-a6a9-d237d90664e3, bfec08b4-841c-4e6d-9b75-b4e81e3ff649, fdab1161-53cc-433f-8c1f-636130bbaba1, 0819b74d-b28a-4702-90a2-9d205dd9fc5e, cbc832d6-af68-41bf-91d4-8740d71c5952, 35a3eb46-f1d1-452f-aa7b-42c1382826c8, 9929eaae-7536-4dbb-a05d-8261c8df07e6, 0306487b-37be-4eda-bd8e-ad0a60886480, 1c6341f3-ca86-4f0a-ba3c-5f2ecc924bc3, 1a732119-0975-4bc2-8077-cb2ae8d249af, 9e1b4571-e55d-4a26-8c5a-1ddd6ecf53ba, 9f052462-ac85-4319-b501-5dbbdb9d7d5b, 4c63d7cd-4902-4ffb-9b94-578b1b2151f0, cfad0a74-0516-4ba1-9a37-de5e31ae8a4e, 5acaac71-a0c9-4d6f-897d-308409a37f01, bdbf6235-f421-4700-a5a9-bba9a8b51b5b, 3cd06f5f-a3bb-4589-a592-07a1c6121a99, b452eb68-8668-474e-9800-35f0835c993e, 35110270-e854-4d06-8e99-a8174cceb785, fd3c2179-09b0-4b2c-96a9-2d8822f28851, 3a54bc78-a1f6-4a3c-a1f8-d541597eb6a0, 47d4edeb-7705-4e8c-a380-777d52b0ef2d, 11e99467-b34d-48e8-a24a-b12a1ff2aeef, 1045a19a-a686-47b8-aa54-33c1063613d6, b13c6dc2-917e-479a-ae30-dfe6fc3ae0c5, 97ac6c4c-5b3d-4e36-9816-0791226573e5","1656688810984, 1656688843106, 1657040775879, 1657040789735, 1657040835922, 1657049634320, 1657116268158, 1657120328116, 1657142037983, 1657143050451, 1657191623932, 1657197761077, 1657230601652, 1657314902726, 1657315148462, 1657549900668, 1657568136986, 1657568173986, 1657568177604, 1657576599050, 1657660336290, 1657660669472, 1657661875648, 1657722760241, 1657723046216, 1657723080424, 1657824522950, 1657834279957, 1657896401875, 1658003711226, 1658029626795, 1658031959095, 1658032020673, 1658158452082, 1658158509810, 1658158567788, 1658168983065, 1658255485804, 1658255496287, 1658256254204, 1658406439953, 1658495805014, 1658760745140, 1658933650643, 1658936988751, 1658937001012, 1659018842572, 1659041378160, 1659041540115, 1659100019028, 1659106652101, 1659106657615, 1659106687892, 1659349626180, 1659560688505, 1659560764141, 1659624748064, 1659626944352, 1659634587309, 1659713984522, 1659714001192, 1659714043580, 1659714068146, 1659714101084, 1659714707811, 1659714765544, 1659979855497, 1659979862955, 1659979874019, 1659979895604, 1659979904304, 1659979909478, 1659980134318, 1660068623513, 1660068641245, 1660153344194, 1660153416936","30, 4, 0, 0, 0, 0, 0, 0, 5, 10, 0, 1, 1, 2, 1, 0, 10, 5, 0, 0, 37, 1, 0, 8, 0, 6, 1, 0, 0, 82, 4, 7, 19, 18, 12, 0, 1, 0, 0, 0, 0, 1, 0, 0, 0, 0, 0, 2, 6, 0, 8, 5, 10, 15, 38, 0, 4, 2, 21, 5, 1, 5, 19, 7, 4, 0, 6, 19, 0, 0, 12, 0, 23, 5, 3, 2, 0","163725, 41774, 20000, 13280, 5442, 81990, 42989, 13742, 157186, 140000, 54539, 160000, 51178, 89158, 112814, 120000, 99359, 236269, 277191, 116746, 428197, 54201, 180891, 277953, 124001, 89582, 90115, 12695, 77670, 181381, 13106, 26105, 78740, 110337, 71995, 39106, 45873, 42251, 51343, 180000, 90909, 72764, 61566, 30373, 33192, 26417, 15941, 107009, 83751, 225332, 49729, 67132, 90000, 120000, 194912, 30443, 110000, 120000, 352687, 73034, 87760, 314809, 95771, 60937, 51512, 10000, 40000, 73951, 10996, 12756, 38192, 81131, 133371, 125854, 19314, 71490, 12299","64.98, 36.76, 20.71, 26.85, 11.46, 45.3, 24.7, 34.66, 51.38, 63.17, 42.13, 54.99, 54.0, 23.85, 52.52, 57.26, 47.0, 66.72, 73.3, 66.95, 59.86, 28.92, 27.0, 74.02, 70.27, 51.71, 57.56, 17.07, 56.65, 51.09, 25.45, 60.22, 66.06, 47.83, 39.49, 46.8, 45.48, 13.62, 11.6, 56.3, 53.36, 42.44, 12.42, 57.45, 38.36, 35.21, 46.3, 40.86, 32.81, 66.01, 36.54, 46.83, 28.89, 47.1, 63.28, 21.04, 46.88, 53.63, 50.2, 42.77, 94.44, 39.14, 53.81, 56.58, 56.34, 33.88, 23.75, 41.46, 42.15, 32.31, 35.4, 53.46, 71.38, 55.78, 50.61, 46.5, 45.66","1, 1, 1, 1, 1, 1, 1, 1, 1, 1, 1, 1, 1, 1, 1, 1, 1, 1, 1, 1, 2, 1, 1, 1, 1, 1, 1, 1, 1, 1, 1, 1, 1, 1, 1, 1, 1, 1, 1, 1, 1, 1, 1, 1, 1, 1, 1, 2, 1, 2, 1, 1, 1, 1, 1, 1, 1, 1, 1, 1, 1, 1, 1, 1, 1, 1, 1, 1, 1, 1, 1, 1, 1, 1, 1, 1, 1","1656688810984, 1656688843106, 1657040775879, 1657040789735, 1657040835922, 1657049634320, 1657116268158, 1657120328116, 1657142037983, 1657143050451, 1657191623932, 1657197761077, 1657230601652, 1657314902726, 1657315148462, 1657549900668, 1657568136986, 1657568173986, 1657568177604, 1657576599050, 1657660336290, 1657660669472, 1657661875648, 1657722760241, 1657723046216, 1657723080424, 1657824522950, 1657834279957, 1657896401875, 1658003711226, 1658029626795, 1658031959095, 1658032020673, 1658158452082, 1658158509810, 1658158567788, 1658168983065, 1658255485804, 1658255496287, 1658256254204, 1658406439953, 1658495805014, 1658760745140, 1658933650643, 1658936988751, 1658937001012, 1659018842572, 1659041378160, 1659041540115, 1659100019028, 1659106652101, 1659106657615, 1659106687892, 1659349626180, 1659560688505, 1659560764141, 1659624748064, 1659626944352, 1659634587309, 1659713984522, 1659714001192, 1659714043580, 1659714068146, 1659714101084, 1659714707811, 1659714765544, 1659979855497, 1659979862955, 1659979874019, 1659979895604, 1659979904304, 1659979909478, 1659980134318, 1660068623513, 1660068641245, 1660153344194, 1660153416936"
d7fccdf3da9a00412231d8c2ce3b22bd9263a872add9d8f9abc2f08b75c52478,Non-Logged,5,"e7337f9a-b877-4cf5-8b28-af66f6d877c8, 9a4bc88f-66f2-4302-bed7-086ce346b7e7, 3f446dcd-2fd0-410b-8e7f-2fbc3e03d510, f17cf42e-4b2a-46e4-9549-216018eb325a, 1b3a4e8b-4547-4eb6-a642-8fff480fad91","1656936030846, 1656944885141, 1656944961716, 1656945502478, 1657022022771","0, 1, 1, 0, 1","70036, 84858, 144990, 51235, 321728","56.81, 47.3, 99.99, 92.91, 97.55","1, 2, 1, 1, 1","1656936030846, 1656944885141, 1656944961716, 1656945502478, 1657022022771"
9841e21f39202aeec82407db5d84ab92d7652091cd9fd631c606a99ff51bd3b4,Logged,44,"3c787cdc-99f7-4001-94ac-4edb2e971b94, 270d9df8-9c03-4c3b-ba7b-0dda3c1b0406, 0b8f3728-4ef7-40e7-85ac-367d8039bb6d, 00a396c3-bb4f-4fd7-9082-08e56925f2dc, 2cebe55c-e190-4e16-9a1f-37fa850f57d0, 064b539b-a4cd-4781-b97f-9e9859ce15f7, 9971bdc4-7a95-45e4-a087-83ff44baa7f5, dc9ee5ed-c266-4a52-9173-7194d792eb33, bdd31f0b-4431-4251-8f04-6ae4fe158573, 3230374d-3227-480f-8aad-be40e7918a89, bf257382-74fb-4392-ad6a-143240e39f81, 230d19cf-28f8-459a-ad3a-da60aa640639, a3546453-e741-493b-94d1-9043ba082039, 7fe849c0-4a55-429d-b480-11ee216909dd, 7b056bf6-c232-46bd-8903-59145ff7ce46, 47874b53-ac2e-4ccc-ad5b-6b2669d59340, b6bdf42c-e375-4e32-b02d-00da4e09c7f1, d27db1e4-e90b-40f3-8be9-5b1c6086c52a, e0c1d6db-1137-4808-8ffc-658c9284ae87, 4f1cc08f-cb75-491c-b941-8ab24d4eb79d, a6e7224d-da3e-468f-bc51-26331659e06a, 6a83890a-d9e9-4f6b-a6c6-90d031785bbf, 3936f6c7-3f6c-4205-8cda-3178160b6cd4, b72418ea-f1d8-488e-ae06-637b8d70629c, 9a995df9-084f-4a39-a623-4ef1b06a36ed, 9d3a872f-51cc-46ca-8e01-e57a0a918801, f952a05f-df4f-43f3-af8c-6e7599309edd, a26c923e-c158-4136-a669-57d9f21f638b, 57615619-0c1d-41fb-8640-ccec5b3add58, 9dbe92be-46cf-4429-b113-fdd5a2c1a2ec, e650aae9-2b05-4564-9ce7-108a31c4de20, bc9b4aa7-308b-42e4-8620-1eb25085c93a, 56dc794e-5c74-42b7-98e8-2f8e62c7f044, 750ec729-cd61-4227-85fe-a1e0ebbf7d50, b954a1b6-d613-4012-8bb5-d60ffb9e94e6, 13f2cc37-f575-44d5-b33f-045d0b0a912b, 6ba26290-9406-4129-a555-39fff16dc200, 829265f6-c85e-4474-aaf2-49f7df8c4fdc, 19607b8a-342e-4b79-b471-1efad5f1c3cf, b442d94e-f0c5-4fc1-9406-a4b64b595d71, 9929eaae-7536-4dbb-a05d-8261c8df07e6, e67a8a04-2e7d-45a3-8374-73380b09a47b, 362d282e-5d9d-4691-86a6-21bcac0703d7, 8e0884e2-50ba-44c0-87b9-d64d913288af","1656894972560, 1656963884294, 1657573385285, 1657577195377, 1657765007326, 1657805242999, 1658157237744, 1658362533682, 1658488718886, 1658505211669, 1658520170160, 1658537238940, 1658554629143, 1658603884915, 1658603970751, 1658706013335, 1658706864539, 1658706889964, 1658852147448, 1658882286704, 1658887072292, 1658887423932, 1658937798228, 1658964025010, 1658966438776, 1658967493095, 1659045799255, 1659178913060, 1659209289160, 1659282793449, 1659459266435, 1659547129958, 1659622383892, 1659695251108, 1659701470272, 1659820184580, 1659820221721, 1659852230242, 1659898281513, 1659966492621, 1660061887415, 1660138941684, 1660138997174, 1660441790857","5, 0, 0, 1, 9, 0, 1, 1, 0, 0, 0, 9, 0, 1, 0, 0, 0, 2, 0, 0, 2, 0, 0, 0, 6, 1, 1, 0, 16, 1, 62, 0, 0, 5, 0, 0, 0, 0, 0, 0, 0, 0, 0, 0","21618, 9165, 10000, 117859, 33193, 5736, 66086, 52195, 57462, 14339, 44798, 59479, 10690, 56808, 72214, 38980, 10902, 28153, 24540, 11792, 180000, 53833, 67169, 9698, 10000, 46847, 75312, 60000, 75168, 67657, 90000, 99596, 90000, 20000, 228527, 28895, 30979, 10374, 61521, 30000, 18493, 47263, 32594, 66664","36.24, 35.58, 10.79, 46.41, 28.73, 8.69, 52.86, 36.93, 18.95, 46.46, 28.02, 32.21, 39.77, 58.29, 53.25, 15.63, 50.04, 56.22, 44.66, 19.16, 15.6, 65.47, 55.88, 44.32, 18.25, 47.45, 47.88, 36.1, 54.87, 44.51, 22.16, 57.27, 65.9, 28.17, 82.45, 66.78, 36.36, 22.33, 17.91, 43.76, 54.55, 53.2, 81.71, 71.27","1, 1, 1, 1, 1, 1, 1, 1, 1, 1, 1, 1, 1, 1, 1, 1, 1, 1, 1, 1, 1, 1, 1, 1, 1, 1, 1, 1, 1, 1, 1, 1, 1, 1, 1, 1, 1, 1, 1, 1, 1, 1, 1, 1","1656894972560, 1656963884294, 1657573385285, 1657577195377, 1657765007326, 1657805242999, 1658157237744, 1658362533682, 1658488718886, 1658505211669, 1658520170160, 1658537238940, 1658554629143, 1658603884915, 1658603970751, 1658706013335, 1658706864539, 1658706889964, 1658852147448, 1658882286704, 1658887072292, 1658887423932, 1658937798228, 1658964025010, 1658966438776, 1658967493095, 1659045799255, 1659178913060, 1659209289160, 1659282793449, 1659459266435, 1659547129958, 1659622383892, 1659695251108, 1659701470272, 1659820184580, 1659820221721, 1659852230242, 1659898281513, 1659966492621, 1660061887415, 1660138941684, 1660138997174, 1660441790857"
f00248ceba6ad2edf74638b6905183d3acca39d59bf70810906b5298aeb7e07c,Non-Logged,78,"29b6b142-4173-4ec4-832f-7d0a32255c10, ecc37a22-b730-4e3a-bc87-c3ba3403acbc, fb96b132-fcde-46cc-86ef-000cb250c361, 8e6b1deb-5bc0-4a40-b0bf-de063200e69a, 4a108326-b19d-42ce-94f6-807abf6e4679, e4ad7bca-c327-4926-b094-96ea36bdf956, 347a01fa-6f39-49c7-9a61-72db9eca0d19, 86bbf273-5ee9-45bb-bee5-9b7b41c32e83, a4c6c4ba-0143-47a3-832f-3f6cc1235cc8, 13f2cc37-f575-44d5-b33f-045d0b0a912b, 4700f517-5c5d-483c-81b7-d77aca04991c, 9cabe333-d57d-4a42-83e6-12195451aa58, 2f297dc6-4c59-4b82-843d-a536e12f6eb6, bc9b4aa7-308b-42e4-8620-1eb25085c93a, c55b5b0f-9cd7-416c-a87c-e781c6e9bdaf, 199523ba-6df4-4ae9-8a7e-de346a8de5e9, cfaaf988-800f-4a3c-bd52-54160834cb93, b42fbd7c-8db2-47b2-8e25-a8f58d1ed7c9, a6ab18ec-e32f-474b-964b-987309c61581, 58c69cde-570a-4558-bca6-987480110522, 77dff2e3-1436-4612-95bf-ad95275993ca, d57f0e9a-445b-465d-b757-be4f32e75fb9, 6cfefe32-99ae-43d6-aa24-5973842cd65e, 9659f9a7-c6b6-4772-9b59-7c085d3051de, ad42c4b0-dfb5-49fb-87bf-7b5d055b6e8e, d2205452-e07e-4625-b7c7-040196cf1ea8, 35f4177b-9fc1-479f-9003-d66f4b11e9a0, 6a654a37-7dc1-47ea-9b9f-b1a0fbfda831, e1b45ea0-7cb8-40f4-b016-e24c2c2338d7, a5088512-df84-455e-97f4-3ec9a2728186, 15281e10-e6bc-48bc-9b1b-94402f83699b, fa319820-539c-46f1-82be-9bfb4ef8ddd3, c43d9fd4-0b67-4245-a30e-e3d77a982e11, 0f9229b8-9135-4352-914e-24d0d93f42b1, 81727f76-1bbf-45ce-85f2-348e694097e6, 902f2794-523e-4a43-bd0f-594b752cd2e6, 9eb468ec-bad6-4f55-b45d-e00bb3cd1950, b0803304-62b4-4428-a333-e9bf623c8a98, 9033b76f-5876-43da-8b92-9ac2c536bc16, f3e4630d-2b67-48d1-80f8-b222d2064adb, f00301ea-a6ff-437d-b83d-f18cc5d1a314, cbc7d11f-7704-4762-b6ec-c88f0361f8c3, dfaa73f1-a591-43fc-ac1f-240708c0ef5f, 229628a2-f8e0-43ca-bac9-f14a161f9124, ae883cc3-2dce-41eb-9158-9e4b8aeeb20e, 3cb9145a-ee35-40e0-bf38-0fc3aa66f08f, 8ded4af7-b4ba-44d5-875b-a6fd18a25994, ae6ab95e-0c43-4be4-8748-3eef5711fd10, d977b78f-915a-4fbf-94f8-315389cd9215, f4d46a04-e9dc-4cb1-a383-af5c2a6413d6, 4e86cdd8-3be5-4533-b36b-9ac39124ceec, 542cbae0-40d6-49bb-b7cb-c869ea3192bc, c0295c4f-6d99-4c8c-b6e8-277fc16c9fe6, 1c6341f3-ca86-4f0a-ba3c-5f2ecc924bc3, 1c4bec68-91dd-4479-9604-055b82700747, 8d477e04-3bab-4ad9-8fe3-799059238a9c, 458bf0ec-efb4-4bfd-9446-c80295e6aa87, 91266575-23d3-4ce6-91b1-5d0ad7c3936d, 159f0c5f-1531-4dbd-99d6-edf3ab98d520, 5af99ef3-adff-464d-9976-5c5d6391b014, 59f32378-4348-4ed6-a269-8004371b9705, 7c076eda-5b41-4b0f-815f-0f6400148b0c, c48c4f8d-b3c7-4d3f-82c4-84091bd4e401, b409ed83-ff16-47a9-a210-787185de0086, c21004f0-4d4b-4882-8718-e1d6d276b175, fcbb2ebd-7aab-4a39-b0fa-bfcc56fcb5b4, 73616b00-a0a6-4191-a668-8a9b69cd59c6, 462af4d5-8e94-4c42-a388-b9a5fb334aa1, fd3c2179-09b0-4b2c-96a9-2d8822f28851, bdb06cb5-fff1-41d6-bf24-ed081d9317f2, 3a54bc78-a1f6-4a3c-a1f8-d541597eb6a0, 9a9d7eab-eb79-4268-a3e1-da0515ea4815, 1045a19a-a686-47b8-aa54-33c1063613d6, 9f26a73d-eace-49a3-a771-4a84491ec2bf, 341c6a41-999c-428a-8ca5-ccec647608a6, 5d7c9fc3-cd3e-48de-ab18-88f53fd8378f, e3f6e172-5893-4a65-abb5-4adfc2ae2685, 4ed02678-b929-4683-99f3-146a669a6e50","1656776143792, 1656803747869, 1656804682231, 1656885792722, 1656885852456, 1657030826649, 1657030857905, 1657046537911, 1657067627797, 1657115554029, 1657115633626, 1657115829816, 1657124582212, 1657148466729, 1657156634698, 1657240322705, 1657494555313, 1657494896934, 1657494964385, 1657494986049, 1657540928587, 1657557829930, 1657557832439, 1657558030884, 1657562649163, 1657562828933, 1657574545510, 1657581988586, 1657630432449, 1657639462949, 1657639469801, 1657674276383, 1657674277341, 1657803734013, 1657803738245, 1657811318798, 1657888207321, 1657902373938, 1657913294635, 1657941929109, 1657941932421, 1657942121393, 1657942228873, 1657942240265, 1657942243271, 1657942657438, 1658152166929, 1658167116611, 1658168074995, 1658168955794, 1658243304206, 1658267213699, 1658270535437, 1658270605592, 1658358816203, 1658366417494, 1658401479329, 1658402276017, 1658405179874, 1658466249292, 1658466461390, 1658520435971, 1658525374357, 1658525457932, 1658531575052, 1658531640975, 1658531707562, 1658531734765, 1658585040510, 1658756118152, 1658893440519, 1659004191441, 1659061173467, 1659095969188, 1659210838032, 1659532542709, 1659932920475, 1660187284659","0, 1, 1, 0, 0, 0, 2, 15, 0, 0, 0, 0, 0, 0, 1, 0, 4, 1, 0, 1, 0, 0, 0, 1, 0, 0, 0, 0, 1, 0, 0, 2, 3, 0, 0, 0, 5, 1, 0, 0, 0, 0, 0, 0, 0, 0, 1, 3, 1, 4, 1, 0, 0, 0, 0, 0, 3, 0, 0, 0, 0, 0, 0, 0, 1, 0, 0, 1, 0, 0, 0, 3, 0, 4, 0, 1, 0, 0","50000, 80000, 50000, 43493, 21971, 10004, 180000, 90000, 32310, 71437, 50000, 60000, 56655, 10150, 66858, 70000, 200000, 59789, 40000, 61499, 30000, 41302, 20694, 110000, 140031, 60000, 50000, 20273, 60000, 80000, 150000, 150000, 50000, 50000, 40000, 10000, 90000, 20167, 30000, 50000, 70000, 39997, 120000, 50000, 60000, 29425, 258846, 40000, 40000, 150000, 40000, 60000, 40000, 26380, 52281, 100000, 100000, 31271, 52568, 70000, 14289, 54391, 73337, 54836, 47804, 43646, 26340, 160000, 106382, 10000, 20000, 69923, 29088, 48802, 19646, 200573, 59044, 100000","28.7, 85.27, 37.79, 52.02, 53.25, 35.81, 30.7, 54.54, 23.52, 53.64, 55.24, 62.61, 53.76, 35.9, 46.47, 50.77, 75.47, 45.57, 76.59, 55.68, 46.62, 59.7, 41.81, 76.06, 23.05, 21.07, 57.97, 67.99, 17.46, 73.61, 81.92, 57.44, 71.37, 27.8, 5.77, 90.4, 24.05, 51.23, 18.32, 61.65, 60.41, 33.63, 77.38, 30.21, 45.77, 49.3, 68.27, 43.55, 41.63, 46.38, 21.02, 25.24, 78.4, 42.39, 54.15, 77.3, 71.85, 35.72, 45.73, 22.89, 16.56, 46.81, 60.4, 53.42, 42.55, 51.88, 95.48, 49.6, 89.53, 6.94, 28.33, 59.41, 43.62, 78.97, 71.69, 50.68, 47.07, 34.22","1, 1, 1, 2, 1, 1, 1, 1, 2, 1, 1, 1, 1, 1, 1, 1, 1, 1, 1, 1, 1, 1, 1, 1, 1, 1, 1, 1, 1, 1, 1, 2, 1, 1, 1, 1, 1, 1, 1, 1, 1, 1, 1, 1, 1, 1, 1, 1, 1, 1, 1, 1, 1, 1, 1, 1, 2, 1, 1, 1, 1, 1, 1, 1, 1, 1, 1, 1, 1, 1, 1, 1, 1, 1, 1, 1, 1, 1","1656776143792, 1656803747869, 1656804682231, 1656885792722, 1656885852456, 1657030826649, 1657030857905, 1657046537911, 1657067627797, 1657115554029, 1657115633626, 1657115829816, 1657124582212, 1657148466729, 1657156634698, 1657240322705, 1657494555313, 1657494896934, 1657494964385, 1657494986049, 1657540928587, 1657557829930, 1657557832439, 1657558030884, 1657562649163, 1657562828933, 1657574545510, 1657581988586, 1657630432449, 1657639462949, 1657639469801, 1657674276383, 1657674277341, 1657803734013, 1657803738245, 1657811318798, 1657888207321, 1657902373938, 1657913294635, 1657941929109, 1657941932421, 1657942121393, 1657942228873, 1657942240265, 1657942243271, 1657942657438, 1658152166929, 1658167116611, 1658168074995, 1658168955794, 1658243304206, 1658267213699, 1658270535437, 1658270605592, 1658358816203, 1658366417494, 1658401479329, 1658402276017, 1658405179874, 1658466249292, 1658466461390, 1658520435971, 1658525374357, 1658525457932, 1658531575052, 1658531640975, 1658531707562, 1658531734765, 1658585040510, 1658756118152, 1658893440519, 1659004191441, 1659061173467, 1659095969188, 1659210838032, 1659532542709, 1659932920475, 1660187284659"
ddbe4465368d04c73765f52744d5b77280de533c3ac2af90e4a8a1c108e973f4,Non-Logged,92,"c58f9844-7eeb-4801-8d04-173d258c0f81, 2b4f0f8f-ab7b-45e7-8a8a-353e0aa41249, f74aa0cb-fd5d-4f5f-a4cf-74e2c098bfb6, e01c1a9f-c5ff-40f5-93c6-af7bb784e755, 1c4dd193-af76-4d6e-ada2-ef9e6979b6be, bd450367-22fc-4d59-a00f-98de719d6241, 0077f0d7-1d66-4e4c-b6e4-cc56f67306b6, 598ed114-fd5a-4d82-90d8-f1e893cb0892, 1910ad54-5e34-4b24-a9d9-9abcd0510d01, 2a9226ae-a3a7-40b5-b800-ebabe6229a29, 1f32787b-de2b-49be-8c20-ddaeae34cc22, 9ae2e786-9eab-40c3-a5cc-a34528a954cf, 3b4bee98-3748-4044-84a0-fda0d847b3e9, df5d45f4-5d75-4f49-90ea-c71e6e56ded8, 5dff8fb2-73e6-4c22-a34f-c367aa2677df, d37d7e59-2ab2-4dd0-a415-8063af12966e, 7594da99-d606-4338-a373-710a7dec776a, 5a8c0d96-e126-4472-bc01-e581564c6575, 768b85ff-8af6-4c62-8001-aa440642284a, 8c37ed33-976c-4100-b831-5a776c7a6716, 22c2de4b-db27-4bff-af2e-b7dad3e43841, 005b0893-0258-4520-8068-b0a6f5dad740, 808302cc-698d-4584-84bf-2e185ba89c00, 7248f7ae-e51a-42e4-a206-ee5d21cd4e56, 47874b53-ac2e-4ccc-ad5b-6b2669d59340, d2fee690-cae2-412f-919b-00fae239b574, 97544df2-d05b-4154-a7b6-d2dd8c0a39b6, 4e163060-2488-4627-a8ba-bbfc54a4d57d, fc12505e-85e3-4c1a-a97d-0c5dbfbacef3, 6172f30e-58f7-44a3-b8c9-ca819fd3fdb2, 6db754a3-73b8-4ffa-895f-a03725486bff, d7c50f08-0ce6-447c-ba51-f8471799826c, 4fe0ab23-d725-4b16-a8e7-0a979281b8af, aeefee12-2b09-42bb-96c8-590b54e84aa7, 64eece7b-87c8-4ea4-a223-c450a77973b5, af37c56d-7190-4ade-9fc4-14beb660f6e7, df8cc409-453c-4696-8036-0dbbf35a5978, 9220d7b6-6427-4d22-a558-a36009b9fe76, ffee0f52-823d-4bb6-b3ea-551d7efcfb9c, 6c383c2b-e2b8-458d-922e-13802bcfbd97, 3ff8ed90-614d-4f0e-8492-eab80c947e91, feabbcb6-0849-43ec-b35f-bc45cfa32e22, fcce49b0-c940-491f-af01-a23252fd6491, c4601202-b86e-49cd-b693-48658b122b9d, 99024585-0a13-4374-860d-112e7debfa29, 1c27cf97-b20c-4e40-b1f1-288b721517b3, bcacb37e-f4be-4043-9446-6319e71e06bc, 15f0bb20-8406-48e0-b168-a19a43ade397, b894ddc9-38f5-4d48-82e5-294c23eba97c, 0baa8cd7-1eef-4960-aeb4-4128e58efba3, 98fec864-beb7-4251-bbfa-700171ca0353, 54d9edbd-064b-4583-b3f4-600f3f35382d, aad72bbb-be8a-4c4c-8c32-a496f137b1e8, bde6628c-b780-42f7-8efc-3e7a6c9365c4, 94ee68f1-8a22-46fe-bc33-8c770ddbba96, b0803304-62b4-4428-a333-e9bf623c8a98, 112d077a-c8f3-408e-866f-fd58f8601831, 2822921b-5209-4fdc-b0e3-b48d1a9abdf9, bcfab6fd-17f7-45f0-b58d-774bfe77e137, 7fb2b56e-64f5-4853-bd73-2210b0687c10, a00a980c-df3d-41f6-b876-0c8215726162, db6f552a-f2e7-426e-869c-65aa51f8cced, 4dcccfd1-4576-4c33-9471-86762f0022d6, a25f6459-27cf-4e8e-b722-69e5da8662a0, 7c076eda-5b41-4b0f-815f-0f6400148b0c, d2593c3d-2347-40d9-948c-b6065e8459a9, d9d9e9c2-51a5-4b42-8047-5c61d0592879, bde223f1-5ec6-40d3-bb17-9e636a620608, 44afad69-6dff-4068-9e10-3092b659e6d4, d12949d2-3dd2-4e99-adc9-1268dbf3afff, 99483072-1f00-46c8-a720-0bc43ea62b0c, fd3cef8e-7a96-4c4e-a76f-983b7de8931f, 9c935635-bd47-4306-97e0-3d1e5a09cd41, 8984b5db-62db-4bb3-92a1-537c7abc1d6b, a4e6134c-bd29-480f-863d-544d2e4f754d, 3f41bd05-2322-4c52-92a4-a08808318edc, 0811f0bd-8c5a-4b19-b10c-7d533479dde2, 5ea0e887-a7b0-4506-a0be-40d5a839b94c, 29e5f235-7b39-4f46-90cd-20ceefa39433, b4e732ba-beed-413b-9c5a-7c409992dcfe, 902069b7-e7bc-4bf6-95f2-29610b9a1209, 855d20b7-53f2-4678-a10f-55402d085018, 16310e7f-45db-490b-bc2d-94862bc260d0, 1a3641be-fa6a-4d72-a5eb-9069686a88ee, ba274d9b-1bdc-47bc-b528-44aba43500ba, 07b5ae90-4161-4463-945e-41a48fdced21, 1086eff7-919d-4951-9426-9f21a0ea7070, 4c4b0d19-8e04-4edd-aba8-1e33ca857821, ea12f8aa-58b6-4ad8-97c7-2a4266f95c57, 0dd9af9f-bcb0-43d8-9d88-b5d4cbc1514f, 64be40be-0f38-400e-bdb5-229289ac9ce3, c0cdf246-ee4a-499e-bef9-be75043548af","1656778690416, 1656791856916, 1656792022933, 1656792114601, 1656792459569, 1656795386603, 1656795486125, 1656795579375, 1656860506501, 1656865508112, 1656929990581, 1657131258967, 1657131526171, 1657142281327, 1657187554349, 1657190264597, 1657275834508, 1657362452140, 1657368749356, 1657399736151, 1657399853263, 1657460195035, 1657460445864, 1657468205915, 1657468523043, 1657532408073, 1657532503210, 1657532566219, 1657623415376, 1657738805452, 1657738925969, 1657794828463, 1657794886166, 1657795148469, 1657885205164, 1657960795323, 1657960980468, 1658047446859, 1658312286866, 1658345240928, 1658566743866, 1658757295217, 1658757370378, 1658757389196, 1658778720362, 1658785856938, 1658785925758, 1658786141377, 1658786297888, 1658831453738, 1658925900137, 1658937715868, 1658937838711, 1658957997312, 1658958092442, 1659014120912, 1659026390339, 1659026507657, 1659037070246, 1659037212961, 1659045563478, 1659045637434, 1659103609716, 1659129302294, 1659129433382, 1659129846642, 1659211029088, 1659211127508, 1659211315987, 1659347019248, 1659522806497, 1659522869385, 1659523058812, 1659633952683, 1659654223480, 1659720650336, 1659720755545, 1659733328830, 1659733427051, 1660123234183, 1660123261210, 1660128205573, 1660128400112, 1660303901110, 1660304034650, 1660387457675, 1660422667270, 1660422779001, 1660422830355, 1660422975309, 1660425160291, 1660436319086","19, 55, 51, 26, 16, 36, 47, 28, 17, 97, 33, 106, 51, 50, 19, 37, 55, 17, 57, 54, 13, 34, 34, 89, 24, 27, 27, 51, 38, 39, 47, 18, 68, 18, 72, 59, 28, 37, 38, 53, 92, 54, 15, 90, 43, 30, 70, 85, 42, 78, 97, 35, 27, 32, 5, 68, 31, 47, 41, 24, 0, 40, 24, 29, 83, 24, 74, 54, 35, 22, 1, 38, 78, 29, 27, 38, 45, 42, 75, 18, 79, 75, 18, 67, 47, 35, 39, 24, 57, 18, 39, 81","53313, 159564, 84897, 70000, 26348, 93004, 85512, 68913, 49718, 292910, 142424, 170000, 110000, 114171, 53465, 62036, 138533, 70801, 142566, 110418, 40178, 128562, 67176, 278884, 72241, 88527, 58328, 120000, 115592, 113293, 142790, 51788, 189763, 40987, 208356, 178197, 71620, 80446, 122254, 126034, 208623, 68026, 50000, 218853, 103587, 62075, 140000, 147732, 120000, 169421, 250922, 112418, 94767, 89364, 11601, 151771, 73418, 111034, 71293, 45862, 10000, 167840, 60056, 123852, 252136, 67219, 235407, 182074, 92392, 70000, 7305, 120000, 223527, 50000, 70000, 94027, 144219, 91354, 170976, 20915, 177991, 184027, 60961, 126007, 112289, 90000, 103616, 44176, 135607, 62433, 120000, 175547","74.41, 86.54, 92.54, 43.24, 60.46, 71.61, 78.09, 72.92, 44.04, 88.98, 78.43, 91.09, 61.38, 91.88, 61.52, 77.56, 94.97, 56.86, 89.54, 75.77, 98.15, 73.84, 78.41, 100.0, 76.55, 87.22, 60.86, 45.52, 86.18, 80.51, 83.17, 59.56, 92.95, 45.41, 90.79, 91.15, 75.36, 88.68, 89.33, 100.0, 99.48, 81.81, 27.66, 94.29, 85.38, 63.53, 94.23, 99.48, 76.28, 100.0, 99.49, 86.25, 60.77, 72.58, 33.87, 88.31, 85.84, 88.8, 66.67, 62.67, 17.51, 56.69, 78.5, 68.51, 99.42, 42.69, 100.0, 84.5, 33.51, 66.46, 14.46, 83.24, 98.98, 10.63, 30.2, 86.15, 62.91, 89.96, 99.49, 61.48, 86.84, 90.16, 48.52, 86.39, 89.89, 83.51, 70.78, 71.0, 88.28, 40.84, 55.82, 94.0","1, 1, 1, 1, 1, 1, 1, 1, 1, 1, 1, 1, 1, 1, 1, 1, 1, 1, 1, 1, 1, 1, 1, 1, 1, 1, 1, 1, 1, 1, 1, 1, 1, 1, 1, 1, 1, 1, 1, 1, 1, 1, 1, 1, 1, 1, 1, 1, 1, 1, 1, 1, 1, 1, 1, 1, 1, 1, 1, 1, 1, 1, 1, 1, 1, 1, 1, 1, 2, 1, 1, 1, 1, 1, 1, 1, 1, 1, 1, 1, 1, 1, 1, 1, 1, 1, 1, 1, 1, 1, 1, 1","1656778690416, 1656791856916, 1656792022933, 1656792114601, 1656792459569, 1656795386603, 1656795486125, 1656795579375, 1656860506501, 1656865508112, 1656929990581, 1657131258967, 1657131526171, 1657142281327, 1657187554349, 1657190264597, 1657275834508, 1657362452140, 1657368749356, 1657399736151, 1657399853263, 1657460195035, 1657460445864, 1657468205915, 1657468523043, 1657532408073, 1657532503210, 1657532566219, 1657623415376, 1657738805452, 1657738925969, 1657794828463, 1657794886166, 1657795148469, 1657885205164, 1657960795323, 1657960980468, 1658047446859, 1658312286866, 1658345240928, 1658566743866, 1658757295217, 1658757370378, 1658757389196, 1658778720362, 1658785856938, 1658785925758, 1658786141377, 1658786297888, 1658831453738, 1658925900137, 1658937715868, 1658937838711, 1658957997312, 1658958092442, 1659014120912, 1659026390339, 1659026507657, 1659037070246, 1659037212961, 1659045563478, 1659045637434, 1659103609716, 1659129302294, 1659129433382, 1659129846642, 1659211029088, 1659211127508, 1659211315987, 1659347019248, 1659522806497, 1659522869385, 1659523058812, 1659633952683, 1659654223480, 1659720650336, 1659720755545, 1659733328830, 1659733427051, 1660123234183, 1660123261210, 1660128205573, 1660128400112, 1660303901110, 1660304034650, 1660387457675, 1660422667270, 1660422779001, 1660422830355, 1660422975309, 1660425160291, 1660436319086"
0663a8de6568e8ea2ce01264f5fce5f52e841f80f1dbefb33b5f42446855069d,Non-Logged,40,"0a5923de-45ed-4142-b3a7-17546131670c, 78f442cc-1fb3-4bf0-a9c7-ab6cf5a73526, 470bac7a-d454-43c7-b36d-7b075b7f353b, 5dff8fb2-73e6-4c22-a34f-c367aa2677df, 230d19cf-28f8-459a-ad3a-da60aa640639, c85cb6f6-60e1-4a94-8f8f-6b436bb1d77c, 96d328b9-5da7-4389-a9ac-765e98971ab7, dc5abd37-fda0-4ad8-9620-8db2b13090d5, 4e9c2825-ff13-41ca-8e91-edd848060d19, 064e7cfb-32c4-4785-ac91-f26fa05e4237, 9d598d19-d6be-4c7e-a963-b8fedfa8f24f, a6e7224d-da3e-468f-bc51-26331659e06a, 6a83890a-d9e9-4f6b-a6c6-90d031785bbf, df57d7ef-b51b-4a22-80d3-e93d9afa0939, 696c06e7-a338-4cf5-b9c3-ea8b9e775a94, 7a349b09-badc-40a9-a194-83d959aeb50c, d0b5ac09-591f-4f39-a325-25c242fe84b2, a2ef8430-00b6-49de-852d-2c72596c5917, bf1eab72-5f40-45bc-8d8f-4790e8d088e2, 557c0d37-0427-407d-a235-c78028d91220, 5af379e6-1bd1-4cf8-a23c-03266fb77b2c, df61271b-0d5a-4f87-8ab2-1cd702e45951, 96aebf6e-817d-4a3d-9e21-f5357ecebab0, dd697b83-1f8b-4811-a789-c61a2008c673, 5dc6321c-4aad-4c69-bb5f-b0355b43e243, 529a23e0-baa8-4824-9554-416ceba464ae, b3984824-9eea-4ad9-ae37-b07782ecc313, ac1e6c6a-9403-45b1-902e-60f4b6914854, 8d477e04-3bab-4ad9-8fe3-799059238a9c, 458bf0ec-efb4-4bfd-9446-c80295e6aa87, d2593c3d-2347-40d9-948c-b6065e8459a9, 46fd2c8e-9759-4c39-91e4-94255a55c994, e2cd1c23-e372-4525-8b2b-b6886428f444, b79a9385-ab79-4949-a953-2320bfb28bc0, ed29259d-3b53-48d6-ac86-4326181ad1b1, 61e07f64-cddf-46f2-b50c-ea0a39c22050, 4c63d7cd-4902-4ffb-9b94-578b1b2151f0, dd4d0068-ae1b-4e78-a7e5-7e8c2a4a5615, 999f8b86-8f29-44b5-942a-79d1174efb6b, e5185368-70f8-4998-a738-ca22f300da7b","1656687853609, 1657212430774, 1657214234091, 1657284092650, 1657285564649, 1657297872247, 1657297908210, 1657298481254, 1657372906702, 1657558243521, 1657558422533, 1657558498656, 1657632860987, 1657806784064, 1657894895055, 1658157924393, 1658162718600, 1658333232073, 1658406029419, 1658406328149, 1658406906765, 1658500057075, 1658846497482, 1658847225599, 1658847306237, 1658851602713, 1658851900083, 1658937186543, 1658937925513, 1659116577202, 1659116886793, 1659449109639, 1659449367048, 1659543473320, 1659544001036, 1659636187855, 1659788940270, 1659975604464, 1660139495914, 1660139699157","3, 0, 1, 2, 1, 0, 0, 0, 0, 5, 1, 1, 2, 0, 1, 4, 0, 0, 0, 0, 1, 0, 1, 0, 0, 0, 0, 0, 0, 0, 0, 0, 0, 2, 0, 0, 0, 0, 0, 0","102172, 70847, 71059, 281427, 176070, 32549, 56874, 43623, 138570, 170964, 67815, 302369, 50000, 116069, 219273, 20000, 40000, 120000, 34527, 302226, 105497, 47754, 299610, 70834, 145349, 113457, 80000, 126068, 33934, 241343, 247655, 104177, 144917, 217161, 60000, 139698, 83814, 100000, 113754, 229876","29.03, 40.7, 24.74, 36.05, 48.89, 44.64, 48.9, 43.8, 55.32, 65.91, 53.98, 52.66, 10.96, 67.35, 67.42, 18.94, 26.02, 62.37, 48.18, 74.33, 45.06, 52.76, 65.48, 62.07, 69.66, 66.5, 24.77, 64.51, 45.47, 78.34, 66.41, 57.12, 66.03, 52.3, 53.44, 60.85, 57.74, 55.66, 56.98, 55.64","1, 1, 1, 2, 1, 1, 1, 1, 1, 1, 1, 2, 1, 1, 1, 2, 1, 1, 1, 1, 1, 1, 1, 1, 1, 1, 2, 1, 1, 1, 1, 1, 1, 1, 1, 1, 1, 1, 1, 1","1656687853609, 1657212430774, 1657214234091, 1657284092650, 1657285564649, 1657297872247, 1657297908210, 1657298481254, 1657372906702, 1657558243521, 1657558422533, 1657558498656, 1657632860987, 1657806784064, 1657894895055, 1658157924393, 1658162718600, 1658333232073, 1658406029419, 1658406328149, 1658406906765, 1658500057075, 1658846497482, 1658847225599, 1658847306237, 1658851602713, 1658851900083, 1658937186543, 1658937925513, 1659116577202, 1659116886793, 1659449109639, 1659449367048, 1659543473320, 1659544001036, 1659636187855, 1659788940270, 1659975604464, 1660139495914, 1660139699157"
c7fcf92b4036eb6c47ea0c10ff95d62918fbdc3df3f5ffc9727b3bf1d6e3ceef,Non-Logged,5,"64eece7b-87c8-4ea4-a223-c450a77973b5, 4721027a-b582-4e48-b026-0f34a951eb25, 782e2881-f785-4f46-acee-e69addad5092, 0551fbb7-2af6-4102-b6b8-4a78bc106693, 8d76839b-8f1b-4b41-bf09-9022d0f85d81","1656687258999, 1659010417933, 1659010435903, 1659010475783, 1659037778397","1, 0, 0, 2, 8","46965, 13142, 5329, 10000, 131447","56.84, 25.93, 6.87, 7.65, 48.49","1, 1, 1, 1, 3","1656687258999, 1659010417933, 1659010435903, 1659010475783, 1659037778397"
0fd9b75d9eb1208f49da41d41e44f42443c8382cdea7f07e2049dfd27c7fe235,Non-Logged,33,"1689e5cd-2ba9-49bb-875b-e8a28d623286, b74b32df-e073-43c3-a471-d211dee79f5b, 876730ff-ec6e-4d8a-8247-f885eee222af, 6c0d81c6-fce3-430f-8e24-e29c6ddfb24a, cb324527-6a66-491d-b53c-6a6d7ece566f, 5d92add1-219e-4f10-9c1e-8d610487ab78, d2593c3d-2347-40d9-948c-b6065e8459a9, 458bf0ec-efb4-4bfd-9446-c80295e6aa87, 0819b74d-b28a-4702-90a2-9d205dd9fc5e, 81554b6d-3d0d-45ea-a5f5-15c09331690d, e2cd1c23-e372-4525-8b2b-b6886428f444, 698ce0ed-49f8-4a09-bee8-f3be6b6c9ebe, b85352f9-ffcb-496b-9279-dc007ac65eeb, d2ca05a8-db42-44fa-9a4e-695d9b3a4c51, 4c63d7cd-4902-4ffb-9b94-578b1b2151f0, bf44b8ea-c737-4eec-a51b-01006202f303, 1dfa6f3f-4c8a-4eea-8c96-1c6b5e6f179e, fd3c2179-09b0-4b2c-96a9-2d8822f28851, 85acd297-e8a3-4df0-8f35-d1289c634634, 2c132949-db27-4d46-a967-223cabc919ba, 841bfeed-2081-4797-b6a0-1087aa7c2846, 2c1e7356-9421-42e3-8880-831916c6c738, 88d551bb-749b-4757-b813-a862b946a5c1, 39155663-356f-4d11-a471-32209ba83a6d, 5ad189e3-77e6-4c5e-9eed-8979ba58e283, 6a8d04c1-0913-4ce8-982e-8c1a441a0c6b, ba274d9b-1bdc-47bc-b528-44aba43500ba, a8d6559f-aec0-4242-ae71-f9671395d1ba, 07b5ae90-4161-4463-945e-41a48fdced21, 82f8899c-e308-4e32-b752-07d051b507e4, 6fb556ba-1a88-4787-a242-39b6cbfc0b5f, f5a5e289-6050-4d7e-b5ea-b22d5c407b7a, 9408222a-6373-4d23-9ccb-9958d69ab57c","1656756258014, 1656756822152, 1656765127585, 1656781499908, 1656781579586, 1656781779989, 1656781955454, 1656941187231, 1656952081507, 1656952198149, 1656955072595, 1656955345685, 1656955672729, 1656961358453, 1656961445586, 1657109341378, 1657114721372, 1657281580931, 1657281652950, 1657281983651, 1657284495654, 1657310093965, 1657310389202, 1657444605140, 1657621337189, 1657644678867, 1657644797001, 1657648856293, 1657649472447, 1657802731255, 1657802869814, 1657803305867, 1657963390989","2, 0, 0, 1, 1, 0, 2, 0, 1, 1, 3, 2, 2, 1, 0, 0, 0, 1, 0, 0, 0, 0, 0, 1, 0, 2, 0, 1, 0, 0, 0, 0, 0","79724, 34394, 5998, 98368, 60000, 14957, 127442, 12158, 135538, 70000, 81811, 192077, 230000, 32297, 108411, 54145, 49469, 67035, 28445, 30000, 24888, 80000, 29300, 48297, 130000, 91973, 17979, 50000, 20000, 47125, 60000, 39646, 59307","79.72, 24.86, 47.02, 84.27, 15.74, 30.54, 28.7, 32.4, 74.19, 26.49, 66.98, 80.85, 79.09, 45.45, 55.54, 84.5, 46.28, 17.43, 9.09, 57.44, 34.57, 44.55, 65.15, 58.54, 28.41, 85.15, 12.17, 55.6, 35.68, 14.3, 63.14, 11.86, 23.83","2, 1, 1, 2, 1, 1, 2, 1, 2, 1, 2, 2, 1, 1, 1, 1, 1, 1, 1, 1, 1, 1, 1, 1, 1, 1, 1, 1, 1, 1, 1, 1, 1","1656756258014, 1656756822152, 1656765127585, 1656781499908, 1656781579586, 1656781779989, 1656781955454, 1656941187231, 1656952081507, 1656952198149, 1656955072595, 1656955345685, 1656955672729, 1656961358453, 1656961445586, 1657109341378, 1657114721372, 1657281580931, 1657281652950, 1657281983651, 1657284495654, 1657310093965, 1657310389202, 1657444605140, 1657621337189, 1657644678867, 1657644797001, 1657648856293, 1657649472447, 1657802731255, 1657802869814, 1657803305867, 1657963390989"
1bbee81674b69bc59db6b02457103ac7c76768f2ff4e2e03d4066ae4f2af0953,Non-Logged,149,"3e108588-57ad-4c1e-b752-e7dbcd6667f1, 12657735-75b8-4479-92c1-90fe902547d6, 9a0efd99-ded6-4e46-9836-77f2ae92bb7c, d7ef402b-ffef-48d3-a6d3-76048a490a18, 1f32fb5d-912d-4297-ac8f-c6bf36d66a8a, 9c56f9b9-06e6-481d-99c4-230efce4bd42, 7caf0079-a39e-4f7d-9d5b-7f8d8a625f2f, 2445fb29-2bd7-4cb5-a2da-634ade1edfd2, 5fada3ca-d728-4b7b-91c0-b1352a07ada6, 3de4c288-c62a-4cda-b9ae-a94a339b19fe, e59e23ae-31e6-4eba-b85a-ce46918829b9, 47d8aac3-ca8b-4da0-834d-1f08e0250179, 0ee15cfa-2134-4b99-a4ce-d99114f5f766, 470bac7a-d454-43c7-b36d-7b075b7f353b, 8506af53-1a1c-47c0-b56c-1c65f3b726b9, 6c92672d-9c82-4fb1-b07f-c701a90e2fd2, cee20002-7c68-466a-933e-f8969dc58afc, a36c98b5-f159-48f8-9f5a-1fc6ea9956c8, da06dc6b-5f61-45c7-af19-51f03b4abd92, ccd58e83-153e-44f0-9823-18dee67e2f63, 0fb47688-9812-4750-bdb0-896be399bdc8, c6ef04c6-c7e3-4b63-b738-0a77f4a3f428, f0a78e58-ec7e-494c-9462-fbd6446a9a89, dddaeaff-fe20-46bd-b412-71789eba929e, e1a89c3a-1649-486f-a964-ecfb33821e77, d0b86c09-5f7c-47aa-8496-8852682e73eb, 2039e315-9417-455b-a045-ce56d49c82be, 55269aaa-ea69-47f4-9c5e-fb571f26a4ac, 4e9c2825-ff13-41ca-8e91-edd848060d19, f8b246a9-bc8f-4186-ad33-70d7c266b89c, 2dfba726-85cf-4b27-9991-629f53692427, 58187910-27b8-4e13-b9a4-a1af687558c1, 02910a33-93ba-49fb-9bfa-f8db58520cdb, b6d38b8c-1463-4c63-bb27-021a93e5b2be, 87008b9e-3665-43b9-92e1-7b1b63217e92, 4263193c-f7ef-468d-b141-d151b01cf38f, 1c66fe61-720c-42ff-91cd-0bb39361f0d9, 28f3ce27-8f54-4636-b701-ffab5c904aed, ff1435df-7615-47f3-93da-0f5775f2cb84, bab7eda9-42de-490e-8660-6107de2dc7cd, 01210d34-44d5-4fe0-b106-2970ba9309f3, 6b3e8cfc-d40a-4dc1-bf3f-9a4ff3e5b4ba, 4e163060-2488-4627-a8ba-bbfc54a4d57d, 3bfa6006-7bb5-4131-9d77-89d62ce4555e, e7393d13-3430-4299-9029-9d3f2b63fc3c, 62c033c2-103d-4c76-8dbf-19c1cc869ddf, c858ebb4-b1ff-4200-9b3f-1c0554fd7d92, b08ca3d5-5e23-4eaf-98d5-942c12366f27, 7174c586-ad98-436c-8ab1-a44dd393a8d1, 60bb12c1-37e9-418b-b1ac-42c46af0e972, 6603a071-2b9c-427e-a461-4114adf9bf46, a2200d09-93d3-406a-93f0-b29d93b9cb0d, 2a6339b6-ac71-4843-9ecb-ecc5a25135b0, 8993158c-3346-4f61-9668-80460d4bf3a2, 49b790ed-8512-4649-965a-057773c50997, a578d1f1-b314-4948-a58f-23b444c91976, 90c1930d-6795-4daf-8efb-635b7ac3dfae, 0baa8cd7-1eef-4960-aeb4-4128e58efba3, e0ea3a01-585a-4c38-962d-07a1cbca4e64, 4a5aa622-bf15-4647-8e45-1f4d6b17a9b5, ee51f09f-fec3-471b-990e-85af8d44ff2e, 2928e9d7-7d8f-400a-84d0-0605f9a33374, b66e6f26-0bb0-4744-a840-46f4168edd69, 24e37f73-763e-4d07-b7ab-73ddda0a7050, 4a983c7c-cd3d-4ef8-9584-eb83fd7fa90e, 7d678274-dae2-431e-b438-6f8fcc174128, f585b373-2152-48d5-a629-1b80e48094b6, 4ef1d1e4-01aa-4aea-8a31-51598feef18a, 91dd61bf-7c49-4276-bba6-1db2804921a9, 807d5f5b-e102-4cfc-acf3-a3e74537f7f2, a7dc5900-bbb5-49e6-91a7-233954498e55, a6ab18ec-e32f-474b-964b-987309c61581, d53144a7-7d1c-41ca-acb2-6d3f5908d4a9, bfd7eaa8-9116-4382-b00e-afc35498dbf1, 35e05c24-1d29-498e-81f3-ecc93841c3d7, b479a587-ac21-4184-8890-2b2809451f82, f6b5d170-48b9-4f8e-88d4-c84b6668f3bd, 577d4f8d-79f8-46dd-9b00-f7584ea34c15, f425b064-b8a0-4ee3-a4f9-7085873eba0f, e1f73bd8-9b96-4c3d-abd8-9724c6828223, 174438a2-e028-48a5-9af1-ee41493fa62c, 5b9271a4-a750-4dc8-bdf8-20653b1acfd8, 2624ff77-4122-434d-a0f4-4685994cd325, 31b9067e-d931-4376-af2c-4c2463f37c27, 5a9ab5ff-c263-4737-bdfd-59e67969ee37, 9eb468ec-bad6-4f55-b45d-e00bb3cd1950, 7ca50e37-2844-48aa-a2ec-c4a7c1214fc8, da2f6430-024e-4502-badf-a1f61a59c250, b3017f65-7f13-40f9-8fef-e76111488238, 35b75714-6aed-44bf-9a87-1d8054d5be98, bbf908b7-9a0e-40aa-b3bd-4e89364c1518, 1e3a0fb9-edfa-47c1-9e58-a505f628f930, 88873d22-734a-4038-bc56-3e3179ed744e, 75fe140c-e6b0-4516-afb6-05f194af7bae, 5e54e74c-22cb-4772-8b6e-5ad49aaaa9c0, 8f57c193-7200-4de2-ad6f-68a848d617f0, e22473a3-7a8a-46cb-8c86-1bda7a5c70de, b4edb070-fa34-449a-b082-cf2db0dc04b2, d22af4c4-3aac-4d42-9eb8-50ad449a8972, 6ffa67e6-d799-4ed3-870c-8091f3d98cce, df6cad06-1079-4749-b1f2-d0c42a63729e, d2593c3d-2347-40d9-948c-b6065e8459a9, 8900a7f3-bad6-422a-b86c-84f802fe5ddb, d786530b-cae8-4722-b301-a53a486ccd64, de3fb692-4ce1-48ba-b957-a167a43e3a19, 7c247d9f-12cb-43eb-b30e-d4330cea1898, 639c868d-4c32-4300-9b74-bd00b3c4db78, 85beb942-01d5-44ce-a5aa-296139c73667, a4b78e6a-ce83-40dc-9fb6-6dd313a6bd71, 365104ed-c622-4822-981d-67576eedf730, 480a2888-29eb-4adf-94a8-f80884a3675e, 68371e8b-8e81-461b-90f9-f824eb52b609, e4a32f87-4d4a-42dd-b1d0-b4d0564b03bf, 0a3c65e1-869b-4fab-9b11-22e0b1f02694, 44c1c60f-ae33-4350-a362-21fa3b26fb2c, a76dc579-5e75-4d29-84ec-0e8b7cf477e5, 7efd922a-7d45-439a-ba5a-d09ee2da2a67, 59844ac0-13b4-4f43-8cf2-7df971eacbdd, 463f3b3a-afb6-49c2-a704-60773f986882, f0d952ab-7ea3-4d14-be0a-659c72d5c6ac, 17c16322-93fb-4ee5-9304-e92663443a13, d68c0558-9e07-4b1c-87a9-7438e52791fc, 1045a19a-a686-47b8-aa54-33c1063613d6, 08a27175-61cb-4462-b0cf-4f9ec2d9d9f0, 17acf79f-b9b9-45b4-af2a-a119216e7018, 8af857b5-9817-47b6-b91f-62ff2b4a9148, 65275bca-1dee-4bdb-863f-b534f79a8305, ebf19cd7-59ad-4541-9ee3-58d95b2ba720, b983ec13-6581-4a89-a800-ab2bffc1fcbe, 350f87bb-204f-48a1-aa24-6f038e119039, 5ad189e3-77e6-4c5e-9eed-8979ba58e283, d8d8dee8-6322-4593-8b4f-e7ca7b90d1cb, fc95c9d5-99dd-4b98-9c26-0302e287ad4d, 341c6a41-999c-428a-8ca5-ccec647608a6, 9af53180-6c9a-48aa-95e6-89601d17154c, 45fc1630-f209-4b90-b454-96d17d4f4e83, 3db31d95-bc82-478c-997a-b462aab61fcf, 2336ecaf-a704-4228-b7d6-1114e35c6909, 6ed46015-9586-46a2-8c57-6de532e85bf7, 19ca5eb9-d517-44ba-80d1-b4e198269b8c, 0c0a3dc4-b6ca-4262-9beb-6ff9a850dfe6, 82f8899c-e308-4e32-b752-07d051b507e4, 794a21f8-f679-4de0-bbc5-1060e15bda67, 33665e50-19fc-469a-bf47-9ba0fa06de20, 38578b5c-4509-49df-ad79-c62cc914e4a5, ed2b2eea-e01b-48d7-8064-4a92bc5e21aa, c29b49e1-810c-44da-a377-57a701b20341, c7414878-4623-4c1c-ba42-0e2fa68d9dae, b2b87f61-2f4a-4a7c-a22a-cf3928fc80c1","1656680053750, 1656680496492, 1656680628952, 1656680816730, 1656766608418, 1656766883411, 1656766987306, 1656769753294, 1656777959166, 1656853237216, 1656853387708, 1656853435664, 1656853509431, 1656853654135, 1656870207651, 1656870351231, 1656937119955, 1656937394083, 1656937939106, 1656958121758, 1656958264738, 1656958616655, 1657025599868, 1657025818555, 1657037013073, 1657037137388, 1657037315492, 1657114786240, 1657114951564, 1657115499172, 1657216980157, 1657217203801, 1657217357851, 1657217634765, 1657217811379, 1657234173644, 1657234395724, 1657307805976, 1657326366748, 1657363352154, 1657461521762, 1657461579524, 1657461649990, 1657462117957, 1657462704630, 1657463248733, 1657463332957, 1657544172802, 1657544812441, 1657622130376, 1657630866696, 1657741505714, 1657742196554, 1657742532379, 1657742618101, 1657803708306, 1657902511380, 1657902681058, 1657902841151, 1657903562097, 1657903888430, 1657904064570, 1657905274238, 1657976255091, 1658080079995, 1658080981017, 1658105448416, 1658105603899, 1658235427162, 1658235715943, 1658235909686, 1658236673215, 1658324722304, 1658325398878, 1658422801567, 1658422852896, 1658423366971, 1658508599380, 1658518961634, 1658519244595, 1658519536962, 1658591361429, 1658591891011, 1658592096487, 1658592148221, 1658599175975, 1658599528714, 1658686816614, 1658687132046, 1658687484200, 1658754067409, 1658754275666, 1658754898073, 1658755232804, 1658795473397, 1658795545036, 1658795602458, 1658838747242, 1658858617245, 1658858870921, 1658918941942, 1658919774706, 1659101081563, 1659101238209, 1659101882737, 1659102322329, 1659134948462, 1659135089835, 1659177922148, 1659185958936, 1659186034855, 1659186207709, 1659186363889, 1659268523194, 1659268624157, 1659268917478, 1659269083730, 1659269201551, 1659299419097, 1659446215243, 1659446439374, 1659446867002, 1659464634239, 1659464705321, 1659527370384, 1659527858974, 1659559174362, 1659719119184, 1659719319669, 1659882074221, 1659882757720, 1659882985430, 1659883084408, 1659883153918, 1659883694190, 1659966347132, 1659983840696, 1660048220627, 1660048275764, 1660048732647, 1660048933127, 1660137550303, 1660307460297, 1660307678701, 1660308218547, 1660391103797, 1660391777646, 1660420006153, 1660420589968","34, 7, 8, 19, 60, 28, 37, 8, 48, 19, 0, 17, 13, 18, 9, 11, 20, 66, 7, 18, 100, 68, 15, 0, 29, 40, 14, 0, 9, 14, 22, 20, 11, 15, 7, 56, 16, 55, 27, 2, 10, 4, 6, 17, 73, 6, 18, 4, 3, 8, 100, 32, 16, 9, 30, 4, 24, 11, 11, 47, 36, 22, 5, 24, 162, 57, 18, 27, 12, 34, 17, 61, 9, 67, 1, 41, 14, 21, 4, 21, 22, 15, 10, 10, 18, 9, 4, 74, 19, 33, 8, 98, 15, 33, 1, 2, 16, 52, 13, 18, 4, 0, 10, 65, 8, 45, 51, 54, 12, 12, 3, 15, 13, 17, 6, 17, 16, 20, 24, 24, 15, 104, 5, 25, 4, 0, 47, 0, 55, 121, 65, 24, 26, 26, 36, 7, 14, 11, 12, 14, 25, 22, 39, 93, 22, 19, 87, 62, 49","120111, 31554, 36726, 86808, 255957, 53650, 196945, 22092, 172120, 100977, 10000, 84377, 56548, 140019, 30000, 31549, 118142, 191980, 22525, 63285, 339278, 174248, 73992, 20000, 114269, 168688, 45637, 40000, 37852, 31648, 101458, 81881, 82782, 55159, 49023, 211583, 31830, 230695, 88226, 15157, 42792, 10000, 40000, 89422, 260000, 14332, 158949, 20000, 10000, 22200, 322497, 146832, 37081, 31013, 74817, 20000, 100198, 99198, 41883, 257341, 171504, 63678, 49504, 74904, 737377, 365470, 90000, 104227, 43871, 184707, 102978, 240000, 62286, 408004, 20000, 238525, 53394, 98066, 10189, 78739, 88677, 103322, 47332, 54559, 56299, 42266, 40000, 320409, 78903, 141321, 46676, 404857, 63695, 81640, 7119, 40000, 72305, 197628, 88147, 49339, 40000, 20000, 42241, 277261, 41176, 220000, 129578, 237306, 42667, 59409, 15136, 40000, 34666, 43198, 29336, 102031, 110248, 60000, 62336, 90000, 124701, 448148, 30000, 101917, 14278, 10000, 172255, 11801, 152293, 598258, 212253, 84785, 53308, 158708, 107867, 38751, 45295, 43256, 44255, 82636, 97288, 73270, 208101, 333195, 64898, 82348, 339148, 188380, 176756","66.84, 67.5, 54.86, 52.45, 95.59, 53.51, 68.68, 52.9, 99.97, 61.53, 31.97, 84.73, 59.78, 42.41, 37.55, 45.24, 58.49, 93.37, 49.34, 54.19, 98.29, 68.45, 86.75, 11.71, 90.05, 70.42, 65.09, 16.69, 45.59, 47.41, 63.09, 45.46, 47.88, 41.14, 45.75, 91.31, 40.87, 67.43, 100.0, 31.13, 71.93, 27.42, 45.54, 45.07, 66.04, 70.79, 24.44, 31.57, 21.37, 45.58, 99.56, 87.87, 48.84, 46.42, 55.37, 21.01, 73.22, 51.16, 50.78, 75.09, 86.79, 55.59, 31.82, 45.73, 99.6, 94.71, 76.25, 54.75, 33.03, 92.7, 92.65, 59.55, 48.58, 83.78, 21.18, 97.3, 71.51, 87.54, 31.41, 64.28, 93.24, 53.62, 56.28, 64.47, 37.83, 38.3, 22.52, 100.0, 65.16, 55.03, 50.15, 100.0, 54.45, 91.93, 14.25, 24.91, 64.7, 79.86, 56.11, 56.59, 35.03, 21.34, 55.01, 69.79, 62.66, 46.1, 85.88, 70.46, 54.09, 52.49, 53.41, 60.44, 43.09, 46.29, 45.61, 61.67, 77.28, 56.02, 37.0, 62.56, 68.93, 100.0, 88.64, 88.67, 35.5, 17.79, 73.74, 19.46, 57.98, 87.63, 95.61, 76.19, 93.91, 57.6, 63.52, 41.83, 100.29, 40.55, 38.3, 46.93, 88.85, 51.76, 94.25, 99.81, 51.91, 54.58, 79.23, 76.28, 39.84","1, 1, 1, 1, 1, 1, 1, 1, 1, 1, 1, 1, 1, 2, 1, 1, 1, 1, 1, 1, 1, 1, 1, 1, 1, 1, 1, 1, 1, 1, 1, 1, 1, 1, 1, 1, 1, 1, 1, 1, 1, 1, 1, 1, 1, 1, 1, 1, 1, 1, 1, 1, 1, 1, 1, 1, 1, 1, 1, 1, 1, 1, 1, 1, 1, 1, 1, 1, 1, 1, 1, 2, 1, 1, 1, 1, 1, 1, 1, 1, 1, 1, 1, 1, 1, 1, 1, 1, 1, 1, 1, 1, 1, 1, 1, 1, 1, 1, 1, 1, 1, 1, 1, 1, 1, 2, 1, 1, 1, 1, 1, 1, 1, 1, 1, 1, 1, 1, 1, 1, 1, 1, 1, 1, 1, 1, 1, 1, 1, 1, 1, 1, 1, 1, 1, 1, 1, 1, 1, 1, 1, 2, 1, 1, 1, 1, 1, 1, 2","1656680053750, 1656680496492, 1656680628952, 1656680816730, 1656766608418, 1656766883411, 1656766987306, 1656769753294, 1656777959166, 1656853237216, 1656853387708, 1656853435664, 1656853509431, 1656853654135, 1656870207651, 1656870351231, 1656937119955, 1656937394083, 1656937939106, 1656958121758, 1656958264738, 1656958616655, 1657025599868, 1657025818555, 1657037013073, 1657037137388, 1657037315492, 1657114786240, 1657114951564, 1657115499172, 1657216980157, 1657217203801, 1657217357851, 1657217634765, 1657217811379, 1657234173644, 1657234395724, 1657307805976, 1657326366748, 1657363352154, 1657461521762, 1657461579524, 1657461649990, 1657462117957, 1657462704630, 1657463248733, 1657463332957, 1657544172802, 1657544812441, 1657622130376, 1657630866696, 1657741505714, 1657742196554, 1657742532379, 1657742618101, 1657803708306, 1657902511380, 1657902681058, 1657902841151, 1657903562097, 1657903888430, 1657904064570, 1657905274238, 1657976255091, 1658080079995, 1658080981017, 1658105448416, 1658105603899, 1658235427162, 1658235715943, 1658235909686, 1658236673215, 1658324722304, 1658325398878, 1658422801567, 1658422852896, 1658423366971, 1658508599380, 1658518961634, 1658519244595, 1658519536962, 1658591361429, 1658591891011, 1658592096487, 1658592148221, 1658599175975, 1658599528714, 1658686816614, 1658687132046, 1658687484200, 1658754067409, 1658754275666, 1658754898073, 1658755232804, 1658795473397, 1658795545036, 1658795602458, 1658838747242, 1658858617245, 1658858870921, 1658918941942, 1658919774706, 1659101081563, 1659101238209, 1659101882737, 1659102322329, 1659134948462, 1659135089835, 1659177922148, 1659185958936, 1659186034855, 1659186207709, 1659186363889, 1659268523194, 1659268624157, 1659268917478, 1659269083730, 1659269201551, 1659299419097, 1659446215243, 1659446439374, 1659446867002, 1659464634239, 1659464705321, 1659527370384, 1659527858974, 1659559174362, 1659719119184, 1659719319669, 1659882074221, 1659882757720, 1659882985430, 1659883084408, 1659883153918, 1659883694190, 1659966347132, 1659983840696, 1660048220627, 1660048275764, 1660048732647, 1660048933127, 1660137550303, 1660307460297, 1660307678701, 1660308218547, 1660391103797, 1660391777646, 1660420006153, 1660420589968"
f855aa63186cb4bd2dd7925dddf309abd82af0f255aa1429418d380bc9d80892,Non-Logged,20,"82206221-05a0-4f89-aa10-e8c8dc0cc418, c64c0aa5-37f1-4da2-9e10-bbae843f7d7c, 7594da99-d606-4338-a373-710a7dec776a, 480837cb-9b4e-493f-bedd-ee4bd4036371, 12453135-d38a-4aa4-a51e-41a62f05bf7b, 914fe264-109c-4d4d-8f18-052785666a24, c85cb6f6-60e1-4a94-8f8f-6b436bb1d77c, 7b38299d-07c4-4b5b-af10-0023d65dbf5d, f0a78e58-ec7e-494c-9462-fbd6446a9a89, c370b626-8d8e-4c0e-9d06-0cf16473bd29, c330d980-9d61-46df-95fb-3ad084bf0eab, 1174b598-3728-44b3-bb06-a2def5d29a3b, b4f284d1-d53e-4e00-a3f6-f5f78b654f63, 9d598d19-d6be-4c7e-a963-b8fedfa8f24f, 29af4cd8-88b0-461f-a3a8-27ae61c67a1b, e8ff1209-ccae-4b46-b28d-5c4b4f58839e, 73151e02-dd2a-4509-968e-b9c16ec1c5db, 9659f9a7-c6b6-4772-9b59-7c085d3051de, 2cde315c-b123-4cf5-8d9a-7da393d2776d, feee3eb1-d625-4766-9da5-d855ac2f557c","1656982475330, 1657160351811, 1658351585232, 1658777920069, 1658792212248, 1658883463134, 1659121796109, 1659131408381, 1659138968977, 1659223179880, 1659564967468, 1659565283160, 1659565430844, 1659565542394, 1659565667940, 1659574651365, 1659657048599, 1659657302493, 1660009485795, 1660010373123","1, 0, 1, 0, 0, 0, 3, 0, 1, 0, 7, 0, 1, 2, 4, 0, 1, 0, 2, 0","91020, 48645, 200361, 155529, 79808, 170964, 350000, 100000, 62112, 253848, 240000, 63068, 95185, 30000, 70000, 147717, 213110, 67575, 180338, 23104","67.98, 12.94, 85.24, 50.58, 32.07, 59.56, 80.42, 39.82, 86.99, 77.11, 63.31, 31.43, 71.24, 15.52, 27.79, 58.56, 86.18, 53.26, 85.26, 34.89","1, 1, 1, 1, 1, 1, 1, 2, 1, 1, 1, 1, 1, 1, 1, 1, 1, 1, 1, 1","1656982475330, 1657160351811, 1658351585232, 1658777920069, 1658792212248, 1658883463134, 1659121796109, 1659131408381, 1659138968977, 1659223179880, 1659564967468, 1659565283160, 1659565430844, 1659565542394, 1659565667940, 1659574651365, 1659657048599, 1659657302493, 1660009485795, 1660010373123"
893387e6277b0c011b8ab122fe38bd7f80bb0e32f9d660a8595565f2a6d85c1e,Logged,11,"b4a5680b-d0e1-4260-bc54-82fbe328d3a0, 29af02af-2cfe-4384-800c-6b0536c5d56d, 2ad4930b-bd99-4884-9c07-12cc46f53417, 66754bfb-2104-4a0a-ab6a-7a9baff9f0eb, 448546e9-833e-4350-826b-ea05064224f7, f8274d89-525f-49c4-9331-68b69b03c5a6, 754751f0-7cdd-4a64-bd57-aeebfe770080, e47d3cca-127e-4f42-a2a5-4384a2891351, 5a98e0d9-7bec-443f-907f-e7184a2a5e09, 730ebf89-8cc0-43d6-b3fa-7fb5e30a98f0, f063447f-84b6-46a6-b21e-d7db6ed5ff8a","1657214904000, 1657714788821, 1657714859545, 1657714984631, 1657900448898, 1658160995013, 1658846944687, 1658863002358, 1659018326548, 1659018630146, 1659373239695","0, 0, 0, 1, 0, 0, 0, 0, 0, 0, 0","22585, 57928, 18420, 17522, 61675, 21264, 47343, 20000, 6009, 27462, 21107","41.29, 31.43, 16.64, 47.43, 67.29, 25.63, 32.81, 23.72, 10.4, 54.14, 38.46","1, 1, 1, 1, 1, 1, 1, 1, 1, 1, 1","1657214904000, 1657714788821, 1657714859545, 1657714984631, 1657900448898, 1658160995013, 1658846944687, 1658863002358, 1659018326548, 1659018630146, 1659373239695"
78d6bd16d5ddbfd2eeba2adbc56e9f1c73e59f73f06a85c463f1f121a7cf9f0f,Non-Logged,4,"c6d0dea0-ff7d-4fa6-8ecd-45bbf42020fa, 58f9fdf2-7ef6-4f67-823b-53943a589891, 5d51cbe2-07e2-4c90-87c6-e6afaf049815, 0341274e-7aee-4472-8d68-1806d4cb2fe2","1659620779053, 1659620849981, 1659620969302, 1659961186782","0, 0, 0, 4","42451, 30067, 60000, 210000","76.82, 29.59, 46.12, 19.04","1, 2, 1, 1","1659620779053, 1659620849981, 1659620969302, 1659961186782"
ef3a612ec512aa5f7b9e7eccb45865c98afb6ae1fbb3e7037d37c5e07817c9f4,Non-Logged,132,"55266427-d25c-43af-9211-e1346dfa7190, f23b9136-f838-4b3b-996d-1c7af64d7810, 1c4dd193-af76-4d6e-ada2-ef9e6979b6be, e01c1a9f-c5ff-40f5-93c6-af7bb784e755, fcdc961b-9239-4c94-a775-bff667a105a4, 8afc0d09-c7f0-484f-8733-d98253cba460, ebe70e49-f2cd-4059-8b8b-d7450336d61b, df1a2e67-6ddd-4143-8c9e-3316e08ef6aa, edf58114-c7ab-4675-8af0-a74074f0f865, 70d5dd7b-477b-4245-a0a2-74fb079a118f, 3137f551-87d2-48b6-82bf-48b2bf11e643, 85173c40-3702-4785-9d32-b6e7e0913f62, 99c4a6d3-41f3-4bf0-bfba-a419e0e621f8, 44fdcedf-e9ae-4748-8ab3-0cdb466672a6, c6ef110d-7837-47f2-84f6-cfea4da5e328, 0b8f3728-4ef7-40e7-85ac-367d8039bb6d, 6e5ae05a-ccc9-4384-85b8-9fa1d871ba1b, 2dd15d83-5cb6-4d69-a230-11480d86bb74, 1e57bac0-b5a7-4e42-a3e2-5d6e693e070b, b0340e28-84ac-4a23-8842-fbddd54c13d5, 0861c763-2b92-45c8-8228-9c3a7e0d4128, 450d6500-b3bf-4217-a869-7303a818e226, 883603aa-c0f3-4c3a-ae3d-e36e1311c9f9, ecc37a22-b730-4e3a-bc87-c3ba3403acbc, a377fa79-5b40-446e-96c6-c892b3e1e57e, f167a1bc-f992-486c-81ac-7ca41070f934, f55eb66b-52d6-4da3-8ff1-d2832389651a, 6c92672d-9c82-4fb1-b07f-c701a90e2fd2, d61c5cc7-2a4f-42c5-ab06-bef4a6314808, 87b7c93a-809a-4709-8e59-c56b02fec7c2, 0c1ba25c-289c-468e-95f5-ee914225c635, 45169b98-14d3-4b20-803b-9e8a27fc154a, d6d6cc0f-7c13-47b8-a3ce-ceb13ac0efed, 8772da0e-5490-499e-854c-fff29d98a6bb, 12453135-d38a-4aa4-a51e-41a62f05bf7b, 5b68d910-8e4a-4fa5-8fae-65c841282e94, 55455526-a0e9-40c7-94e1-08824f4e1b52, f38d9b98-70c5-44c2-9a6d-fcee0df331ab, fbbd2472-9ee2-4d84-9211-deb431ba8a75, 99566c41-bd03-4b37-9ed7-4ba3485e7de5, 9e93b143-069b-4139-aa1a-42db5c5370ca, 7f8d92ed-4945-4fda-9eba-fedc1404525a, 422f4b54-f517-4684-8131-69b1bc1c3eeb, 2decd92c-718d-4c00-8a88-69fef6e90831, fe1eb013-51ea-41f0-8cf8-1fd4f4752219, 73ed314a-a9f3-4b76-83f1-67063a4ca520, c370b626-8d8e-4c0e-9d06-0cf16473bd29, dc5abd37-fda0-4ad8-9620-8db2b13090d5, e544658a-7fbf-4c01-8b83-b63cf6e78987, 4e9c2825-ff13-41ca-8e91-edd848060d19, 98ae5e37-0181-4ce8-9f03-2f014714bb25, 255a7f49-ea72-4caa-9e77-48aff4aae740, 4f126ed4-66ca-4379-8779-6afa1b4d1662, 6f24ab1a-0b23-438a-ba50-ce1d063918d6, 263bf90f-b1de-408a-b23c-d345d6415fb0, 8ba6c3ca-5e42-4cc0-8f8c-6da09532d67a, 7c3ecede-a698-4a62-b78e-ebf3ba687130, 58f350e5-cf09-4958-9703-84c0e56468ea, 60d611ba-5bdf-41f3-b1cf-0f712879397a, 8e49d91b-6112-44c5-bc9d-2d36df30c97d, ff1435df-7615-47f3-93da-0f5775f2cb84, b6d38b8c-1463-4c63-bb27-021a93e5b2be, 51b38ce7-11f0-4dc0-8e21-6522b0587ec7, 92ecb67e-11a0-4daf-95e2-70251ecfc5cb, e77ae307-18b9-4174-bca0-afed4139e03c, 3494faf6-e441-45e2-b482-b392e1bcf6f7, 6d658ad3-157f-42b6-8b8d-fb0461d06b79, e8ab098c-f017-4323-9233-004a0781c946, c3fde7b3-0e88-4bfb-ba02-aeecf5d774ae, d27db1e4-e90b-40f3-8be9-5b1c6086c52a, 23acbbe8-30b8-4c4a-ba8b-88782e651380, f1fa6215-b33c-4334-9772-90e1329a08b8, 882e7c95-935a-4eab-9ece-f85f5f7d0f4e, 9acbe488-227c-4bb1-b483-cd81afa5c2b3, 6a83890a-d9e9-4f6b-a6c6-90d031785bbf, b2054f9e-bb27-4fd0-975a-9039be044ea8, 900d36c0-3e25-4034-8d0d-f1fdd0ac0e3e, 91fa0cd6-743f-4fad-951a-ad597b96b126, bd16efee-c21b-4a28-aab6-0d374729fbbc, 134b53d3-8419-4a7d-8ecf-035b0ab34c69, 2de967f7-b28c-45ef-a21f-76c9926ea116, 4635445a-ce0a-4d7d-8f95-44bb84e7615b, e3cdb277-ad80-4025-b5de-cd98cc67d23d, dfa77013-6a8a-4d17-b21c-75f8d3bb28c8, 99024585-0a13-4374-860d-112e7debfa29, f922b749-e054-4572-b20a-e2d04a7bc75d, 36bd9d02-c6a4-4fd1-b0ff-d49299e5e42d, d56f9f13-5597-4329-abbc-30c3eb889409, 1aecc450-8397-46fd-a049-21ee89af9dcf, 09092757-a6a5-49e6-b2b4-a59856c6ea81, f3fb309e-b930-4e7f-80e0-33499493d9e2, 37613ff0-fb5d-46f6-9c2c-ed822582710b, 41a5ceb6-c603-44d2-af37-bc159ed58fa6, 87fb41f6-d486-4ac8-ae90-ce9e380e63c5, 553fada2-1c79-48f2-9010-f5c751b63bb1, 100ff71c-da18-4182-9672-369324a71bb5, e57cc467-d8c7-4981-b095-8b8a09cf1bf2, 9402708f-f9cc-4f21-8212-1af3e8e46380, a497af46-072c-42f3-b21c-ae63d9eeb42f, c17efe9d-9167-45bc-bd5d-7a7a7700bf30, 979cc774-3738-45e4-b208-b5e1f13623f2, 5bd87b4b-967a-4f44-8d7d-8dd415925c60, 17845b80-b527-4bfe-8d6c-5c399d258152, 112d077a-c8f3-408e-866f-fd58f8601831, e384ec29-136e-4241-9321-49b367b8cbd5, 224d8516-f349-4d8a-9e73-e3ca1c47a992, 13ec5dd3-0dd9-4567-b8cf-579aa8ad579e, 9e49825f-6567-4ede-90d5-46a1af9a127f, 8ce81c16-71ad-4eb4-88dc-d6a85c49dbff, db6f552a-f2e7-426e-869c-65aa51f8cced, e22473a3-7a8a-46cb-8c86-1bda7a5c70de, bd4e7054-4043-4acf-9a49-7d883152189d, 534e3108-748c-43cf-99c4-786e0a2690f3, 0819b74d-b28a-4702-90a2-9d205dd9fc5e, 564f0976-781b-44e7-96c8-7377097d0101, ba7678a2-9b22-472b-8422-b6fb921fc672, bd33817d-1396-4dae-b400-66edb5576f2a, efdf0516-7249-4c38-a85f-bc4cd359162f, 3fa67dd0-145a-47b9-a44a-169b96a58c88, 85beb942-01d5-44ce-a5aa-296139c73667, 57829839-9caf-4fcf-b557-271dd0dbc7a8, a5079540-8809-4ae4-9ea1-2871500fea2e, ec321946-49bd-4031-b628-0406d14a64cc, ff3e8c61-d72a-42bf-a84a-ecf5409468dd, b572f38f-9b7b-4259-8b10-9928b77b36ed, edef47a9-e0db-426c-ac6c-62167a6321dd, fa571e66-a5b4-448f-905f-59e398a673b5, c63351ff-4cfe-4436-82a8-c652fe2d9070, 215be6b6-4115-4efd-a391-613abdd28fd4, 2c1e7356-9421-42e3-8880-831916c6c738, 2da18074-bcd3-4d18-8a1d-945ee7033d1a, 07b5ae90-4161-4463-945e-41a48fdced21","1656896015859, 1656943202901, 1656943936199, 1657208253467, 1657224005522, 1657359233419, 1657361275054, 1657364927999, 1657376588780, 1657388783488, 1657389855276, 1657492378839, 1657495962658, 1657497329531, 1657498010786, 1657561183179, 1657581350073, 1657636526084, 1657636629208, 1657637401762, 1657714534036, 1657728607135, 1657755269600, 1657757081664, 1657759046957, 1657828668895, 1657830409543, 1657888857009, 1657901967851, 1657902099651, 1657922841547, 1657925675476, 1658053225305, 1658054253710, 1658055055719, 1658182020415, 1658258460360, 1658271532976, 1658273895264, 1658274041697, 1658339476122, 1658397567516, 1658397723811, 1658451457644, 1658482444746, 1658485127987, 1658529276818, 1658762143980, 1658774952553, 1658776113109, 1658797341615, 1658839962128, 1658840510968, 1658845254985, 1658853785393, 1658855974138, 1658917078900, 1658933765494, 1659035640059, 1659035808532, 1659036274530, 1659037176583, 1659038392756, 1659040756049, 1659112749912, 1659113012655, 1659113296943, 1659199192787, 1659202984069, 1659212874449, 1659222141382, 1659270875099, 1659297618203, 1659350986837, 1659372598146, 1659373531865, 1659376075272, 1659376389876, 1659441204625, 1659441826913, 1659441917632, 1659449628874, 1659449778878, 1659450743071, 1659453459895, 1659459801079, 1659459965989, 1659467367433, 1659490492370, 1659492010032, 1659492965034, 1659530852638, 1659543910939, 1659544382299, 1659552345351, 1659606518236, 1659607173914, 1659622165227, 1659676212830, 1659790663799, 1659790747318, 1659790884113, 1659873777181, 1659894761351, 1659894905465, 1659895855869, 1659895953669, 1659896726988, 1659911224367, 1659979315711, 1659994929283, 1660001032434, 1660056840153, 1660076372357, 1660088601937, 1660089529375, 1660145831725, 1660154973339, 1660176935814, 1660222894177, 1660239123888, 1660260330509, 1660300588207, 1660302206511, 1660307334548, 1660307375613, 1660340445649, 1660437181380, 1660437395502, 1660437630297, 1660478898530, 1660509051216","0, 0, 0, 0, 0, 0, 0, 0, 0, 0, 0, 0, 0, 0, 0, 0, 0, 38, 176, 0, 0, 0, 0, 0, 0, 0, 0, 0, 0, 0, 0, 0, 0, 0, 0, 0, 0, 0, 0, 0, 0, 0, 0, 0, 0, 0, 0, 0, 3, 0, 0, 0, 0, 0, 0, 0, 0, 0, 0, 0, 0, 0, 0, 0, 0, 0, 0, 0, 0, 0, 0, 0, 0, 0, 0, 0, 0, 0, 0, 0, 0, 0, 14, 0, 0, 0, 0, 0, 0, 0, 19, 0, 0, 0, 0, 0, 0, 0, 0, 0, 36, 4, 0, 0, 0, 0, 0, 0, 0, 0, 0, 0, 0, 0, 0, 0, 0, 0, 0, 0, 0, 0, 0, 7, 0, 0, 0, 0, 0, 0, 0, 0","40000, 40000, 40000, 41486, 40000, 80000, 40000, 40000, 40000, 40000, 40000, 40000, 40000, 55669, 40000, 40000, 40000, 98162, 437524, 21986, 30009, 40000, 40000, 40000, 40000, 40000, 40000, 40000, 40000, 40000, 40000, 40000, 40000, 40000, 60000, 50253, 40000, 40000, 40000, 40000, 20007, 40000, 40000, 40000, 42701, 55633, 40000, 26039, 10000, 50000, 10000, 40000, 40000, 40000, 40000, 42425, 40000, 40000, 40000, 40000, 40000, 40000, 26531, 5076, 10583, 25487, 40000, 49860, 50000, 31753, 40000, 40000, 40000, 40000, 30000, 52847, 40000, 50000, 40000, 40000, 40000, 47470, 30000, 33104, 11739, 40000, 40000, 40000, 40000, 40000, 48494, 40000, 40000, 40000, 30004, 40000, 40000, 40000, 114632, 20000, 89509, 10000, 40000, 37426, 40000, 40000, 45660, 10000, 40000, 40000, 40000, 40000, 14482, 22011, 40000, 55723, 30000, 33579, 40000, 45587, 15970, 40000, 40000, 23578, 29010, 40000, 51098, 40000, 40000, 49169, 40000, 37117","12.5, 12.5, 12.5, 12.5, 12.5, 12.5, 12.5, 12.5, 12.5, 12.5, 12.5, 12.5, 12.5, 12.5, 12.5, 12.5, 12.5, 52.39, 76.09, 12.5, 12.5, 12.5, 12.5, 12.5, 12.5, 12.5, 12.5, 12.5, 12.5, 12.5, 12.5, 12.5, 12.5, 12.5, 12.5, 12.5, 12.5, 12.5, 12.5, 12.5, 12.5, 12.5, 12.5, 12.5, 12.5, 12.5, 12.5, 12.5, 9.28, 12.5, 12.5, 12.5, 12.5, 12.5, 12.5, 12.5, 12.5, 12.5, 12.5, 12.5, 12.5, 12.5, 12.5, 12.5, 12.5, 12.5, 12.5, 12.5, 56.25, 12.5, 12.5, 12.5, 12.5, 12.5, 12.5, 12.5, 12.5, 12.5, 12.5, 12.5, 12.5, 12.5, 39.53, 12.5, 12.5, 12.5, 12.5, 12.5, 12.5, 12.5, 38.56, 12.5, 12.5, 12.5, 12.5, 12.5, 12.5, 12.5, 12.5, 12.5, 91.17, 19.16, 12.5, 12.5, 12.5, 12.5, 12.5, 12.5, 12.5, 12.5, 12.5, 12.5, 12.5, 12.5, 12.5, 12.5, 100.0, 12.5, 12.5, 12.5, 12.5, 12.5, 12.5, 17.76, 12.5, 12.5, 12.5, 12.5, 12.5, 12.5, 12.5, 12.5","1, 1, 1, 1, 1, 2, 1, 1, 1, 1, 1, 1, 1, 1, 1, 1, 1, 1, 1, 1, 1, 1, 1, 1, 1, 1, 1, 1, 1, 1, 1, 1, 1, 1, 1, 1, 1, 1, 1, 1, 1, 1, 1, 1, 1, 1, 1, 1, 1, 1, 1, 1, 1, 1, 1, 1, 1, 1, 1, 1, 1, 1, 1, 1, 1, 1, 1, 1, 2, 1, 1, 1, 1, 1, 1, 1, 1, 1, 1, 1, 1, 1, 1, 1, 1, 1, 1, 1, 1, 1, 1, 1, 1, 1, 1, 1, 1, 1, 2, 1, 1, 1, 1, 1, 1, 1, 1, 1, 1, 1, 1, 1, 1, 1, 1, 1, 1, 1, 1, 1, 1, 1, 1, 1, 1, 1, 1, 1, 1, 1, 1, 1","1656896015859, 1656943202901, 1656943936199, 1657208253467, 1657224005522, 1657359233419, 1657361275054, 1657364927999, 1657376588780, 1657388783488, 1657389855276, 1657492378839, 1657495962658, 1657497329531, 1657498010786, 1657561183179, 1657581350073, 1657636526084, 1657636629208, 1657637401762, 1657714534036, 1657728607135, 1657755269600, 1657757081664, 1657759046957, 1657828668895, 1657830409543, 1657888857009, 1657901967851, 1657902099651, 1657922841547, 1657925675476, 1658053225305, 1658054253710, 1658055055719, 1658182020415, 1658258460360, 1658271532976, 1658273895264, 1658274041697, 1658339476122, 1658397567516, 1658397723811, 1658451457644, 1658482444746, 1658485127987, 1658529276818, 1658762143980, 1658774952553, 1658776113109, 1658797341615, 1658839962128, 1658840510968, 1658845254985, 1658853785393, 1658855974138, 1658917078900, 1658933765494, 1659035640059, 1659035808532, 1659036274530, 1659037176583, 1659038392756, 1659040756049, 1659112749912, 1659113012655, 1659113296943, 1659199192787, 1659202984069, 1659212874449, 1659222141382, 1659270875099, 1659297618203, 1659350986837, 1659372598146, 1659373531865, 1659376075272, 1659376389876, 1659441204625, 1659441826913, 1659441917632, 1659449628874, 1659449778878, 1659450743071, 1659453459895, 1659459801079, 1659459965989, 1659467367433, 1659490492370, 1659492010032, 1659492965034, 1659530852638, 1659543910939, 1659544382299, 1659552345351, 1659606518236, 1659607173914, 1659622165227, 1659676212830, 1659790663799, 1659790747318, 1659790884113, 1659873777181, 1659894761351, 1659894905465, 1659895855869, 1659895953669, 1659896726988, 1659911224367, 1659979315711, 1659994929283, 1660001032434, 1660056840153, 1660076372357, 1660088601937, 1660089529375, 1660145831725, 1660154973339, 1660176935814, 1660222894177, 1660239123888, 1660260330509, 1660300588207, 1660302206511, 1660307334548, 1660307375613, 1660340445649, 1660437181380, 1660437395502, 1660437630297, 1660478898530, 1660509051216"
4589471cd467e851acd141f52f6052439e3e366118670a8f2ac053909b81ebc9,Logged,17,"40908b83-0102-4e6c-9467-58dd76658be0, 279ccbff-f203-4c6d-aa48-83d97f085302, 461707f2-0460-420d-a77f-c09ebaf8354b, b3512dfc-e037-4399-a8aa-2380a32fd3ac, c997f3ea-3a38-49d4-bacb-6dbdf415bd74, 1d899325-ad3c-4287-804a-3d994492dad8, dda7ac72-2500-43de-b630-56c6e8e5a913, 9fedc28f-b68e-4bd7-b97e-778e1e8f6274, c44af7c6-88e9-4ce2-81d6-7b8adc4e085b, 6110a74b-265a-41b4-b40e-e9c94842006c, a1f30805-1fba-44e1-a915-0da0e55aef6d, 886317fa-cdaa-4d94-b108-d16ad1421678, 5077fee6-48b0-4522-911b-28fe97646e25, 11f2b953-a0e1-4acc-aeac-c2d769ac9c02, 1f32787b-de2b-49be-8c20-ddaeae34cc22, 449a5a71-e5c8-4ed1-a385-99286cc5a506, ab7e0db8-4d7b-4ffb-8c34-5eaf29661c0f","1660102935819, 1660103219750, 1660149502425, 1660166265781, 1660166738410, 1660167274927, 1660167759687, 1660231226829, 1660290309559, 1660317985409, 1660340809208, 1660355857203, 1660407863195, 1660408442654, 1660469270776, 1660469640728, 1660531195893","40, 43, 119, 59, 79, 92, 31, 4, 54, 35, 19, 1, 66, 8, 22, 59, 30","207672, 50952, 190000, 160000, 250000, 401247, 99669, 12104, 190000, 119795, 90000, 10335, 310000, 60000, 130000, 200000, 90000","62.08, 59.2, 42.39, 38.88, 51.96, 70.17, 33.79, 14.16, 42.1, 59.52, 31.25, 10.13, 73.99, 40.22, 45.06, 56.94, 27.02","1, 1, 2, 1, 1, 1, 1, 1, 2, 1, 2, 1, 1, 1, 1, 1, 1","1660102935819, 1660103219750, 1660149502425, 1660166265781, 1660166738410, 1660167274927, 1660167759687, 1660231226829, 1660290309559, 1660317985409, 1660340809208, 1660355857203, 1660407863195, 1660408442654, 1660469270776, 1660469640728, 1660531195893"
a4513b27f3783c42d037443a36d6b509bfd47247423e46336645449cec964786,Non-Logged,15,"01c59ff6-fb82-4258-918f-2910cb2d4c52, d056f2f0-e8d5-484b-a794-ea21d66dd87f, 0f3a10bc-914a-4486-bf2a-79ec4b8c6d5c, a94d67f4-0448-447f-b71b-c4c795205ef1, de92caeb-e179-48f1-8dc3-cf3532990bbb, 0a86101f-a32a-41e5-9174-01540e31aefa, 58f350e5-cf09-4958-9703-84c0e56468ea, d07136d2-1d08-456e-8a1b-17fa11ff239d, 8b1d152e-4dfd-4597-9d7b-3af78cf592a4, 7b614535-8c28-414d-9120-42372675b0a8, 59c3edee-d057-453a-8a68-d025cc5abf51, 1a6bab01-6e7b-4dca-9d8f-16b210bceb89, 2a6d85db-5d21-4958-af4d-42dcaab01dae, aecefcfe-15f2-4d3d-883f-3d16aca6bf58, 01b6dab8-e07a-473f-b789-a2bb201fb835","1657193056264, 1657193791557, 1657193853575, 1658450805811, 1658704864986, 1658705247798, 1658713090351, 1658713134952, 1659371570511, 1659658469264, 1659723192674, 1659758844993, 1659759033226, 1659759126868, 1660449287635","18, 6, 4, 16, 0, 13, 3, 7, 23, 50, 1, 19, 50, 2, 13","100000, 42856, 25599, 50000, 10000, 33789, 23405, 20000, 90000, 220000, 10022, 100000, 102461, 10000, 40000","42.57, 32.86, 34.97, 44.73, 6.67, 14.57, 30.57, 12.93, 29.48, 89.63, 46.12, 63.66, 50.52, 23.62, 31.71","1, 1, 1, 1, 1, 1, 1, 1, 1, 1, 1, 1, 1, 1, 1","1657193056264, 1657193791557, 1657193853575, 1658450805811, 1658704864986, 1658705247798, 1658713090351, 1658713134952, 1659371570511, 1659658469264, 1659723192674, 1659758844993, 1659759033226, 1659759126868, 1660449287635"
e1cae5d984b316d35379defdf700c7ebf2b5b5313850c469c78053a630ab0a84,Logged,3,"fdb5b981-ea7c-469f-8a49-eac498f2c0ff, 738ccd29-e240-4654-9aab-ad7818480c18, c1c08b3d-69ac-44bb-8d17-8e914e2c227b","1657716474224, 1657716654776, 1659666823854","201, 22, 19","221632, 10000, 29248","74.76, 35.81, 58.51","2, 1, 1","1657716474224, 1657716654776, 1659666823854"
36df9dd1869b4e2c9e445e0e40fe4acee68dd622a251cdd15765898cceea598b,Logged,31,"7b65851b-2ab2-4c6f-a112-19ec1219d201, aad4c0a0-a265-490d-8ba6-8fddad69fe66, fdca184d-0ed2-4508-bd1f-9e447144e41c, e1c14cdf-8a07-468d-bb5d-ea62a2897f3f, 5b1cb0ce-8056-4dec-a64d-623068958061, 50028008-aa11-4519-9d75-452c84dd27fb, 0eff0f00-2a75-4620-b742-c8890e5e09b8, d4303151-c778-461b-8207-2e443db4b255, e3d821f2-fa77-4121-925f-9200f8c9d780, 0981aa5a-7687-4aec-bcf7-6868ea563935, 40a1e4f4-6daa-45f9-8c26-79fc9bf04bf3, 5bf8b3a3-3916-40ca-8672-a9f3df311825, c85cb6f6-60e1-4a94-8f8f-6b436bb1d77c, 4d89c4b6-6827-4935-9ba1-0502025af270, b53f9669-86cc-49bb-b693-d3e9c534ad0a, 30a03e2f-327f-42b2-babf-fbc8e9a208fd, 84370c66-c085-400b-9db1-316c14101ac9, 696c06e7-a338-4cf5-b9c3-ea8b9e775a94, 5d8678c3-9666-4000-b2b9-179ec636ee03, d303158c-8b2c-45de-ad18-2fdf67d06397, 955553d5-ebb6-4647-8c90-04ca93af4f50, f6b5d170-48b9-4f8e-88d4-c84b6668f3bd, 7f0fd000-39ef-42ff-a6e2-51e300a863e9, b24c423b-34a4-4bab-bf97-8ef86ff74603, f3e4630d-2b67-48d1-80f8-b222d2064adb, 3211b1db-98b2-47f1-b641-8dedfc38f654, 4e73dd4e-0e2b-4a11-8f5b-658619b08027, 127dc467-cdde-4738-aa8c-e18ab0e3e81c, fc8f3fa3-c097-4a9a-9895-8ef9f3ab0cce, 558be581-6649-4d33-95f9-841facd1886e, 33665e50-19fc-469a-bf47-9ba0fa06de20","1656753469645, 1656873619143, 1657708196249, 1657708250032, 1657824241993, 1657824346561, 1657919977408, 1657997537824, 1658049418218, 1658320548130, 1658335101974, 1658340654409, 1658397976374, 1658858116295, 1658863566523, 1659091977279, 1659400634042, 1659468639498, 1659550983163, 1659720954982, 1659785362164, 1659785434126, 1659791534730, 1659947704084, 1659950345592, 1660003512886, 1660077907688, 1660117405920, 1660329649595, 1660331181321, 1660390149615","23, 0, 0, 3, 1, 0, 0, 2, 0, 2, 2, 0, 3, 1, 1, 0, 1, 1, 0, 1, 0, 1, 1, 0, 0, 1, 1, 0, 3, 0, 1","76365, 98807, 45127, 120000, 50000, 156794, 30000, 65706, 96413, 177358, 150000, 20000, 270000, 57637, 50000, 165629, 90000, 45257, 37907, 90000, 43989, 200000, 64162, 110000, 71185, 90000, 175761, 68367, 160000, 10000, 73623","38.5, 54.32, 63.15, 51.05, 90.91, 81.05, 20.01, 72.52, 51.64, 66.05, 69.25, 63.79, 59.17, 64.45, 11.76, 72.19, 55.13, 72.54, 64.46, 51.74, 37.69, 69.18, 60.06, 56.84, 63.66, 54.74, 84.04, 53.71, 48.59, 28.75, 31.13","1, 1, 1, 1, 1, 1, 1, 1, 1, 1, 1, 1, 2, 1, 1, 1, 1, 1, 1, 1, 1, 1, 1, 1, 1, 1, 1, 1, 1, 1, 1","1656753469645, 1656873619143, 1657708196249, 1657708250032, 1657824241993, 1657824346561, 1657919977408, 1657997537824, 1658049418218, 1658320548130, 1658335101974, 1658340654409, 1658397976374, 1658858116295, 1658863566523, 1659091977279, 1659400634042, 1659468639498, 1659550983163, 1659720954982, 1659785362164, 1659785434126, 1659791534730, 1659947704084, 1659950345592, 1660003512886, 1660077907688, 1660117405920, 1660329649595, 1660331181321, 1660390149615"
ebc6b583b2dbb733430d695529024f8a5f83111a3426fafbeb2f64e7c35e32cc,Non-Logged,310,"b6bf5826-c2ec-4b9c-84e9-2bad915d1b32, 1c4dd193-af76-4d6e-ada2-ef9e6979b6be, 1f0fd9b2-4605-4ea3-a7a4-becf87e5d00e, 80753b6f-d65c-4962-9f2e-ef582cce0de0, 461707f2-0460-420d-a77f-c09ebaf8354b, 109adb08-8ff3-408b-b828-e16b51788202, ce52b7cb-4bac-41ec-8218-42bcd0574642, 99f4a710-c0c3-463e-909f-2a1665c7f6c7, ff5a0a24-fde9-42a4-b472-a4984b76ee14, 2d0f9b5c-b7ec-46a6-8a80-6b054470e9df, b218e4f2-8905-4dc8-8247-ad6dc520c5a3, dbd2bb7f-2fd8-47dc-85b8-4481731a3f46, 7b65851b-2ab2-4c6f-a112-19ec1219d201, a22fa1cd-f11e-426e-bd09-57781b82f6e7, 93a1a7e8-0705-401b-bced-a7d089825e5a, 54fd8bf0-d4f2-42f8-89c6-a6d49245954f, e48c17c7-953d-438b-8d73-505e51618d91, 8dbab4f7-06d4-447b-996f-b253f35160b0, abf9b042-1205-465b-b24f-e3cc3907db83, 1f2b9c2f-a2d2-4192-b009-09065da8ec23, 67dba0cd-26d8-436b-af84-88032afec923, edf58114-c7ab-4675-8af0-a74074f0f865, 822bb4d5-1e18-4975-90b4-e2d62479b908, c985fb91-4f32-4944-92a7-b8088933fcf1, d57eb581-2a59-40d8-a0c0-972d96276025, cec2440c-9a2e-4fe1-8d33-89b118c7d9f8, febe2095-c935-4b8f-a70a-c87eaf77e212, 4899337d-3f6b-4565-a45f-efb4ba473b80, c34bc409-bdbc-4d58-875c-16d9ab4cd209, 85173c40-3702-4785-9d32-b6e7e0913f62, 598ed114-fd5a-4d82-90d8-f1e893cb0892, a65bc48a-6c2f-4abe-a8bd-593d7e389a15, e0a53df7-08aa-4a63-817a-07c6b855e999, 5e0e0692-d30c-4fa2-8da8-3fd00a39290f, 29b6b142-4173-4ec4-832f-7d0a32255c10, 239430d1-9a03-4b7e-a928-2362102ab641, 68bc8994-ebef-4e48-8478-e7fe1619ae58, 886317fa-cdaa-4d94-b108-d16ad1421678, 65ec130b-e557-4075-be1d-ab0c967b643c, 44e28e7b-08db-4a81-9ca3-a4140ca332ed, c6ef110d-7837-47f2-84f6-cfea4da5e328, 2008f497-c05f-49e0-88dd-86aa1e395f15, 1f32787b-de2b-49be-8c20-ddaeae34cc22, b7f30490-0b67-4ccc-b032-1eeeb179b464, 37af94ac-26dc-4660-81c0-b54e7c0c3d65, d4623930-ae85-4058-aa4b-867696479d9a, 450d6500-b3bf-4217-a869-7303a818e226, 039c15ab-66e6-4195-a679-ca63a6251023, 7737756d-9c31-4e57-8709-917ec7d60904, b67f0a4e-f3f9-44d8-9f37-ba0da4b97f65, 58ef692e-0974-471c-ad6d-8793f28bc948, ad983a90-1972-4374-8562-a28a4cd5792a, 5dff8fb2-73e6-4c22-a34f-c367aa2677df, dbe09f7e-cd48-434b-b526-5c79628b64c3, bf257382-74fb-4392-ad6a-143240e39f81, f693c419-09da-4004-beb4-ac6390d6bb45, 0d2e99c0-0144-42fe-822b-81cfba0e88a3, 102383c9-7485-49d7-a872-a80d2b03d65e, 2db1a14c-afb7-435b-9cc7-3d85d5aecd09, c6142cff-2cc0-4cf0-86d7-ae74be6baace, 17d4177d-eb44-4693-b453-4ecc3a6b47a4, cca0a1c2-3e83-439c-bab8-a3bf7782572a, 83cf1546-5235-491f-ae0c-90949a2ab3c2, 4d16a079-ca73-4bb6-b6ce-872bdddf1aa4, 001b9bec-b1e2-4df2-9c43-8135627ce4c1, 5b68d910-8e4a-4fa5-8fae-65c841282e94, 914fe264-109c-4d4d-8f18-052785666a24, 12453135-d38a-4aa4-a51e-41a62f05bf7b, f0a78e58-ec7e-494c-9462-fbd6446a9a89, be27248d-bf76-4373-91a2-f62b612d9916, 99d635f6-b0fe-4c18-85c9-d6ea881993e9, 5c092377-3cb7-42e4-b327-7aa46c8cb05c, 2ff4ae6e-db29-40d1-9f41-542a9042f74e, 8f2e63d8-09dd-4dc5-bd03-ce91dc725bb6, 4e9c2825-ff13-41ca-8e91-edd848060d19, 53e595e7-c7ed-4589-8ac3-4e29b39c1feb, d6d7696e-9bd3-4cb4-9cbd-9e58b9656bd4, 3148473f-bd3c-45c6-a2f6-83e667025005, 8ba6c3ca-5e42-4cc0-8f8c-6da09532d67a, 6f24ab1a-0b23-438a-ba50-ce1d063918d6, 7fcf82cf-6a19-4e1f-a054-d5356546bf31, 7b056bf6-c232-46bd-8903-59145ff7ce46, 0f08a972-e565-4976-8439-a909e056a363, b6bdf42c-e375-4e32-b02d-00da4e09c7f1, 86511ed1-8777-4811-824a-a174ba861fb6, cd814be6-88f9-4b26-8eaa-c9cce68afd3d, 7228222b-463d-496b-b3fe-dd58c8c74f7e, 175e4066-30b4-4fd0-8007-d0b440d430f6, fbffe526-e94a-408f-a19b-7510f3d56016, 62c033c2-103d-4c76-8dbf-19c1cc869ddf, 69b7551f-431d-4d75-8685-07ae2626f2ac, 8956c97a-6d85-4d4b-a6f7-6d42c6be97cc, 30a03e2f-327f-42b2-babf-fbc8e9a208fd, 6b87f422-3b1e-4e7d-a170-c72c80ab9380, e7c87812-96f0-456b-a0f3-2b8a3d17d30a, 78154e46-5198-47ef-859d-42d75fc357ca, d3302868-9c63-4712-9cf0-adfcaad19187, 4a108326-b19d-42ce-94f6-807abf6e4679, 74852e7d-70f7-4a3e-b795-ec6bc6d94a3a, a71dd79e-1ab6-4379-ac74-a11e2366b25d, d6341ffd-f0ed-4a4a-9e3f-8e51f0f2a8ca, 9220d7b6-6427-4d22-a558-a36009b9fe76, e941949f-2b52-49c9-b187-dcec6ec10119, ebc00bed-3e2e-45d3-8a9b-0ce430f30d0f, 87f0a6b2-5802-408a-b1bf-995db15e7c2b, 92323832-4b6d-4583-a0df-141c7b1d59fa, a0aba7f4-5e1f-4f92-8239-10575ffa9957, 95cffcd5-d2d1-40ee-a038-17c10032f809, c462563f-5640-4f06-8696-486a14886388, d8ab72b2-7618-48b6-839f-e80cecbba5ff, 3936f6c7-3f6c-4205-8cda-3178160b6cd4, 47d56d4a-0e5a-4213-b52c-f5131d630ec0, a1df6cda-af2a-4905-8825-b89b0001e878, 27453ffd-5354-440a-a6b1-0b56eb6b6821, ec7dbae8-2ef3-4fa0-8b70-22b425f09f5f, d9cfa482-5a79-4ecd-b7e7-8448d4a1ddc9, d6b4d7b3-1721-4721-aa00-29fc7b97a567, 900d36c0-3e25-4034-8d0d-f1fdd0ac0e3e, f38122bf-7ff9-490d-bd0d-f0c95fe4e2d1, 931e59ae-ecfa-4522-890c-96c3bc32aeff, f4b9eb2c-5b14-4bea-8281-231355e612e7, 56b83b31-ea22-4d55-a66d-79c6205d4374, 2de36771-38b8-4e2c-a2b7-d00590dd9009, 802bdc8e-2928-48dc-9905-02e99131b5b1, b409ed83-ff16-47a9-a210-787185de0086, e2e43ebd-3967-403f-8462-321b4f66d65d, 71c12af3-16e6-4fbe-8128-4b46c86d6b4e, 49b790ed-8512-4649-965a-057773c50997, ff7f549b-c5d3-482a-a0d5-40db4517eff6, c5add9b6-892e-4a9f-9344-773daae74ae7, 17ddfbb9-0f74-4d7b-b5da-9e279c593a52, ec0fb94b-c711-4931-93c3-82bdf13d7abb, 2b9522ab-3f45-4dd2-8ef0-f7b8566c0320, e865923b-67a1-4b13-9c05-5fdf7e83fd6d, a4c6c4ba-0143-47a3-832f-3f6cc1235cc8, 0baa8cd7-1eef-4960-aeb4-4128e58efba3, 5d8388f3-736d-451b-a794-d826453e12e1, b6428a17-8b1a-47a7-9a91-65ddfe59f712, ea3b1e84-69a9-461a-92b4-8206903def33, d973bcc5-eb9d-4c11-8017-c88828858da4, 3e54b313-2fde-4180-9948-74e889dd9430, 0305a46a-fe62-4666-9742-f5fe5db890ab, 1d9920c9-5f3a-461f-9aed-a5b212fd2a2e, cc766b1f-ef8d-4643-beab-37634ddf8249, 69907600-692e-476c-9798-af05a4c0a76a, b954a1b6-d613-4012-8bb5-d60ffb9e94e6, 03b2975b-7493-462b-a851-711ce6beb6c0, ad4b88a5-3018-4770-93dc-ce4c0f530fca, 11055e00-6ed9-46c9-9795-392ab21c61ef, 4c25816f-05bf-47b4-9a0d-d761f0d26a92, 172c1f0d-5e4d-4a8d-b777-fabe83d6fccd, 43cc5638-6dda-4f23-be83-647bac748e70, 2d1c1a7f-a16a-4cce-b40a-548943139adb, 13f2cc37-f575-44d5-b33f-045d0b0a912b, 28ba4659-b647-4ad2-a2d0-de1c0232ee31, 2e1bc3e0-a3fe-4a02-9ee1-5b75f232bdba, e23c24e7-321c-4af2-8e21-e4eb32d93873, 7a7f2a17-f909-47a2-ac3b-ba786c01bcfe, 20cdbc1c-6a7a-49a5-8ea1-1902008fcb00, eb8efdd6-df18-4409-b0c6-8dc066d4f504, 3faece3c-a834-4789-bdb7-9652bb29d1b6, 4700f517-5c5d-483c-81b7-d77aca04991c, 1abb3071-3f5e-44f1-a070-0f381628a594, 96aebf6e-817d-4a3d-9e21-f5357ecebab0, c4dbbbc7-9b1c-45be-8589-8be0ae5edc33, dbdd9ec5-73fa-4e1e-b0dc-7e1930274260, 3a479d90-5041-41f4-ab6f-c406360a3843, bd1bc41b-79a2-4b09-9ca1-b1e26805810c, f6b5d170-48b9-4f8e-88d4-c84b6668f3bd, f4ebf1c7-18c4-4e53-b2ae-c86ad1af3499, 68c7a94f-7b14-4e3a-b320-a59560935549, c4a26728-d72b-454c-821d-0f22d2307a4b, 91cb8050-16a3-493e-b1da-da3227770040, 3b1be2b3-8b19-4bb1-a516-a18d0877fa47, 526db043-28a3-4de5-8b1c-e031b7964684, 5ff06450-cfa0-4e6f-ba87-ca6f412c9b44, 12c44ec3-3624-4c0d-990d-27c38e7a5848, eba80def-f516-4e77-b812-0173f7a2eb77, 81621199-1552-4e83-a823-510d35523897, ad42c4b0-dfb5-49fb-87bf-7b5d055b6e8e, a9c454c8-9493-4622-a499-43d20c525f81, 78000f1d-fff5-4923-b3e5-4e703a91b884, 06294fd4-5d1e-498f-9a46-b0631ebcb60e, 71b01665-e9fb-405b-9aaf-cf58f5b04942, 2624ff77-4122-434d-a0f4-4685994cd325, e57cc467-d8c7-4981-b095-8b8a09cf1bf2, 6452fa85-14ed-42cf-a9ea-625e1b4204b1, b452bdf0-e8ee-4cab-9b71-cf46e4aaf4d5, 7ccdee1e-c91a-4c93-8bca-d671cab1ee1c, ffeea3a6-d969-4a9a-baf0-101da68da3f9, 5dcb8053-7b68-4d68-8364-e31738c3468d, 7a01fdb1-c5c0-4833-a252-8593f91eed3d, 46726d44-b83a-4f34-bb8b-738f4205af48, 0f9a56fe-46e2-4d89-add6-4796b86d83dc, c051edc0-c167-4d1c-8a62-620320f07cbc, 99046129-d852-445c-9e6e-e140ec99b5e6, dccce65b-8982-46e1-afcb-01db956e2cd6, b5d2b77c-c780-4f35-abe6-9dad5fb55a4d, 1c14716e-9c60-4d42-87ab-f11e6697c97f, 8be03387-6c44-43cc-93ad-65824af9c22a, b0803304-62b4-4428-a333-e9bf623c8a98, 01988764-8fb0-479c-b526-ad4f5bb91a5d, 7c8ffca7-0471-4a0c-b246-ba25e04e11c2, fdbec004-7310-4971-8b28-852c0ce460cf, e027a690-8b21-4080-b47e-5ffa5ba3ec94, 5f2f1833-d203-486a-ac56-665fc3767018, 88873d22-734a-4038-bc56-3e3179ed744e, 3b67fab5-8b0d-4619-8d57-7b21aa07b0cc, 1321a7ad-20a7-4690-ab79-f8de41483008, 38dc178a-4ddd-401f-afc6-7b0f93637811, 35b75714-6aed-44bf-9a87-1d8054d5be98, e384ec29-136e-4241-9321-49b367b8cbd5, e8e6fd2f-86e8-47f8-b132-e196dc9e3b2f, 224d8516-f349-4d8a-9e73-e3ca1c47a992, 41e3d792-aa97-4098-9649-4221b2b79e54, 229628a2-f8e0-43ca-bac9-f14a161f9124, eafbc7e1-f154-46ef-a7f5-5cf4f75d7039, 919f29bf-d153-400c-a04a-4237f5adf116, e22473a3-7a8a-46cb-8c86-1bda7a5c70de, e6c79838-cec7-4a14-ad17-2c065e8836e2, 019e1db3-043e-4395-9514-935d5a1f52a3, 0e732efb-2e1b-46e6-8108-813531287e2c, a6ff3348-3fd4-4d3c-8ac2-44294877fe83, 8ce81c16-71ad-4eb4-88dc-d6a85c49dbff, bd4e7054-4043-4acf-9a49-7d883152189d, c5658cd7-3b32-42dd-9434-7e9f394d651a, 4d2fcf49-2e79-4381-8a46-3ad6c9921950, 564f0976-781b-44e7-96c8-7377097d0101, 727213de-82b8-41b6-9296-2c2ee095c001, 91266575-23d3-4ce6-91b1-5d0ad7c3936d, ebbefbe9-1027-4d45-a365-441e5c02b081, c37a0a8e-f664-4905-85a3-4e8785d5f3d5, 9385dbf2-3c15-4a39-94da-728d3b3436fa, df6cad06-1079-4749-b1f2-d0c42a63729e, 51d1f0cd-aae5-4940-a7bd-1737397dbf81, d12949d2-3dd2-4e99-adc9-1268dbf3afff, 6541fa0d-7198-4875-be09-ee824fc975d1, 4c586bb4-f71d-4b39-9df8-e38ac3f632a0, 7c247d9f-12cb-43eb-b30e-d4330cea1898, e6846c18-8ebd-48eb-a076-322974711472, ed3d9139-d31a-494c-8cfa-4ba5f94f6f35, 85abd254-c3f0-4876-94b5-6745aa54c653, dace931b-7029-4b94-8eb9-11de26ffde7d, b48b67f7-8842-4c3b-8c50-21de81e7c7cd, cd57090e-4d8f-40bd-acc7-f53844dd2414, 89e19170-9ad6-4a7d-afbf-1721b2fae186, 61e07f64-cddf-46f2-b50c-ea0a39c22050, a5079540-8809-4ae4-9ea1-2871500fea2e, fa571e66-a5b4-448f-905f-59e398a673b5, 6da4d5c0-7bd9-45d9-b201-867d833c7ddf, 20a5f3c8-c51f-4a04-8efc-b97f44a5b33d, 77c04c2b-6446-44d2-b76f-9b871a27a3e1, 8acbb126-a0c6-472f-b5c3-38f2c97bc397, 50f85bf5-c153-4611-bf35-2f781ae4e234, c3ab8c0a-c9a4-4211-a478-821766ef7fda, 9c1aa0e0-51ec-4f20-b5eb-ce749f1d43c3, ba216695-66da-43df-a94c-c107a1e90a93, eaa6f892-80c6-4f2b-92c5-d2009204e083, 8668a87e-6ec5-4069-8649-a08824bb3e14, 18791a88-6b7b-4b1a-b563-4c508e594a0d, 1c61d92c-9d97-4cd7-8af8-633d552cee4d, 44c1c60f-ae33-4350-a362-21fa3b26fb2c, 01b6dab8-e07a-473f-b789-a2bb201fb835, bdbf6235-f421-4700-a5a9-bba9a8b51b5b, 3dd4237c-a8f7-4b12-8898-616f02647ab2, 6057d6c5-47f5-48ae-8aef-7fc16aa74c66, 3b0b8c9f-f110-4150-8dad-1010dd6d832b, 0d7dbf6b-1abb-4aa1-a4d9-47d9c3429333, 3cd06f5f-a3bb-4589-a592-07a1c6121a99, 6144af8d-bd8e-415b-9cc6-b463c6de4bed, 6647ae32-6e1b-4730-bd96-d30e8dc9d147, 1019cd00-2ab0-4a3c-8693-e88b4ad99d2f, b572f38f-9b7b-4259-8b10-9928b77b36ed, 1152c8ea-eb0a-40d0-8b2e-2dd13eb476f2, 3a54bc78-a1f6-4a3c-a1f8-d541597eb6a0, e2f2e651-177b-4497-84cb-36de7166b0da, 58ab207f-78a0-4e03-81db-51df4a421755, d72cbdfa-e5fd-4564-806f-17f27e7560e8, 49e7835b-b2b9-49d2-b0f6-0ca7cc375643, f98bc031-3b06-4d47-bef7-5723c3e1404f, 4911b621-be8b-43d9-b1ce-7f34ec19517b, 24f3d2cd-87b5-49cf-8067-5b6a8b1be59c, 300db6ae-978a-46a3-b59b-00f054832837, 240d3a80-2c1d-4741-8f21-1471ff593092, 039eca3d-3894-4309-845c-ae42cfa599f1, d4efc426-0590-4ad3-b8c0-26deee7ffa08, 2ab5ed43-ddc1-4859-88b6-844bd5355a95, 855d20b7-53f2-4678-a10f-55402d085018, 037155f4-4db8-4f07-8d0a-3e559605b8ad, 7b433dde-4315-44b7-8b2f-488ff508bb4e, a9a4846a-819b-4d00-839d-48b11f52cd8a, e3f6e172-5893-4a65-abb5-4adfc2ae2685, 6732e0d3-f12f-4994-98ca-166292e4cba4, 3aa24b23-f415-47dc-ac66-e446c974fa06, 962d439b-3466-474b-ac97-1210d6c461d2, 90742b11-51f4-46f2-bf58-24ffeb9f605c, 1a3641be-fa6a-4d72-a5eb-9069686a88ee, ec195f2d-9d6e-4c33-a6f1-671036ffbf6a, fb65fc7b-907d-491f-9aba-7a30901ac1c5, a7c6cc70-c198-47e1-816f-9b9ebbc2856f, 3db31d95-bc82-478c-997a-b462aab61fcf, a03784f7-9505-47c3-bfee-6becc405ef0a, 492baed8-7bde-4953-ac9d-30888faed056, f56abcb5-b1cb-41dc-8476-9131584e6d12, 0dd9af9f-bcb0-43d8-9d88-b5d4cbc1514f, a93d9c56-f689-4b2f-ac87-fbc3774d357b, c041f6d7-df78-40ee-8832-6772a0db14bb, b13c6dc2-917e-479a-ae30-dfe6fc3ae0c5, 38578b5c-4509-49df-ad79-c62cc914e4a5, 8491c896-c81c-41b4-b47f-161f7ea53830","1656701636969, 1656701651941, 1656701920348, 1656710149023, 1656725336625, 1656759626745, 1656759652376, 1656761332816, 1656761898996, 1656856561653, 1656856567581, 1656857170796, 1656862706126, 1656863053729, 1656866824392, 1656882169006, 1656882336263, 1656882349810, 1656883542747, 1656883556430, 1656930823389, 1656931659586, 1656931740774, 1656931751053, 1656933722519, 1656933740453, 1656935023323, 1656937272936, 1656937631511, 1656946843387, 1656946932780, 1656956712763, 1656956855599, 1657040532258, 1657049845989, 1657050632161, 1657050709610, 1657103488086, 1657103494886, 1657103698928, 1657127891360, 1657135528914, 1657135532387, 1657139982341, 1657139987465, 1657193088014, 1657193970085, 1657193981919, 1657195771291, 1657200409393, 1657203930056, 1657204008447, 1657204057784, 1657204063310, 1657204069216, 1657219025240, 1657219496705, 1657223563450, 1657229644893, 1657229653591, 1657230981597, 1657276074121, 1657276080654, 1657276252280, 1657276760917, 1657277460551, 1657277465207, 1657280266324, 1657280432951, 1657299758190, 1657373498338, 1657458007563, 1657460152760, 1657460333245, 1657460660507, 1657460667826, 1657539484858, 1657542806256, 1657543621523, 1657568479250, 1657575013188, 1657626088874, 1657626114457, 1657636868946, 1657637618082, 1657709887454, 1657710025046, 1657715854021, 1657715947821, 1657715954962, 1657716591122, 1657734324324, 1657734442593, 1657798905426, 1657800469227, 1657805483777, 1657824665390, 1657889185691, 1657889693012, 1657890724151, 1657900129565, 1657900233380, 1657900805149, 1657902845319, 1657904734933, 1657913249967, 1657913396346, 1657989835118, 1658008053436, 1658008909488, 1658009020409, 1658009072451, 1658072104241, 1658073268888, 1658073309538, 1658087308730, 1658142315647, 1658146391882, 1658150879668, 1658152293454, 1658155501229, 1658169622908, 1658169651643, 1658169975245, 1658175600483, 1658175620125, 1658236636696, 1658242398529, 1658242639193, 1658251798322, 1658253883915, 1658258249012, 1658258772696, 1658314002483, 1658314191412, 1658314223162, 1658314725630, 1658323432429, 1658333078240, 1658335592813, 1658336591264, 1658337467743, 1658337473044, 1658337725440, 1658341891362, 1658345523389, 1658346315681, 1658407003031, 1658432238595, 1658433122232, 1658433553765, 1658433820644, 1658433988498, 1658434097791, 1658434111944, 1658435828859, 1658486748103, 1658486774755, 1658488039992, 1658488633450, 1658489090817, 1658493441959, 1658493669685, 1658504739486, 1658513530138, 1658517913301, 1658523400669, 1658526529241, 1658673626701, 1658674215552, 1658750039776, 1658750056826, 1658750651702, 1658750952820, 1658750967009, 1658751144248, 1658752150819, 1658752150997, 1658753243175, 1658758978265, 1658783897734, 1658784817991, 1658784940863, 1658785086687, 1658786110885, 1658786134119, 1658836846674, 1658837990994, 1658838511108, 1658851425696, 1658851471228, 1658851559039, 1658851754010, 1658851956790, 1658856946190, 1658860309455, 1658866596436, 1658866880054, 1658866929950, 1658866968565, 1658919121531, 1658919397615, 1658919548593, 1658929653439, 1658929663260, 1658930196568, 1658952866786, 1658952895975, 1658952898816, 1659007879426, 1659007973610, 1659010676790, 1659091323646, 1659091338058, 1659091345598, 1659091371590, 1659091615445, 1659093577972, 1659097531934, 1659100219933, 1659100291335, 1659104541273, 1659118194237, 1659126380194, 1659210202601, 1659210248890, 1659210257252, 1659275351032, 1659288099693, 1659351881641, 1659355287897, 1659375291485, 1659377827487, 1659438370917, 1659439443868, 1659449394610, 1659449559097, 1659452443362, 1659452660171, 1659466210106, 1659610155412, 1659611036210, 1659611040391, 1659611188452, 1659611193218, 1659611382577, 1659628655723, 1659628878621, 1659631575120, 1659632403028, 1659643744899, 1659645535782, 1659660174040, 1659698351620, 1659698508753, 1659698558007, 1659722048474, 1659743730671, 1659743867420, 1659792967361, 1659793022732, 1659884462073, 1659884469193, 1659956355647, 1659956364804, 1659956415687, 1660129208913, 1660136646935, 1660136874344, 1660155379397, 1660157091795, 1660159209662, 1660160396968, 1660218723464, 1660218729759, 1660218750059, 1660222291743, 1660222722071, 1660222864288, 1660226087074, 1660226174352, 1660226296835, 1660227200332, 1660228231312, 1660241218741, 1660242802179, 1660246477665, 1660246571986, 1660246984315, 1660303906790, 1660304723016, 1660311854584, 1660311860212, 1660312256503, 1660315157332, 1660315303997, 1660325329403, 1660393643989, 1660393653954, 1660396389524, 1660396400574, 1660396607227, 1660426343526, 1660426545936, 1660484541734, 1660486522584, 1660486643771, 1660492908481, 1660492950609, 1660493030503","4, 0, 0, 0, 2, 1, 0, 5, 1, 1, 0, 0, 1, 1, 0, 0, 1, 0, 0, 1, 2, 1, 2, 0, 1, 0, 0, 4, 3, 2, 1, 1, 2, 2, 1, 0, 1, 1, 0, 1, 0, 2, 0, 0, 1, 3, 0, 0, 0, 1, 0, 0, 0, 1, 0, 1, 0, 0, 0, 2, 0, 5, 0, 0, 0, 0, 1, 0, 0, 1, 2, 0, 0, 0, 0, 0, 1, 2, 0, 1, 0, 0, 0, 0, 3, 0, 1, 1, 0, 0, 0, 1, 3, 0, 2, 0, 1, 0, 0, 0, 4, 0, 0, 1, 1, 0, 0, 0, 0, 1, 1, 0, 1, 0, 0, 0, 1, 1, 2, 1, 0, 5, 2, 0, 1, 2, 0, 0, 2, 1, 1, 1, 1, 4, 0, 1, 1, 0, 1, 0, 1, 0, 0, 1, 1, 0, 1, 1, 1, 8, 0, 1, 1, 1, 0, 0, 3, 0, 0, 1, 1, 1, 3, 0, 4, 1, 1, 0, 1, 0, 6, 1, 4, 0, 0, 5, 0, 3, 2, 0, 1, 2, 1, 0, 1, 0, 0, 1, 0, 1, 0, 1, 0, 0, 1, 2, 0, 1, 1, 1, 0, 1, 1, 0, 1, 0, 0, 0, 0, 1, 2, 1, 2, 0, 0, 0, 0, 0, 1, 0, 1, 1, 1, 1, 0, 1, 0, 0, 0, 2, 1, 0, 0, 1, 1, 1, 3, 1, 0, 0, 0, 0, 1, 1, 0, 0, 1, 0, 1, 1, 0, 0, 1, 0, 1, 0, 1, 2, 0, 1, 0, 0, 0, 1, 1, 0, 2, 0, 0, 1, 0, 0, 0, 0, 0, 2, 1, 0, 2, 0, 4, 0, 0, 0, 1, 1, 0, 0, 1, 3, 1, 0, 1, 1, 0, 0, 1, 2, 0, 1, 1, 1, 0, 0, 1, 0, 1, 1, 0, 0","70151, 50858, 23097, 36368, 42719, 52749, 60000, 92720, 70271, 37867, 14883, 16591, 49297, 46568, 88690, 72140, 50000, 80083, 92966, 229826, 109713, 59942, 50000, 10000, 42535, 37193, 14933, 30000, 295880, 82193, 39089, 30000, 50439, 69043, 69182, 43964, 40321, 121509, 69073, 58652, 30000, 78423, 61663, 20000, 31406, 62011, 10000, 76217, 109228, 53869, 64222, 18340, 34624, 120054, 32545, 112035, 10643, 20733, 22254, 38589, 20000, 135803, 26147, 130000, 105923, 50390, 90634, 26819, 10000, 51055, 163561, 93420, 39485, 93497, 16199, 70000, 12494, 20000, 41702, 75639, 62788, 60000, 216142, 40000, 125257, 106380, 27261, 51778, 91012, 22360, 80000, 44371, 90637, 38662, 68870, 79128, 60000, 61702, 82488, 18160, 77906, 50000, 20181, 100000, 82370, 46419, 139210, 24493, 40830, 31752, 50699, 21379, 120149, 30000, 51763, 19190, 20000, 92742, 70530, 159405, 45203, 88667, 220799, 70000, 86559, 82566, 34791, 28415, 56849, 39115, 40000, 98957, 55522, 74492, 60071, 30000, 24319, 20846, 21637, 67548, 36607, 10000, 20000, 30000, 41999, 13132, 76433, 108429, 49882, 132592, 120000, 80000, 75880, 52327, 64226, 59390, 500000, 48072, 40000, 70011, 74660, 26051, 110000, 86242, 121645, 70383, 69090, 106089, 106459, 12770, 140000, 174839, 106901, 69874, 84476, 181089, 10536, 110000, 53387, 20000, 78069, 92548, 63348, 108860, 42828, 15188, 48352, 6532, 35684, 43212, 27775, 46177, 100000, 10000, 107739, 45441, 68825, 47909, 7954, 94348, 244180, 132324, 85336, 66351, 51317, 10001, 40608, 20000, 44997, 17412, 40000, 17779, 113415, 35840, 58904, 15948, 200469, 119878, 70475, 34219, 119107, 43900, 22182, 39485, 20913, 363142, 55052, 117229, 170089, 73499, 20845, 44688, 50000, 97486, 111062, 64797, 226664, 73168, 101296, 50000, 140000, 20745, 83164, 110000, 55270, 60000, 72395, 10000, 83781, 102398, 20000, 12751, 11036, 99430, 29933, 261769, 93317, 134770, 56552, 52049, 24779, 60000, 31854, 50058, 280000, 5896, 65050, 108090, 20000, 10000, 39574, 32642, 123497, 146785, 219954, 105429, 67717, 67873, 90000, 82679, 52756, 10396, 21639, 58836, 40144, 21561, 18952, 60851, 23978, 82314, 68340, 46862, 42618, 9614, 40000, 70000, 70832, 128732, 206923, 162252, 11964, 22514, 160861, 72356, 91645, 96345, 103993, 39119, 10436, 23738","41.67, 43.67, 36.71, 56.3, 38.87, 35.7, 54.97, 49.4, 64.09, 39.36, 11.06, 28.75, 25.0, 36.41, 45.12, 53.84, 42.15, 47.25, 47.59, 83.59, 39.28, 56.62, 55.77, 11.49, 46.96, 48.91, 32.49, 30.37, 83.49, 56.81, 36.59, 44.07, 29.66, 41.14, 60.45, 48.49, 35.17, 51.42, 46.6, 31.21, 27.35, 58.77, 49.8, 15.8, 40.19, 53.53, 8.11, 64.93, 57.83, 53.51, 55.41, 48.92, 60.64, 59.49, 49.53, 60.61, 29.24, 37.71, 54.43, 40.71, 48.32, 41.77, 50.36, 71.57, 59.85, 50.3, 44.34, 37.29, 16.16, 41.84, 67.07, 50.45, 45.13, 50.41, 38.19, 40.84, 28.17, 39.36, 42.91, 52.8, 53.52, 49.07, 77.77, 66.94, 68.3, 56.67, 51.62, 74.94, 55.31, 42.58, 31.62, 47.02, 46.41, 50.86, 66.3, 65.99, 58.38, 63.67, 49.57, 73.57, 32.03, 38.88, 22.37, 75.68, 52.11, 37.13, 79.8, 40.86, 42.61, 38.77, 43.48, 30.17, 60.98, 39.77, 46.34, 28.36, 22.49, 59.91, 48.46, 70.36, 44.91, 25.81, 71.59, 62.52, 50.14, 44.53, 70.15, 48.1, 39.72, 41.76, 53.7, 72.14, 66.74, 50.98, 55.96, 33.91, 39.28, 14.96, 38.14, 53.71, 43.2, 11.26, 22.19, 37.55, 42.11, 68.91, 52.52, 43.13, 43.98, 58.56, 61.64, 73.62, 36.57, 43.79, 41.35, 53.38, 81.88, 47.85, 57.42, 46.37, 44.86, 60.69, 44.25, 58.68, 44.76, 58.79, 47.85, 56.45, 51.9, 46.16, 59.51, 73.7, 50.05, 45.72, 46.27, 73.35, 33.06, 68.85, 36.41, 62.06, 43.11, 72.96, 49.43, 58.6, 45.85, 46.35, 65.35, 23.04, 34.83, 73.72, 75.43, 48.59, 49.3, 14.06, 64.93, 37.83, 69.14, 27.98, 30.15, 56.61, 78.34, 64.02, 37.43, 48.61, 54.62, 14.09, 45.63, 19.57, 35.97, 34.79, 48.5, 38.88, 63.44, 32.88, 46.84, 55.8, 68.04, 69.03, 61.22, 18.84, 38.99, 41.28, 49.09, 23.21, 60.01, 74.65, 39.77, 69.07, 79.41, 44.49, 45.37, 59.18, 34.53, 59.94, 58.34, 52.55, 44.63, 65.78, 68.56, 65.23, 60.96, 49.41, 45.67, 72.31, 61.97, 50.63, 60.26, 13.8, 46.35, 58.63, 34.29, 24.24, 15.04, 64.3, 74.51, 81.87, 57.71, 87.34, 55.87, 46.85, 51.1, 40.07, 46.99, 53.17, 78.28, 49.05, 46.42, 61.9, 6.25, 58.32, 60.05, 42.18, 77.36, 59.27, 74.01, 70.35, 37.21, 53.3, 42.9, 48.85, 41.04, 26.31, 26.6, 63.81, 47.31, 18.3, 42.96, 68.96, 62.66, 40.84, 51.33, 36.15, 35.93, 7.81, 52.43, 53.07, 58.06, 56.42, 89.16, 69.95, 45.04, 36.7, 57.91, 46.55, 67.17, 52.63, 61.7, 47.14, 22.27, 25.86","1, 1, 1, 1, 1, 1, 1, 1, 1, 1, 1, 1, 1, 1, 1, 1, 1, 1, 1, 1, 1, 1, 1, 1, 2, 1, 1, 1, 1, 1, 1, 1, 1, 1, 1, 1, 1, 1, 1, 1, 1, 1, 1, 1, 1, 1, 1, 1, 1, 1, 1, 1, 1, 2, 1, 1, 1, 1, 1, 1, 1, 2, 1, 1, 1, 1, 1, 1, 1, 1, 1, 2, 1, 1, 1, 1, 1, 1, 1, 1, 1, 1, 1, 1, 1, 1, 1, 1, 1, 1, 1, 1, 1, 1, 1, 1, 1, 1, 1, 1, 1, 1, 1, 1, 1, 1, 1, 1, 1, 1, 1, 1, 1, 1, 1, 1, 1, 1, 1, 1, 1, 3, 1, 1, 1, 1, 1, 1, 2, 1, 1, 1, 1, 1, 1, 1, 1, 1, 1, 1, 1, 1, 1, 1, 1, 1, 1, 1, 1, 1, 1, 1, 1, 1, 1, 1, 1, 1, 1, 1, 1, 1, 1, 1, 1, 1, 1, 1, 1, 1, 1, 1, 1, 1, 1, 1, 1, 1, 1, 1, 1, 1, 1, 1, 1, 1, 1, 1, 1, 1, 1, 1, 1, 1, 1, 1, 1, 1, 1, 1, 1, 1, 1, 1, 1, 1, 1, 1, 1, 1, 1, 1, 1, 1, 1, 1, 1, 1, 1, 1, 1, 1, 1, 1, 1, 1, 1, 1, 1, 1, 1, 1, 1, 1, 1, 1, 2, 1, 1, 1, 1, 1, 1, 1, 1, 1, 1, 1, 1, 1, 1, 1, 1, 1, 1, 1, 1, 1, 1, 1, 1, 1, 1, 1, 1, 1, 1, 1, 1, 1, 1, 1, 1, 1, 1, 1, 1, 1, 1, 1, 1, 1, 1, 1, 1, 1, 1, 1, 1, 1, 1, 1, 1, 1, 1, 1, 1, 1, 1, 1, 1, 1, 1, 1, 1, 1, 1, 1, 1, 1","1656701636969, 1656701651941, 1656701920348, 1656710149023, 1656725336625, 1656759626745, 1656759652376, 1656761332816, 1656761898996, 1656856561653, 1656856567581, 1656857170796, 1656862706126, 1656863053729, 1656866824392, 1656882169006, 1656882336263, 1656882349810, 1656883542747, 1656883556430, 1656930823389, 1656931659586, 1656931740774, 1656931751053, 1656933722519, 1656933740453, 1656935023323, 1656937272936, 1656937631511, 1656946843387, 1656946932780, 1656956712763, 1656956855599, 1657040532258, 1657049845989, 1657050632161, 1657050709610, 1657103488086, 1657103494886, 1657103698928, 1657127891360, 1657135528914, 1657135532387, 1657139982341, 1657139987465, 1657193088014, 1657193970085, 1657193981919, 1657195771291, 1657200409393, 1657203930056, 1657204008447, 1657204057784, 1657204063310, 1657204069216, 1657219025240, 1657219496705, 1657223563450, 1657229644893, 1657229653591, 1657230981597, 1657276074121, 1657276080654, 1657276252280, 1657276760917, 1657277460551, 1657277465207, 1657280266324, 1657280432951, 1657299758190, 1657373498338, 1657458007563, 1657460152760, 1657460333245, 1657460660507, 1657460667826, 1657539484858, 1657542806256, 1657543621523, 1657568479250, 1657575013188, 1657626088874, 1657626114457, 1657636868946, 1657637618082, 1657709887454, 1657710025046, 1657715854021, 1657715947821, 1657715954962, 1657716591122, 1657734324324, 1657734442593, 1657798905426, 1657800469227, 1657805483777, 1657824665390, 1657889185691, 1657889693012, 1657890724151, 1657900129565, 1657900233380, 1657900805149, 1657902845319, 1657904734933, 1657913249967, 1657913396346, 1657989835118, 1658008053436, 1658008909488, 1658009020409, 1658009072451, 1658072104241, 1658073268888, 1658073309538, 1658087308730, 1658142315647, 1658146391882, 1658150879668, 1658152293454, 1658155501229, 1658169622908, 1658169651643, 1658169975245, 1658175600483, 1658175620125, 1658236636696, 1658242398529, 1658242639193, 1658251798322, 1658253883915, 1658258249012, 1658258772696, 1658314002483, 1658314191412, 1658314223162, 1658314725630, 1658323432429, 1658333078240, 1658335592813, 1658336591264, 1658337467743, 1658337473044, 1658337725440, 1658341891362, 1658345523389, 1658346315681, 1658407003031, 1658432238595, 1658433122232, 1658433553765, 1658433820644, 1658433988498, 1658434097791, 1658434111944, 1658435828859, 1658486748103, 1658486774755, 1658488039992, 1658488633450, 1658489090817, 1658493441959, 1658493669685, 1658504739486, 1658513530138, 1658517913301, 1658523400669, 1658526529241, 1658673626701, 1658674215552, 1658750039776, 1658750056826, 1658750651702, 1658750952820, 1658750967009, 1658751144248, 1658752150819, 1658752150997, 1658753243175, 1658758978265, 1658783897734, 1658784817991, 1658784940863, 1658785086687, 1658786110885, 1658786134119, 1658836846674, 1658837990994, 1658838511108, 1658851425696, 1658851471228, 1658851559039, 1658851754010, 1658851956790, 1658856946190, 1658860309455, 1658866596436, 1658866880054, 1658866929950, 1658866968565, 1658919121531, 1658919397615, 1658919548593, 1658929653439, 1658929663260, 1658930196568, 1658952866786, 1658952895975, 1658952898816, 1659007879426, 1659007973610, 1659010676790, 1659091323646, 1659091338058, 1659091345598, 1659091371590, 1659091615445, 1659093577972, 1659097531934, 1659100219933, 1659100291335, 1659104541273, 1659118194237, 1659126380194, 1659210202601, 1659210248890, 1659210257252, 1659275351032, 1659288099693, 1659351881641, 1659355287897, 1659375291485, 1659377827487, 1659438370917, 1659439443868, 1659449394610, 1659449559097, 1659452443362, 1659452660171, 1659466210106, 1659610155412, 1659611036210, 1659611040391, 1659611188452, 1659611193218, 1659611382577, 1659628655723, 1659628878621, 1659631575120, 1659632403028, 1659643744899, 1659645535782, 1659660174040, 1659698351620, 1659698508753, 1659698558007, 1659722048474, 1659743730671, 1659743867420, 1659792967361, 1659793022732, 1659884462073, 1659884469193, 1659956355647, 1659956364804, 1659956415687, 1660129208913, 1660136646935, 1660136874344, 1660155379397, 1660157091795, 1660159209662, 1660160396968, 1660218723464, 1660218729759, 1660218750059, 1660222291743, 1660222722071, 1660222864288, 1660226087074, 1660226174352, 1660226296835, 1660227200332, 1660228231312, 1660241218741, 1660242802179, 1660246477665, 1660246571986, 1660246984315, 1660303906790, 1660304723016, 1660311854584, 1660311860212, 1660312256503, 1660315157332, 1660315303997, 1660325329403, 1660393643989, 1660393653954, 1660396389524, 1660396400574, 1660396607227, 1660426343526, 1660426545936, 1660484541734, 1660486522584, 1660486643771, 1660492908481, 1660492950609, 1660493030503"
832a2085d77731328c87d94c8f8af4a2102cf9533034f0563df336148074bf23,Non-Logged,3,"dfe328e2-32e9-4188-8d14-ce51674f141e, d0448ddb-60b8-4138-b5dc-4f807057beb7, c1a45f0c-42e5-4237-ab41-ec15f2c47918","1659910806391, 1659910985263, 1659911699870","1, 0, 0","24959, 18050, 110000","40.57, 33.11, 63.06","2, 1, 1","1659910806391, 1659910985263, 1659911699870"
b1fcfd4e9af94c774835cbb924a58f00077fc980d6524776550fb317df62caac,Non-Logged,1,7d7b4b37-17c7-4127-9814-d72085a4d23a,1656686982741,80,150000,24.63,3,1656686982741
cf2767c915807eebbcf293f5bfee14593f77fd3240f4af3ed544a892f15d1de6,Logged,15,"29b6b142-4173-4ec4-832f-7d0a32255c10, a1c96be2-5708-4bb3-861a-659123ade1cc, 5b1cb0ce-8056-4dec-a64d-623068958061, e0534cf8-7bfa-441c-b803-c0ee17b8bfea, a30dfbe4-47d5-45b3-93e3-24618014e1ad, d37d7e59-2ab2-4dd0-a415-8063af12966e, f0a78e58-ec7e-494c-9462-fbd6446a9a89, dc03ca80-09bc-4dbf-a78f-7d5113393897, 9dbe92be-46cf-4429-b113-fdd5a2c1a2ec, 115f6177-e050-4e0b-95bd-7759d9af87ab, 5af379e6-1bd1-4cf8-a23c-03266fb77b2c, 7a01fdb1-c5c0-4833-a252-8593f91eed3d, 47e1ddae-8f6c-41ae-9bdc-6a2acff86bfa, 7c076eda-5b41-4b0f-815f-0f6400148b0c, ff3e8c61-d72a-42bf-a84a-ecf5409468dd","1657391630560, 1657486315979, 1658146765218, 1658147100970, 1658399118049, 1658493980675, 1658604170380, 1658976542825, 1659568182468, 1659690765177, 1659817972401, 1659836080296, 1660084361026, 1660084688810, 1660170347786","0, 4, 17, 21, 32, 23, 8, 13, 19, 15, 15, 0, 0, 0, 36","73205, 45848, 80734, 66906, 144275, 60000, 31424, 16880, 56288, 52225, 101584, 130000, 131344, 9766, 110995","71.26, 31.4, 36.35, 35.22, 63.37, 47.86, 31.4, 20.24, 32.82, 34.62, 46.39, 76.12, 70.92, 15.47, 70.72","1, 1, 1, 1, 1, 1, 1, 1, 2, 1, 1, 1, 1, 1, 1","1657391630560, 1657486315979, 1658146765218, 1658147100970, 1658399118049, 1658493980675, 1658604170380, 1658976542825, 1659568182468, 1659690765177, 1659817972401, 1659836080296, 1660084361026, 1660084688810, 1660170347786"
f2a83e14b005e1781bec499748a1a32ecb08d7d8317f6ea60c5a65280031a245,Non-Logged,1,d2b5e9f4-6733-462a-9cc1-06489184563a,1659663792185,2,142712,100.0,1,1659663792185
f6274c934ff0820d207725e0ee2cb66fca6acb3ae6b1e84b484785e2dafa53aa,Non-Logged,1,a90b53da-550e-45da-bf1f-a1e164793ccb,1659276055207,26,70000,14.98,1,1659276055207
0948194e70e5f478230a2d19a597bca41ea6124d17f6502ff29a99b3afc7853b,Non-Logged,1,bfd24c62-c66d-4946-a9c1-bd8d1714354d,1659363152541,1,5382,14.76,1,1659363152541
0e3816b5d4a9362fdd76b7520be63d330c597597d3464af6428beaa1a600a4ba,Logged,1,9be63380-c8c6-47b7-92e9-2c1a457c9ac7,1659747984052,47,276705,59.33,1,1659747984052
004720f4f3385cdb950caaaf67830c00f3b00db862982500e6a066d64cdc90a7,Non-Logged,1,7d7dbf98-ef18-4711-91f0-286cc963216e,1656983725404,6,10000,11.75,1,1656983725404
bf98b3008e2bdf48d14f5d1c0b196d4bb361d777d43b3315ab76347335a276aa,Non-Logged,1,6f0fb2c2-b36e-4a17-97e9-ec3979688885,1657667563687,0,10000,7.46,1,1657667563687
a88c6e6beaadae7fdf7ae5733174fb4a1000069fd2486d8300749b2ca468afc1,Non-Logged,1,a1a1540d-516b-400a-8597-ceb95c522780,1658972845525,17,45012,63.19,1,1658972845525
fdf76860f9756d811bf4dbe370e11ef80166c351d4b75f6990145141d5cd369e,Non-Logged,1,44c71166-7e43-4ffc-970b-d4c077730f81,1657316936086,0,12357,72.15,1,1657316936086
09c49cb1f8406a03d26fa3ae5292221ae59e540c64619a5e3f8ee07be3f68cc1,Non-Logged,1,d178aa16-aa69-4f06-905f-23314d842177,1659297984904,3,11409,11.11,1,1659297984904
28415c6df8dd5c1c3f96db7f3d3cd70bd0f16a0e861875478f4c1a661fbfa405,Non-Logged,1,3196361d-196c-4d98-9fa5-04e7b0bf54b7,1658704047371,0,5450,20.46,1,1658704047371
9037f06f86be3ec031be2ec151997ac12c0b09e4ae3acfb190d766a04e85e346,Non-Logged,1,a3ca5835-a518-47f6-a98e-7a03dd4907b5,1659450723580,6,11747,14.89,1,1659450723580
2ab781c58d85eb1ac220a1d7bdfbb4011571ddbfd967474293912b501cdcd865,Non-Logged,1,46312bd3-872a-464d-856e-d840a3cb8d45,1658567929595,0,12121,6.03,1,1658567929595
024e24b1499b4ee6159eea86eaee69452357915fbe184e89cd7fc534f1b54598,Non-Logged,1,ab2513a3-2077-429f-bf8e-9abbc6f7478b,1657412785545,3,6606,9.68,1,1657412785545
f0e6f486ca59198a6037d30f1d777010cd6ce39ce07fb0442a638335dbf9385b,Non-Logged,1,431eed99-0667-4128-9b51-c6ce4be9a5d3,1658760026195,17,51683,33.87,1,1658760026195
f245915bf90b680f7a58f0094c7482b5878d63b4e71352c8b1d2cdfe7e1ccd06,Non-Logged,1,a1840342-27a1-43ea-85ea-62960957ad8d,1658709869854,33,196203,47.86,1,1658709869854
8d3c19769740ac911f7f452c7ce880f78274a6cf0e380fca90881805c67233dd,Non-Logged,1,c33df901-02c2-417c-9e05-22b91c013134,1658757669456,9,109777,48.62,1,1658757669456
9362de133bc5aa23bb1dc15d9ccbc3e57e2fe3ea17f8722a57761f748d94dcd7,Logged,1,1681c7e6-4529-450e-b80b-518528756dcd,1660101392661,7,10090,25.84,1,1660101392661
9f6f324cf4c94585f76dacf543070919a9235dfeb9157f582d3b2199848d6d7d,Non-Logged,1,49f1c1ae-99e3-47bc-99e3-66ef27a43479,1659155115773,80,180000,54.9,1,1659155115773
8a0074bcce767f55f2f2d3e04c61736b9e984a0ac2dca253e0542a5c9b3f8697,Non-Logged,1,fd45d4e9-cc04-4bdb-b724-9a3d50d718b9,1658032532920,11,27705,36.07,1,1658032532920
d0f5c804858dc10e25654cde7251468fe0a08f28d0f08baf2689e4e3ee00ae78,Non-Logged,1,e8bb6876-8f32-4730-9b63-5c2b84b0d39d,1658766082238,1,22622,22.46,1,1658766082238
98fd7b829aa04b6889470dfc5d955fda5bf383ec25d150e9dc5d4180c40626ba,Non-Logged,1,69ab7fc5-2786-4148-b7a1-2d34547cf47c,1657310200687,0,20000,29.54,1,1657310200687
311ed745fc30c8f0f5984d30a9e6d744be018f749ab992a523cc952681acbcb2,Non-Logged,1,b9a15097-20af-4816-a7db-c6f248a76212,1660017197245,17,20858,37.06,1,1660017197245
9ebc20a43d20f2d0cac2ca41d814ff07bb1a1ed53275d60089b9f17eae418f0f,Non-Logged,1,46312bd3-872a-464d-856e-d840a3cb8d45,1657687964709,0,10274,30.82,1,1657687964709
ee591b6ca887045a885dca377df14643345e447e8bdfde5105512718c4f6655c,Non-Logged,1,013ba8e2-c6bd-430b-9677-1050d5e70bfe,1657981230420,0,66410,44.11,1,1657981230420
eba67f036d36d023c5dbee82b7df3c978798bcb9748ec5f17a92271fdef1a429,Non-Logged,1,60c902e5-2634-44f2-861d-5ba2a521650d,1659464200801,5,10012,26.64,1,1659464200801
1272790d14e25c64679fa817d12fffc1bf5a1d1add44688763077a778da89be4,Non-Logged,1,1634fc57-af47-437b-b1a1-6a49c567b8b2,1658963354854,29,70000,77.05,1,1658963354854
ea214c771800779a38cc490d45caf0e7f2a76cacaed5ddc47f8dac4e8c27b9c9,Non-Logged,1,44cec33d-59ab-47d9-9bfe-03e10820ba29,1658492499952,0,42685,29.95,1,1658492499952
f01c1eb19ad8981e40fedc0c263dcd771067a6265d088e0c4fe04d12a4a741d7,Non-Logged,1,d775d7f6-12ee-4236-832f-ebc5d6507e9f,1657324601611,6,20000,29.25,1,1657324601611
a658ba5ae23aa8e5a08fb50dc85b8640921f857a278b824816b47f267bcb62c5,Non-Logged,1,85a7f5b6-e466-4847-b0f2-4a93c14e1948,1659549895163,0,10000,6.77,1,1659549895163
4d389025ec9fa240ab70f3c8299fadbaf74f603f55e20774fd9a54b91a5a439c,Non-Logged,1,133f4430-73a3-4163-a606-b5ff6f1849ee,1658048093925,41,140158,94.0,1,1658048093925
f20e17a048c348c42b8a92c083a81b57df03cd06d31143ccea0896e40be17604,Non-Logged,1,a3414edd-c6cd-4a38-a6c4-2df911a40ee1,1658334998985,2,10000,10.08,1,1658334998985
d817188f52d04a8f5ddcbd4fc5de5ed14399ce567eeac79ae0262ca5297cd40b,Non-Logged,1,80e38aa2-f73e-42c4-be6b-8b71baf9bc93,1660305237590,7,6336,49.99,1,1660305237590
5993f66c8cc611cc04cd537fc3c88a3556ee4c0886f18c7d2d87dd94108b0d45,Logged,1,43d977ac-1b3a-40b8-97fe-627758c6173e,1656686065423,0,10000,60.5,1,1656686065423
d20ad1b6b6f56f23f610e0a587eeec3181e93b69d12a70ac57d850992aef0321,Non-Logged,1,8c4d678a-2437-472a-b694-93f924d11518,1658460713757,0,5962,47.76,1,1658460713757
ddc855b109fcbfe6bf3ce7686e1dca390e6e570005bc6277c27daccadda7c3ea,Non-Logged,1,7fd798ca-45bd-43cf-a8aa-a6c26b1f39a1,1660142507833,0,63283,81.44,1,1660142507833
fec05486cc63d374d359286b3e7707e81c5b5cf783b0677381bb6b7fde775249,Non-Logged,1,9c329235-c2cc-46fb-b20c-0f551c467a33,1658254582930,11,30000,14.09,1,1658254582930
426819b963054044db749c8161a95246f3a507b2fbe4a2baadf01df09831cdc7,Non-Logged,1,8d3559b8-e6aa-46fa-bc19-db69fd087e72,1660338313408,229,250256,63.01,1,1660338313408
d4e05fed71cb4f70526c293e6109f113c1e4432ec3d75d2bcf2bff896cdf2b9f,Non-Logged,1,9cc138ea-4d1e-4c05-8089-b3e202705b08,1658066295379,19,100000,40.33,1,1658066295379
6186a4f2f7b2c2f64d955a12e95aa42a79fb0e3ec273af8b1f971bb49c66ce3b,Non-Logged,1,dc7b57bc-1fb1-4920-b75f-23bd95b6256d,1657049567543,1,6097,3.59,1,1657049567543
446d4bf58e98a86fd53f7cf7f2b3556265c81093825a6fb819e752935ec55484,Non-Logged,1,ebbe6cb8-d228-436a-8dbc-e6d32d20b111,1657732079571,1,80120,41.02,1,1657732079571
a31c6931f1e163f03724b894c04339e3c181bea07e290def54aaf068ceb6566a,Non-Logged,1,71e33274-6910-44bb-ac91-c9ed5071786a,1660000551918,10,189963,60.52,1,1660000551918
e12442c76dc0250e3cde8ba87c83c884bc7425971cf656e2822be5b6ea1bc54c,Non-Logged,1,7cd92a52-2868-40da-8c75-7da8e5dd0323,1660365503851,0,10000,11.71,1,1660365503851
379360f640c7d4a563b42b47d80abaec6bef90c9f2f98350f9d2aa6e3bf3fd63,Non-Logged,1,a8352114-a682-4d31-9f23-626b82dc9500,1657372178891,0,10000,10.73,1,1657372178891
1c436ba8c3e36973d48322988cd91823d4325ed302114f430298428bb6a8a803,Logged,1,c20d9fa5-09a7-4050-b45a-5f50ee5daa16,1659827671993,38,90501,35.83,1,1659827671993
f3282561ad0336671a4804412fe24392c4e78c1f7a54dc0c48d80e70458dd569,Non-Logged,1,6711d341-04b1-4a5a-97c3-5415589635a5,1660344841802,0,10000,8.49,1,1660344841802
52cf7e155ed79e12efee916fdebdd2d8fbc9b1908a00853a2fbb136f589840e7,Logged,1,8e2b6155-df1e-48bc-8106-c54bbfd6fab2,1659720015112,24,83329,75.43,1,1659720015112
ce1002f6c0b0b3ad9fcf2fd4f38ac54c10657cbcbda6eaf0fb368100cf418479,Logged,1,c03b0c3e-3024-4df7-82a6-5aea1850d387,1659523086964,29,66097,61.76,1,1659523086964
48871d1b5bf9062d99bb0d1ef3fb3aa4ee96b081a0597dd0824bf43e0188893e,Non-Logged,1,7e6b547d-aa49-4190-8a15-cb09679b8542,1659740579155,0,20000,32.24,1,1659740579155
43b8be6b69088b2eb839fef287c1c2342a9abd437d23cacf0694ad75db4050ea,Non-Logged,1,f6e13160-afcf-46c5-a381-28ffdac75026,1659108593837,1,50000,37.15,1,1659108593837
aef98912f9916db283b78311500dc01e6715ee7c0b3a2aff9b2dbbcbe4fecf04,Non-Logged,1,615beb40-ed99-474f-9d9e-ed5414e2a69d,1658926243850,1,138486,98.6,1,1658926243850
4efc1b72b202f8997be3052a4cbba8699b3634ce963892621a900006564b150e,Non-Logged,1,e1fb8294-1ef8-434e-b871-c71e918dfbcc,1657248541513,3,30000,27.19,1,1657248541513
ba6982b187a4e7ec126b4ee2536b649dc1a12da2733022a43fe3b56e445ff0bd,Non-Logged,1,b5bc8fb2-bbfa-498f-a460-ca9f45253bc8,1660126901333,2,34848,37.65,1,1660126901333
ebfc866e74dd36121d0c3b1c2825fc3951e016b0de278c0eafa86deba128f4d1,Logged,1,64dc7247-19ab-480e-93b9-7884cf2da5bf,1657240161019,6,12251,43.86,1,1657240161019
5b05e5a7137fec73c59595171ead3e2007a5309b09eec087e2a6357b8a5bce85,Logged,1,c9422c20-0aa5-45c3-8298-a3e11272aae7,1659743721781,1,10000,9.42,1,1659743721781
a6a85912cf7049ff2d2fee3469e462ba2d9c9d6d8b3ae6322ce936f9e68f1451,Non-Logged,1,d559bfd6-265e-44c5-baf7-c8cb18e2db91,1658095856967,2,10000,15.2,1,1658095856967
3223964be1b40bed061fbfd156f61725819f2ae7889fa50c04884cccab829c46,Non-Logged,1,55cf2abc-ea70-4722-9f11-aaf15993beac,1659408320667,0,22679,50.33,1,1659408320667
91e4e8d623470638b2d29890d64c376e745de320fd2ab7a1c05f611a118d0e8c,Non-Logged,1,e818ce25-6ac1-447b-9f66-07d9f655ae9e,1658769368881,13,20000,27.58,1,1658769368881
c70d38c2f8e5ea9b5a497ae486e8de22c30fc3714f51a08f3eb7d546102d41c1,Non-Logged,1,219fc9d7-3994-4813-8a22-37b770dab5db,1659557092668,5,10012,19.86,1,1659557092668
f78145df719e0dd0833ce33983ae2c8f8455a080ef7df2721dd49c9179a9a104,Logged,1,7272ddc2-90c4-4b6c-a7e2-446760178832,1656966989298,0,31821,16.87,1,1656966989298
b1e3993d351d57dda1746751e4d42cf6ffe256d70e07bfc9f9e501b4ba63d287,Non-Logged,1,4f93cc9e-319c-4927-852b-8b0095186423,1656709576954,0,6848,9.93,1,1656709576954
6ae9f1aa5fe8e0503719af9138ea4d32793ed36fcd6aa42a866cf55c24541881,Non-Logged,1,7a5fe67c-ea3b-4a87-b387-947e3c2637a4,1660288445077,0,20000,24.37,1,1660288445077
26fa90081a5812f20ef3367deaf1bab0e282e9e3ed7e28f0d7d391b36aa2bedb,Non-Logged,1,2f040cff-aef4-4423-922e-5160f03a1842,1657462823634,15,30000,63.54,1,1657462823634
f5f1445d3c621fe2b6f2dc4334a3d83b5d1a494d94ccc0baffbc587f4a5bd433,Logged,1,447863b1-fccc-4247-9c8f-6ff168a69435,1659491288475,6,13071,37.35,1,1659491288475
c3db3f1ee89dfbac812e17f2e3bc4d098683b94e9e46f1751d104fb941540062,Logged,1,73c980ce-ed0e-43d6-8250-a173f920c917,1660419583754,13,54826,42.52,1,1660419583754
dcabf02327bbc36c866ef519a1e1edb65ce647737b0a4d7bc7329e5cb1f48fa9,Non-Logged,1,30a2574c-a9e3-43ec-a317-7588d3bc2295,1656675234699,39,174005,82.03,1,1656675234699
c93f3f1b6f92e8d3e96bb2daf1c22bc3a9b653b9db5c086304ed94426cbd9b67,Non-Logged,1,b6c84841-12f8-495b-9a47-85d50737c88b,1659965438640,0,29922,23.28,1,1659965438640
7f709158d6f3f7d62a3e2c94c1435297c8f4d25fee8920c42aa4e5580cbe4eab,Non-Logged,1,e80d6915-622c-41bf-9096-b7083fcd2aaf,1660522816307,0,10003,12.5,1,1660522816307
9cf2182ae5719a7c373474ccc8ef3acf5529e43995335f0bffba3c8364f32955,Non-Logged,1,f4cb7446-ef69-4e0a-82e0-34c03b359c51,1659630495267,0,120000,50.43,1,1659630495267
79c0cab59d4b8c9eb787a2ed88c005fb8310b40131c8b7063590d12a6573454f,Non-Logged,1,9b46dbd9-c156-4dbe-bd4c-65dab514b3a9,1659504003905,0,22226,19.64,1,1659504003905
57987e0fa9b00b983c43ea6176a95abe6fbf2fdc8a43679b736a376b915a89ff,Non-Logged,1,2baa2090-f04c-4fbe-aeee-b85784d68a35,1659035752355,18,18919,19.77,1,1659035752355
0288e39ec4db7d12d7bc429a232a8b06053c245c371f142c9158130b260014ca,Logged,1,9e3b7f91-7cef-4bf7-a347-ca5b00314ccb,1659964622793,44,57384,49.9,1,1659964622793
addd6ce302311a634d30542ae7d6cfaac51f07a7f65dfd12e8538c24254d1aa1,Non-Logged,1,049975f0-1b63-458d-a42c-4d6fecac0508,1660141201100,29,199324,46.15,1,1660141201100
7208e70aa93d99ea907c41de0412c45dbb53efe0ed9212d2f8900bd7ff45cd3e,Non-Logged,1,6f844517-9860-4829-9565-4a4ad8e2f114,1658596534154,7,20155,40.62,1,1658596534154
5a54f0a5ace6117bc81183206705d59a748dc56384a230949dd2670bf35bbe23,Non-Logged,1,esid:conteudo_editorial_g1#materia#http://g1.be.globoi.com/noticia/2882865/fast,1658166766662,0,10328,19.08,1,1658166766662
7e55045e4468577b6deecc3c5a1da133c39942864941cf4d7e07d889ac684033,Non-Logged,1,2223c77d-5edb-487a-926e-0f87d4a8b475,1659112600743,12,51816,39.93,1,1659112600743
45cf341407b2355d0946fe786e9de99db489659b35cbbc4db9cbc4250e664365,Non-Logged,1,f8259f24-5da5-4984-b1b8-6cd61ef0ae3d,1659124981062,136,376930,67.04,1,1659124981062
4c7b9cf9a00c77fdc6a56b522a335683e5b2b34241e5a7db8b5fc53695f19566,Non-Logged,1,ecae6ea3-cff2-40b7-811e-481334dfa919,1660003162480,134,170000,100.0,1,1660003162480
901aed90de10943c562bc17cf8191577cdf86f932f9ca0c4cd888ab79e46d433,Non-Logged,1,52d34327-9a64-4a2f-8c41-41d568de9a12,1659082494224,1,32881,53.59,1,1659082494224
d2136d2531f350918d4311f25e834cc821979701aa7738b7f3588b9005925f2d,Non-Logged,1,4a9cfb55-30f7-416a-afa3-b967d4b3538b,1657368110389,0,60000,34.92,1,1657368110389
26737f458292cb6ac1b64beafc91d8fd3950e241ca563c5d631ca834216852be,Non-Logged,1,a60fe80a-5a01-4043-9370-ca6f2651188e,1659413373581,3,14997,23.1,1,1659413373581
420abe5fc13a23090aef8c0f38e12dc045ea8fa31c96ef99a0728c418c323d55,Non-Logged,1,1e20cf45-4589-43ab-a128-a9f88ec04e5e,1659837442942,0,16200,42.95,1,1659837442942
f305c2ae11f3e5960313169367070981dc6752c6f3b2e86a217ab69ba9751616,Logged,1,7497e387-c668-438c-af6a-4f66ae5404e2,1659557235753,0,10000,12.08,1,1659557235753
d7dcdfcf8efcb2cd0d63a9c45a07082a50622d262392368ba3de36cfdf6af4b7,Non-Logged,1,b84a7cde-97d0-47f7-8266-1eb64890cb28,1658341944122,7,40000,9.07,1,1658341944122
9b1e6477406db0059ef3921d4750494871f1dc68994bc4fbd97983938f32738e,Non-Logged,1,063aecd3-7968-413d-9d1a-c2c65fbe2b22,1660255979494,0,10000,23.8,1,1660255979494
2d3900e33310b5e9456d70004aaaa08059fc485877cbf866d3bc695b0a12cb30,Logged,1,ccdab8a8-a852-4ecb-b774-9cbd66f36de5,1658025339251,11,10354,55.05,1,1658025339251
1544409976835f9f7e8c74f77a7a5fd46cfad787d7098ec9d40cafc56759b8af,Non-Logged,1,esid:conteudo_editorial_g1#materia#https://especiais.g1.globo.com/economia/educacao-financeira/calculadoras/2019/piramide-do-ir/,1658309551798,21,115598,52.36,1,1658309551798
82e5de198fc197045d1ccb0e090d03732b1c67331c771055d6e2f7b4f0f38687,Non-Logged,1,185517dd-2e7e-4804-b2fa-4547f638aab0,1659977416733,0,23067,26.14,1,1659977416733
9b1d91d6852771369052fe8c50f8003e4991bacd63a16fe200a12dbf8492831d,Non-Logged,1,4000ee51-dabe-4e87-ab7f-468dceddbe1f,1658034891742,0,20000,34.88,1,1658034891742
8eafefdd015f6f619b9cbc24b74d1910b9bb38a47d3222ab1df484099a3bf768,Non-Logged,1,e3897353-2b42-49fc-a282-beab338b29b7,1660433576621,0,10000,10.11,1,1660433576621
7e5c6ffba144b2e8acd248c7c77ed84552b8ab126eb4815f87405deffa23d7a3,Non-Logged,1,f14c8749-73cb-4f2c-98c5-96d8ed497ed1,1658433807285,2,40731,43.35,1,1658433807285
fe35a1df614d7c4d539cf93ca8709f7b3fb9e4080f67eabee82122b4ecac20d6,Logged,1,5c2de35a-4d40-4196-84f1-e4baf6a6da87,1659131598913,13,16754,23.97,1,1659131598913
50105422a2c4cec91760e1cca537dfe580aa6136f8dc2ba285aa2a3f2bed0bfa,Non-Logged,1,8f0844e0-671b-44a2-b5e1-031b075e4b72,1660040313963,30,70000,55.04,1,1660040313963
c109a6bc2ef5454c172134480217046da1eeeb58f15ec1f13010132a5f5b60ac,Non-Logged,1,ab2080e5-0089-4ff9-b425-ac605b341a3f,1656708078490,0,10000,15.68,1,1656708078490
2ef21d4ab24fe126b8b47a45e498567cac6a2a537c95d8d378389a6db1fadefd,Non-Logged,1,34540c00-8906-4033-a403-a2e7d09a5ead,1657805662925,4,14886,31.84,1,1657805662925
53de2112764b640d54e2ef4317b45d2f4370b1fe50128ad96764ad01ad9a5410,Non-Logged,1,e88b28e6-b7c5-4017-a453-bac4fb78913a,1660058950777,1,40000,7.45,1,1660058950777
7c709b3b18cbc73d273aadbe9f765d11a20a913f8b1996cf0820d2d350438137,Non-Logged,1,4b3b45d3-d5d1-41be-8f01-cdc445a499d2,1660142992061,0,52730,91.73,1,1660142992061
d10bd740b2ba077aabb49e6d070aa1661fe718cbf719b546ca826746a444e5d5,Logged,1,baa88d01-09f7-4588-b138-8410e9f62d3d,1659886875743,13,23754,24.74,1,1659886875743
c0cb4f3cf32ac5bd378b414a57640ab4a7cee38f34d7f4cb77675fa851b741a6,Non-Logged,1,57667d73-02ab-4866-b612-0b7dd9601185,1658802314659,3,11838,29.56,1,1658802314659
4b500ee0b2ae86235c8e7d11f37379a38efba9e34cc2968442b0470edeae966c,Non-Logged,1,bb8c4ba8-fe33-4fd2-9182-7e8fcd3a1a56,1658985757272,2,20891,30.12,1,1658985757272
745c9d67fd5040a9b09b05d87d539bbba4e3853ab477bdb337a00f2209b02def,Logged,1,d24cdc71-641e-4133-9ae2-811d0e887f01,1659636800351,1,106699,46.73,1,1659636800351
f53aae2e66dc147d32dd2e23fc9dedae4e32a8eb5f15c211e4ef157e7410fd11,Logged,1,51547baa-2b2d-40f0-899b-cc596df65f2e,1658880753752,1,10000,10.02,1,1658880753752
7a84db4eabc604c23aa7dfaa1e5ffba8333da77d3c44bb44095e33ecdb69c34a,Non-Logged,1,7ce916b9-241b-4c99-a6f3-3eb34d177acd,1658503692963,1,183189,52.92,1,1658503692963
a7778c71e21b764862c6bd42d185c427c7e8ae8535bbdcc2de184d9cbb70abb5,Non-Logged,1,83562047-f61e-4230-9a7f-f8a16bbcf789,1657222032809,0,103078,57.02,1,1657222032809
c52b4de917ce162db2e06f88b4553a931bf6aa6ffd008fa617ed285aa16a1baf,Non-Logged,1,d92d1764-a909-4389-8bb3-1ea755dcfdc9,1657473803187,13,26133,25.08,1,1657473803187
012e337b78b127c11d41511c0aea7f31c04514900de531f1c8cf8520889a5b5d,Non-Logged,1,275365d0-8888-4fe0-a189-cc6f87741d7d,1660150851624,0,27379,43.15,1,1660150851624
59d25ce29f518264ca73ccbece779f8f695288c705119678290e2cf2fc76678c,Non-Logged,1,46312bd3-872a-464d-856e-d840a3cb8d45,1657380160327,0,12448,6.27,1,1657380160327
23f1f107f42eba3e8b4e0e3ab897d64848798a4ee847f3e978c80058b545fce1,Non-Logged,1,5d4b2ac4-ba1d-436f-9af7-c5e61258e57f,1657565405114,0,10000,8.85,1,1657565405114
3578745e29ec5c861775590e6f0e0d12a2a074c632a03ef140db9f6f9a078acf,Non-Logged,1,d559bfd6-265e-44c5-baf7-c8cb18e2db91,1657935316949,85,322260,73.56,1,1657935316949
a6acc114b5a878c3d3a1e4d30b20ebd1c3558b854bee0d0e0f2004546f995b29,Logged,1,8a564700-dd53-4b47-9eb2-355d4e27a499,1657398010707,0,12049,62.75,1,1657398010707
205b5ae04ec7d7e7100bbffe8b0ac3d4254d2f5fe8a82316a480f2f738cbc1e2,Non-Logged,1,56852d16-d4e8-410f-8c88-d17a0354d953,1658336159882,0,10000,4.28,1,1658336159882
a3accf89e82a06d75ef78def9dc5bc10530fd7591ec4690cfcc06950c148612c,Non-Logged,1,d1a9cac9-aeaf-4a89-bc8b-8e5febe5e372,1660241108026,0,20000,35.54,1,1660241108026
bc791627314ff28e50fe60a3ac5c9585c86e3747b4206b1a42d76da277cbb29d,Non-Logged,1,80786790-6400-452c-ad01-ebc6e35509c4,1660148606924,0,10000,18.82,1,1660148606924
890d3be9d0187b2b06602e3b78a0c1152974ab13e7473acbadf179c135025da5,Non-Logged,1,fd398193-7cc1-4c57-9d54-c3682c4a5068,1660180492734,84,195666,100.0,1,1660180492734
19f073d3b8c526ce1d418d576423cdae29fca4fe2015994f889d7b627d246ffe,Non-Logged,1,b341a466-570f-4725-9b29-9e92a142a7b8,1656978605827,5,40000,15.43,1,1656978605827
b545349d947d71ba9c50d4b46f423e94b58a40945b75afc68b1cec3f56393ec4,Non-Logged,1,4ab9785c-1b13-46a5-ae7b-3df7f0d9a74a,1657749104228,17,40000,20.16,1,1657749104228
b626221f22d890633a598d28c4112186885488cc0d73b4a4e97d50881609642f,Non-Logged,1,51e15bc3-2897-439d-aefa-a31774bc5226,1658726259536,0,10693,82.57,1,1658726259536
96b3105a14360b8f4925df20e75f6bd7687c9e9f59edbcc0b0670035152a773c,Non-Logged,1,bd7f89e2-409f-4b65-8c04-c6e54f0bbca1,1657950812513,0,10000,10.27,1,1657950812513
ea8da715ed4470e91e70c751dcb4ea304500b9392fe6ff00b6ad573ba2bbf239,Non-Logged,1,1bce3140-4a40-490f-9e72-c79d1207e239,1657555500689,9,40000,11.87,1,1657555500689
3328dba5fbd6aed2b59df368f9b3c4afc53b862590972d2b3f80375392504da3,Non-Logged,1,a5d9cc6d-302e-4026-b69a-49c640ca9846,1656841289658,19,90000,52.19,1,1656841289658
9d9aa88b327d7f64351ba4b1a7d4809ff17d5f31257d47d148c1505af24687b6,Non-Logged,1,a9e5c64c-192a-4698-bb26-4f7935f3b77f,1659304352132,4,30000,25.48,1,1659304352132
c54f6ac0d2135e2f28d3d72c139927ef1c436820636cb6ca22c950024e4e8643,Non-Logged,1,49b57a0d-e98f-4c71-bfc8-394058b63a3f,1659825749297,10,20000,15.78,1,1659825749297
4e64f75286ea0b577b3d37a82f36c9202299420c6574a46bf289ccbe891aa104,Non-Logged,1,0ed14636-b1cf-4333-b551-7fe2a4640de5,1658607714466,0,37832,46.38,1,1658607714466
d4ab8c7dc9bf33c97c8d00a23a9e426ee6cd67972e7bb9878e7fa6af0ecd2f19,Non-Logged,1,9c20017e-b653-4908-bf2e-7081eda3b06f,1660167979870,14,37169,54.56,1,1660167979870
0a8994954fe4f7e84aabb705a75ab5db7a9a9f8951da292e95fd48e62f0df5f8,Non-Logged,1,d32a72b0-e93b-43a8-bd4f-b0de0f0cbf3d,1658623176353,2,69625,36.9,1,1658623176353
236bbd1570657ae31de09508db4e4585c8399902171e32094b948fdbfb55f752,Non-Logged,1,67e7a528-f6f6-49e2-876e-145329d5a6e6,1659986296798,4,24087,33.68,1,1659986296798
e1681d3d37815a13d941677676359358fa1ee32dfc4b445297b34374752d7d4d,Non-Logged,1,17929fc0-8b35-471b-b868-f4fa39f467c1,1656703704348,1,50000,58.25,1,1656703704348
64ae70bc6c77ef896d549a235e811f6ad494683b9c0f4bc573e99dee32cd1e14,Non-Logged,1,442b676f-44c9-4424-bef3-19a79f3866e3,1658891898378,8,20564,28.02,1,1658891898378
d7b3b5ead34aeca11c242d7c6a09f4b77325afb114592653c3b83a3932cb1757,Non-Logged,1,9015cd8f-cd3d-4191-900f-b397d13470ad,1657289939737,0,39089,41.08,1,1657289939737
550af65ffdf25843a9813f977bf290416885a814f3b3c7bd43e790dbf8f2847e,Non-Logged,1,7294878d-d013-4461-b4a2-c2af753397f6,1657645558766,5,45732,15.14,1,1657645558766
db0e6d1b8602e7e0a2e677bf1f2faac41b56a5037b755714980624e06a9bbe66,Non-Logged,1,69e3c882-d7b3-4129-9080-d78b17e6387f,1657640487705,0,16517,18.28,1,1657640487705
f82e80606862c7d1736cba6fdc415c9096894b1fa33530ff5a9d93c77ddbb58b,Non-Logged,1,d3ed62f7-d21b-49b9-8bac-f6287d623eac,1660223078404,1,40000,23.99,1,1660223078404
4a90a3d769fe91f1294a3b39776fbef054f2523c610b9a25597b8352c7e2f0f0,Non-Logged,1,d9aae88c-a94d-47b7-a879-93c2ce6a47ab,1658454189280,0,96281,87.48,1,1658454189280
287561e05e49f4f74bd1ea86b90a4b64e1a94c4ce085a29130f3b43267061124,Non-Logged,1,ca090e53-021b-4f12-bb36-027138124db3,1658932537473,0,21952,41.35,1,1658932537473
8900c72e74386fb39c63b425e6668b977a24b5d15b533d4ed17b230c9f858f5e,Non-Logged,1,d3639693-714d-45bb-af0b-cc9f90d2670a,1658591218088,7,25097,45.8,1,1658591218088
307d0404d83e9699990e5214f1db4f8514255c64014c1c4b4c17f64c25545e5f,Non-Logged,1,1c944ebf-6675-4334-b438-e9a6566bfa8a,1656779906102,22,90000,36.39,1,1656779906102
fd3c381ebe58a81193d6451378fb2e01b82c6efd1189484cf8e77e81c0a2bc1f,Non-Logged,1,1687de9d-03bc-4f98-a1d3-72e934cfa763,1656801794669,29,80000,14.08,1,1656801794669
709df04e412edb048c80a0bfd0d6bc7cd507f87134d629f712671bcaf9827283,Non-Logged,1,10b18278-ada7-4c1c-b2b5-dca47e32ed97,1659481039408,0,30004,12.5,1,1659481039408
77444759d5144da1126ba90e04f0c3de73fbb0ffb91f3a06f16e94521222df0c,Non-Logged,1,6e835bdc-8d6e-456b-ba29-8aa24faf1596,1657023314407,10,20000,51.41,1,1657023314407
61a8c526fe5473ad27d1aa964956a5da91c117f135afbe951b9d7495231e6937,Non-Logged,1,f17cf42e-4b2a-46e4-9549-216018eb325a,1659469024148,1,119462,57.36,1,1659469024148
df29d22a4884bbe770bd17bfa93337b3038f59479f8553e550fd712df7a26f97,Non-Logged,1,89191ca8-498d-4bd4-b450-24aa6faf3a68,1659728695800,0,5650,36.31,1,1659728695800
8848b3d51e3752658a200e582a99b3dbf9eb0b8c2290341da63ca8e9cbc1bbe4,Non-Logged,1,657ee7e5-f441-459d-8f9e-952b4843ee52,1658945437751,6,30000,46.89,1,1658945437751
76aaa2deabbe527778af1f003f78a0d17d300eecfd64cf532bd3e865bca66806,Non-Logged,1,d37a43d8-857e-4a9c-9651-1f73180be33e,1657422607804,82,230000,56.52,1,1657422607804
1f689c4d2ea7f40a54ded04ce6304297da99b3858aabe28a63899a5c0ba5ef17,Logged,1,59d5ac88-fb5a-438c-a410-c2c6e9cf0042,1660315374059,2,660760,75.31,1,1660315374059
1124eb75e8870136fc2ebd7999140fa80e406e2ea809634f8f697f54b5ec47e9,Non-Logged,1,86337f51-7f67-4d59-a73f-4f1baf0f46d1,1656960181818,1,7758,8.95,1,1656960181818
a1fc0e5d753ec5891eb2e45a90ce72278a5d156887abcd703f84878dc0ca5f56,Non-Logged,1,1d086da8-3c92-4e5b-9932-ec4d308c4436,1658834762996,0,10000,8.63,1,1658834762996
ac90141beacaff997c190ce23c4344e8516d86114cbcd25fc9ac62288a95ffa9,Non-Logged,1,7b94e6b1-a6d1-4c6b-b26f-86a8d49c8e8b,1660262860540,0,8327,83.95,1,1660262860540
ddfef8527cf30933859f5b3f183f12a287f870826075c99cdd00523cee1621f2,Non-Logged,1,716a9e50-a642-42f2-bdc1-69b5853b908b,1660310563669,39,138122,35.45,1,1660310563669
c71f837cba628e03cfdda40ce0e1d8f83a34370beb3a9a36703767ca9eeff95a,Non-Logged,1,6103e9c7-4102-4f21-9b12-f16a1c52b93d,1658086932787,0,32961,36.54,1,1658086932787
8e1affa5e3232e55b5d359595aacc258be55398e8583d071e316683fc6259ead,Non-Logged,1,aba3898f-4949-498b-85b6-11163ea0ea9b,1658240697239,0,80000,2.84,1,1658240697239
93295bdf1e3ca8598bd86bb76caef50b7fbec4831489310513c1689bf274b041,Non-Logged,1,9c33b46e-daf6-4fd6-83fd-8fb92aa8c978,1659063992466,0,23475,12.5,1,1659063992466
5956daec5fa3f321a19c0158cb9cfe3cd34dcec8854d06b63d88db3db3ba6ee8,Non-Logged,1,50387e9f-b604-459c-8f37-02804696d928,1659371739794,0,12020,39.54,1,1659371739794
1c373dac8a7317fc2b28d4dc1ca1b690ab887af3ee9813f869086db976c64cb4,Non-Logged,1,3cd03a1e-4df9-4c8a-80ae-be2ebcfe435a,1656972060106,0,59979,29.6,1,1656972060106
90905faf835c9f21abe93e51a639db30639a130c95801a0189bc17699f21b4b1,Non-Logged,1,a9d53492-bc58-47b3-a336-96198277c6c3,1659016945588,0,40000,42.25,1,1659016945588
5ae093e6e35d31f96f82bd3c492a24debe812152ecb7c9b5714462b3529de774,Non-Logged,1,d81663e1-aa68-4427-9d9a-3aec6ff5dc67,1659160941638,2,10000,17.15,1,1659160941638
f1de4058494fb0be067f040cd961ba0a8b44786dcf109ad16c2c46ed9d844e16,Non-Logged,1,b07a5556-c381-4edc-93b7-5c6f00c5a8c8,1659241154904,0,10000,19.18,1,1659241154904
44b5c794f4da98cfb875df7dffe88325ba544e46ed89ce661ef51da2fd709c81,Non-Logged,1,ce96cd1b-6135-4670-9c15-f455bc82937e,1659743764024,9,20000,74.85,1,1659743764024
e7bcdb13981692dd809fb5564daaaaf5271d5e7d215fefa416e072e0c583fef4,Non-Logged,1,8459200a-18d8-40f0-a48e-3aebeac8f188,1658066317047,0,10000,32.48,1,1658066317047
d4f2f7f483138a537541d88c5b17fbbc05690e7714ad05cd76e22c4f9ec17a87,Logged,1,6711d341-04b1-4a5a-97c3-5415589635a5,1658213005675,32,170000,51.12,1,1658213005675
226c89c032761b827282966817621641a1d615cfd8f14df4803540180b7b039f,Non-Logged,1,eb8fdc80-fc65-49c4-8118-237125c515dd,1660052184310,1,50000,29.36,1,1660052184310
67db7134a32277cf4f778020398103bb9b74ba5143820aeb2c8fa78bb99a2068,Non-Logged,1,c616ca4a-810c-4634-92bd-7a85f6bba351,1657065338873,1,10000,10.54,1,1657065338873
e803401c42ed3d3cb9758d0ae09f7b0b45e9ce0d82a7ec8550668e96ae7394b2,Logged,1,5c8a11f4-309b-46fa-a1d9-59557cdd8121,1657566948010,5,40000,12.1,1,1657566948010
e0a2c7b2c906838c1e344b0eb3742a0c05887eec86619e1966870793d2f3c7b9,Non-Logged,1,4bd047bd-1c05-48d3-a6c6-4ca4e7229757,1658955850743,3,10421,26.72,1,1658955850743
4c8f97835eb3ca884cde1d9790d3f83addfe1d0b348d7c2b510e778b36a4dd7d,Non-Logged,1,4213a212-3c43-4660-a1e9-6d9b5d985cd6,1659633648388,9,57836,38.64,1,1659633648388
14a609cb53f58880445d7dc85833d5c64ca652fae2400f9b1adbd66243ed0254,Non-Logged,1,39a45f54-e324-4b27-bbc0-0941312a3b0c,1658939196284,0,50778,52.38,1,1658939196284
16fe31f681570b2e7a35ae5e41a6c7ea4654de051796c91ebb29d64c2b76da5b,Non-Logged,1,99b5ff9b-9f97-4f69-9efe-257b0bc0347b,1656936372787,0,21409,13.19,1,1656936372787
500a798df91ce473c4560480c0979ff19a1b900879df79809f061f86c208aba9,Non-Logged,1,39640fc5-8ca4-4c87-b8b7-b64f9121f524,1656677495272,1,30000,14.39,1,1656677495272
e6ac6ad37a0155f5db4c835555a1e6317addc0828264f1b2cd5242a257e4beda,Non-Logged,1,b9d65a02-128f-40ca-8e4c-2c569322bf3d,1660102888689,20,70000,63.67,1,1660102888689
c53d0e1f2e91af5bdf471e204cb76f75afe1b514420e81a062b48e69fd124dc8,Non-Logged,1,1c48aa2d-f72c-4876-b71d-7d51b508c204,1658164086575,32,59797,65.97,1,1658164086575
38237724e64a3424215b731d1c83f959a5f09414e4c409a74fa06fae9eb2e347,Non-Logged,1,6eeebc18-6cb0-472e-8ba2-30bac8585f2d,1658802145997,2,50000,88.84,1,1658802145997
f1359185371b8f72402b9bd85df3ac3b42d02cc020683daa526f559acf750aab,Non-Logged,1,b48d305d-8f47-4583-82e5-905ef0bf1152,1659531538086,0,20000,22.82,1,1659531538086
38e7470c09a7ad64f1369a61cc1fb5eddebcd16d484ef979251c459287ecc9d6,Non-Logged,1,e444d28f-3917-4843-ab0e-c47fdb2cc0d7,1658144665464,5,10000,39.54,1,1658144665464
1bc0eb95b6caf40c5ca7e085c9770003aec30830177e07b0452e9970a5bb2724,Non-Logged,1,1e8f34e3-857e-499f-b8d2-f7f3dbb6d6cc,1657905864504,15,49811,25.54,1,1657905864504
8fd6898fdea7f82ba62bc3dbcf4e831ef44dc8bc4e4a7f975f3a6a4755a846c1,Non-Logged,1,c6df8d63-3d49-424d-be7e-86894fdae02b,1660308477112,0,50000,54.8,1,1660308477112
472fcd22b3e6769eacf6e0eadf898774625b888345bbcd33179e7095b77114cf,Non-Logged,1,15bb4b41-ddc5-48f6-b0e5-2dde291122f7,1660333771568,12,50000,59.5,1,1660333771568
775cbbbec55021dbb81c30f2eceea24da05753d9bb69310a0c8fceed481f05c4,Non-Logged,1,9f8912fd-caf7-4d7a-8180-ebfd62822bcc,1657292685694,0,23407,34.3,1,1657292685694
be76f07cefc645e6a23b64849878e390a5993185cd3f3be6e0cad1918e1df1a5,Non-Logged,1,c765c9fd-5706-40c8-967b-003c1f67048d,1658565358538,2,10000,16.42,1,1658565358538
491cbd1ec2de16e8af7d5e2e4f9fe9ed178698f002af0c77cafb5fe0cafbd7d4,Non-Logged,1,5336d95e-9a7a-41d0-bb52-24ca451debed,1659807392981,1,60000,28.04,1,1659807392981
388fe74ba64086ab7d2754efbb8a14543e969410ef14b085c22f1129732af290,Non-Logged,1,43588c2b-1059-44dc-af49-a4811c776b66,1657765262293,3,10000,9.06,1,1657765262293
b262624d9fdc6bf7e7923d898ede0875e5e4d93ad50695c5581d079cef8f0127,Non-Logged,1,a9dfe335-ce16-4de5-af50-80592ad39bec,1660372351419,0,62130,75.85,1,1660372351419
86bc26d2228e5f87d2a9fcd88f562667ab5ecfe46c2ff76f2613d22e5c6a7afc,Non-Logged,1,60e7ae6e-f247-4ba4-a5b3-8118d7918797,1658374871939,0,8022,14.2,1,1658374871939
057dfec2fc4e2b6719368d2ae28dea29ff73c0471bbbe72d7c8e35399b5eebe1,Non-Logged,1,742cafeb-189b-4204-9fbc-73a24d1cbb16,1656798993322,2,260000,59.31,1,1656798993322
385590ba2d4a6148e39009e79dcfe6f3c0b087959bdab075ba15318066d470b7,Non-Logged,1,83d43e9b-a98e-4ff4-889a-8855c0f965c3,1658491770094,0,66829,57.83,1,1658491770094
8f649b1de0918898d090f57ed3481833dcc47de864f7e1d1bc6e84c0604db4f8,Non-Logged,1,d98dbec7-a123-4689-8440-357fdc3e6c90,1657245888284,0,114015,72.34,1,1657245888284
e89ceec4ce2b2eccaf2fb8f3a4ffbea04c6d24510f7b75a4fabc40adc52ba3dd,Non-Logged,1,f9956491-9d7f-4beb-8e49-c87f94d40b61,1659625737691,7,20000,36.86,1,1659625737691
444216d6cedea364d48fa3bb4611fa996867f57e43bb2c699d433945a5e3ef28,Non-Logged,1,c5b2e398-0d4d-426b-8c95-745130895e80,1658741653660,2,56745,26.9,1,1658741653660
0e747d2a84c1e8e8f2c73c881bb94d6e47201eae36b58988712f33b0182f626b,Non-Logged,1,3e8a5b16-d202-49a8-912b-448f2b2f36eb,1658506869009,0,10000,40.07,1,1658506869009
0bebb9d520a2f0fd9956068650ac66217c3e73d7d69da5000eb8d3c32dc402fd,Non-Logged,1,5961d91a-438c-4915-9f4c-9309c827d943,1659930863938,0,28008,26.36,1,1659930863938
f5a8d41a9fcde339e9babc63a909ef983411076c23a5d11dcef6fc426daa065e,Non-Logged,1,3ba0e524-cf2d-479c-a9e3-1d9cf7e326da,1660350310811,0,20000,15.48,1,1660350310811
5d6a49342cec6ef637fa39c4b451121f648ca15ab2ad8c4e6fa70c3c93eb70c2,Logged,1,336cf471-1103-4f12-a973-a489c1721c5a,1657497075490,16,40292,17.07,1,1657497075490
cb72476464a87ecafd6339b2b06b02d057e8770ef9278d0d215571b0bccf7a5a,Non-Logged,1,6684fa35-596e-48ea-8384-a952d3d021b2,1656874840118,6,30000,32.45,1,1656874840118
156b47d5e0b4bad5bc3e98ba5c3851cb173248f5c33b546efa1212b9714f9670,Non-Logged,1,a36c98b5-f159-48f8-9f5a-1fc6ea9956c8,1659895757153,15,73569,46.15,1,1659895757153
b53d0cdb0dc7234a88004069eb1920fef1877895ba9f51c7e8117998c05c084e,Non-Logged,1,6e756e67-8341-4f67-9d4a-22f5bcd9e764,1657165474132,21,50000,50.33,1,1657165474132
666426559eb76f343b00f746ea775cf9adbfe2a93fccbe9926bfcaeff7ae5a7a,Non-Logged,1,298abe57-3c11-43c3-afff-d28c1809be84,1657222473704,0,20399,38.69,1,1657222473704
26cf8a85a8ca7b6a58a72e3c8b9b6210f162611d8e688f20d66ca63a609dc223,Non-Logged,1,450c4611-6307-4d75-b063-aba94f90f7ed,1656763091270,22,100000,38.11,1,1656763091270
0f19ea206ff47c074928b23f2d6e826c7391bc3d0bcab46f779773d597545047,Logged,1,115de1b9-8454-459f-88e5-9d70396df061,1659835668786,58,100000,54.33,1,1659835668786
9d8c4a1cbcb81d2b0c92bb03872c39b25250909665be8502a8f0a3f45ecd734d,Non-Logged,1,90229047-babf-4f59-ba0d-aa0f373d5755,1657010026299,0,110000,53.84,1,1657010026299
e6518db585f1b045295bd444e9541614017ef6081321b94402b289f74dfaba2c,Non-Logged,1,9aa9c006-71b3-41e7-84f5-57ae166b03a6,1659628425558,0,36978,67.79,1,1659628425558
e288a2bd58e1dc8ee395357155136266626dad4ebe1590b974213dee3564cc49,Non-Logged,1,ff325ffb-aed1-4313-b06b-29d2e101e844,1660162997116,0,20000,14.6,1,1660162997116
22f30f8a77eb0417c8eac866a1b6fa9d6dff493046ebde819063e6c57dcb7067,Non-Logged,1,1ad6e3cc-6809-4da5-858e-8ca423750943,1657053446320,1,160000,59.1,1,1657053446320
dad7ef7ac556a591f4214f0c6ffd242db818f8f094998e04c0cd6caff43748d4,Logged,1,b7c43901-9776-4f6c-af3e-dc20be7cbe86,1658411388622,20,83955,41.62,1,1658411388622
71c77dbe5c39db600e514929b7966c8811a4d147e91ee476c20f2f9b274bbdba,Non-Logged,1,4e22fc66-6baa-42b4-8d89-41eb42ce5d28,1658446305576,3,10141,15.26,1,1658446305576
cd37da1c20f1cb74d7539191ac5523cabf44ca4ea519cc990eca199fcf60c35d,Non-Logged,1,8c2b28dd-bc41-4908-8b72-8fbc28c39f2c,1658329464972,2,10000,7.08,1,1658329464972
40659d05a01db8db6ebbac3b9932d63eac6906694cd78a3d61522695ebe8188e,Non-Logged,1,51f89566-247b-4e03-974d-5d10a622ec76,1660406141017,0,10000,10.37,1,1660406141017
3e08053418faac8ba0d3d64fc9f9dc60325c26f70542978c060c4a1fbdf935e6,Non-Logged,1,7d322c9e-33c0-491a-b040-260f3985ac01,1659040007405,0,30000,22.05,1,1659040007405
bcc6cdb56686b15a8a86eb3747f372593a2a9e1c677c8a7951d2b13ba1d7c07b,Non-Logged,1,5eb1e04b-e4d7-4d7f-bc42-dfda13af1fb1,1659285646514,1,11073,16.69,1,1659285646514
ca283cd18a04d06d43ee252b065e2b358f5b62bd8e4cfc282dd5cd0137a4d83d,Non-Logged,1,08a7536f-faee-4db2-8db2-c9360f60ec52,1660346404336,0,70000,30.52,1,1660346404336
9af65ae22e993826ee7f04ba57982a8131fe3479c5e6dec5b6e5fd59d85ba28c,Non-Logged,1,24b67f99-b67e-45a4-bb49-c95216466bba,1660261982972,27,33400,53.62,1,1660261982972
135356fe8af93ddbfa566c613fe7b61a68f44694a7414c16d4664abae005e271,Non-Logged,1,47bb908f-5603-4eed-828e-2a3fcb345ae8,1657136694906,0,10000,15.09,1,1657136694906
ea8c1986cc735f765902b89d6c185f7dc3a214cde270c1d3debd400109485108,Non-Logged,1,3e429ca6-0c5a-4e1e-96a1-47b47a3ebca3,1657251265068,3,10112,23.92,1,1657251265068
025fde6a5261823a582b573a91af0aaccdeb6787a40f1fd396590bd57b53e7a4,Non-Logged,1,8ef7d1b0-43eb-4fef-943a-d6035a38277b,1659456301781,20,90000,51.6,1,1659456301781
cc7b667e49e77b94ef0546b74fa9f41862c5ceb5f0ba0a99ed97073f2263b6d8,Non-Logged,1,4a27c2a9-a921-4dfb-891a-4732423fc653,1657027373208,0,91567,51.46,1,1657027373208
9b98d51185e17423784f40c2aa77fda41ccd69e5f4add1aa8d1d5bc61dec8c98,Non-Logged,1,18261660-2d36-4a44-ab39-2a4ffd58d279,1658350624506,1,68844,50.82,1,1658350624506
2ba7f166c8bb786002cbc76cb9af865d6299b7915cc29b6c708e1ddffa04f85a,Non-Logged,1,7e6b547d-aa49-4190-8a15-cb09679b8542,1657210822381,0,37132,64.57,1,1657210822381
0f9499eb76970b07e1488e682e046b63244310c88f20c37521abd7cc2c54b67a,Non-Logged,1,bb4f4b44-82d8-471d-aa5e-68ba6633b268,1657651465663,14,20029,40.42,1,1657651465663
ae4ae670dad084096d761093fa279ce0a1cd74c94e1aa4edd6c740c196fb2479,Non-Logged,1,305d4f95-b11d-4b00-83b9-0ab1f8efeee8,1657286123224,1,20000,8.93,1,1657286123224
4d4809ee1c64474ddb6aea9b7849fe571ce897d7f79dc82d3d7bb672dd32c7e6,Non-Logged,1,456cbcc5-3342-431b-8a8a-8d00c210d98a,1658951485913,20,50000,18.57,1,1658951485913
a7236554c053312a3f1ddc9b6b729c33613de962ca37022d034d9b3547eea7e3,Non-Logged,1,e2e3faf2-4322-431d-9543-555072686f14,1658076699972,20,80000,35.92,1,1658076699972
15dac0e34ddb889d6c852d22cc2ccb7ebaf0fb2e9fdee4479a4937d13ccb695f,Non-Logged,1,87c8154a-4ccf-43df-977e-dfa675d4bde3,1658620997114,6,39945,30.09,1,1658620997114
d6f6f545c0b43a73d6a5aa6fefcad88967ec89bdb64e75fb62aa72446e6b0faa,Logged,1,1b70e399-3565-42ba-b10d-4bf9a1eba470,1660431618505,16,37646,37.55,1,1660431618505
d28f804a8672c83de445fe271834814291decf6bb335370dbdc9b714bac48c64,Non-Logged,1,19f09cce-a678-4290-ab6b-681b88097077,1660101775644,1,98391,52.11,1,1660101775644
fd1e5f30ccdc75c429c14f6881e9fe268734f6683a47f114d3243cb7043d48c6,Non-Logged,1,787588de-29a3-4043-b620-3638ebe1e014,1658943822529,28,30911,55.87,1,1658943822529
ad7f64b7b4a397de987276edbf72ba6050c5c88ca68796244243ad91966008b1,Non-Logged,1,6c29e56f-0ba1-4de9-89c0-b6bfaa496da8,1656808454013,20,120000,46.91,1,1656808454013
3ab9d5bfe1dd375122c7f923624cd0ca5b0323e1486ba4911c3bcc5d7d22284a,Non-Logged,1,dbff2da2-2e77-4630-9580-47585f45b4c9,1656895384782,0,110000,56.05,1,1656895384782
b921790b29431885bc0cf869f0f4f9a5f60de4bcc74a8bdfe7c79b3da33df56c,Non-Logged,1,de77d918-c12e-4363-8d99-d4ce097b14e6,1657474284863,18,30198,44.33,1,1657474284863
7ed676cc0d44bb2481b7549665a76ffc5e483fa00a27369ee6c2e2dbcc07aaee,Logged,1,1c4faf15-dcb3-46c3-ae9f-b79380e1d1d4,1660144715858,16,10000,32.89,1,1660144715858
6339629344460fc3b5ac32cc8fd782891245062322d09ceb5f05fa33ececee94,Non-Logged,1,8f91f757-8020-4d2b-b8df-a6b10963b5ba,1658175568565,0,10000,8.21,1,1658175568565
951cfbcaf27129b75997c1ed8c5bc32fde490d7508faa8ec119c3a9c2f567d82,Non-Logged,1,000278b4-cc13-404e-9a1d-8bc1f7bf456e,1657804608571,6,110000,36.33,1,1657804608571
d3b7791e609f7b7eec5f62983c959a185cf0e3fd90b963eedc444eb57ae94605,Non-Logged,1,ef363aed-7365-411c-adcc-fb6a71e1aabc,1656893017517,14,22338,32.15,1,1656893017517
bec3a2c69f7aff62bd71f957a13f5e33f115fd0425ab17ca3a0af2a4db1a63b1,Non-Logged,1,77e8cca5-53fd-4260-b709-cf968a3b9f7f,1658111088897,20,120000,83.01,1,1658111088897
07a6925700716a3a869131a65df6dfcb91a10f634c429ab0492d449319c56e20,Logged,1,3e3d47dc-c343-4021-879d-ba7198b242c3,1659967101202,4,527406,77.48,1,1659967101202
c3b2863047ba72b504ce01f6e025ba73f9e4157a879437a08ddf0f42405682cd,Non-Logged,1,528d5c8d-1b32-4ff1-8b0c-b50e878b5112,1656768922447,3,11441,24.64,1,1656768922447
34102718a65388c14bd42e73df6bd8e15eeb5b6935a31c6f2f161cc833716c23,Non-Logged,1,17d42e27-df77-47b2-97de-f69cc4adfe5e,1658447563538,1,220000,64.05,1,1658447563538
85e58a75c84295dd38bc3ef57cc2a63743f7e0f964d3a74fe5bac6a7ded327f0,Logged,1,36e7f84a-2c7f-40cd-b692-eae1d8197762,1658316270765,2,23785,21.8,1,1658316270765
681ebb6a74575ad63f0804a4e0fe830d72db979eb7abc1dec4a99085f11966b7,Non-Logged,1,1543d6de-31a7-4521-a4da-d724962a8104,1659449385364,2,70000,12.95,1,1659449385364
7c420a54c940da5139f4b11d2343ec3b77dde5dd39eaf471f66ff27a40cfecf4,Non-Logged,1,cd023b05-da24-4876-a2be-928371777454,1657468038415,48,209081,50.83,1,1657468038415
a3806852c260878ab50913cd30dfed923862d8bb785b68c6b7dfa76409b7df09,Non-Logged,1,740879f3-2e60-4481-af79-a5f8875a2a84,1659722535362,0,40000,47.1,1,1659722535362
637a885bec54aae7a0d2707763cab71d5b46e0b7340c5e86fe08d308db957797,Non-Logged,1,6767b1cc-fffc-4eb1-8d66-e0f616a8c9e8,1660336322857,74,108936,29.96,1,1660336322857
65d8a162b64d0f1019f6d9246b37f7f10a37d00f8911c8598a03d6a93ac55223,Non-Logged,1,e444d28f-3917-4843-ab0e-c47fdb2cc0d7,1657460192150,9,25996,32.92,1,1657460192150
fc71e30c6786812f1d5a3495bb5b0546a3ece333160f4876d11f06821c2f0e30,Non-Logged,1,b74a9281-7372-47ad-93da-9d264d4c7afb,1660055517026,70,270000,45.72,1,1660055517026
c8f61405fa819722a42a753b72708c2d7f832f56fada07af677f6eadeccfe78f,Non-Logged,1,b101e244-1fd8-4aa5-809f-ab83d21f48c8,1659583211462,0,50000,56.36,1,1659583211462
dd7a8d369278b28eb6caeaedfde6e60b48b3a877202a4672b41b93d2d27bf72f,Non-Logged,1,3f9279a7-f13f-4311-96d2-ecd56dcaf1e7,1659631455854,1,30000,12.59,1,1659631455854
986767e1a7cb1a1143d19ed93a1b8efbc60d5f1d778f3aefbd2eff5169de5352,Non-Logged,1,545bedbf-52f8-4eaa-a614-7b8eb967f8f0,1657149331907,10,33916,39.83,1,1657149331907
b9a6f23554958684a19ace5ae74391ef3b7fa71702d9b7637decbb31e7b849db,Non-Logged,1,3b03244c-7406-4152-9c38-aa5cfb6916e2,1657335330903,0,17288,11.25,1,1657335330903
c765a042045ac2b85ce4c408861a55ab1a0eb9413823b1a6009a031471525b6d,Non-Logged,1,9094038f-a041-4c1b-aa74-43122359da8a,1657628498465,22,210000,92.97,1,1657628498465
b90c38e9e40e514ce9a05da3fcf7ad8ccd18871684e5b04841dcd6cb833a8438,Non-Logged,1,68c05421-6c6f-4111-8ddc-07127d07c187,1659036912036,14,72035,30.77,1,1659036912036
0d85ca87be4dfd6ed86a2ef02aa7783061abdbd89d3ca9109c5679d522ebebad,Non-Logged,1,c8aab885-433d-4e46-8066-479f40ba7fb2,1656782874163,8,10000,71.12,1,1656782874163
c4b20b1611134dfdf83ebac46ffd5e99a3b0745860d5fa36892aa978c4acad97,Non-Logged,1,63f1cc75-f6a7-45a5-818e-5818170dc890,1660367247529,24,94119,29.11,1,1660367247529
531dffd7554f3ee421e1193830e17067c412779a87dc0f74ee176b914ae51557,Non-Logged,1,3ab3cdb4-1ff5-4e94-a475-4d1ec1f236e2,1660276026788,0,22390,24.8,1,1660276026788
9bca9255f7dfb07e506dd9bb72ded16fc50d7686357a6eb8cb57e19142aae752,Non-Logged,1,44cff910-46a3-4f9e-a1cc-bd3d23dabf60,1659031737733,12,39276,33.61,1,1659031737733
40303fc1a014314283a43d5e315ed58b816b408fc141d1b002629b7310b87c0e,Non-Logged,1,95dc51a1-ccdf-4bd6-ba0a-34e71d959132,1657550604759,1,10000,24.72,1,1657550604759
3df6becb6652ef30598e41239acffe7d09092ed45254058a502b1563f1dffa78,Non-Logged,1,64012de3-b7b4-4f5a-bad6-728955d96b0a,1658680924774,0,10000,12.3,1,1658680924774
7c1a1c42d246f3049109ed290ef26d70c1d26d9b8755ef6c58cc0da129af235f,Non-Logged,1,7f747187-72e4-4791-996b-4518742dc672,1658013685179,7,12673,7.36,1,1658013685179
5bb50c6c8c275f0609be93be49ebc4075946ab9362b9d8dfee83383901735719,Non-Logged,1,cf6640d3-eba4-4374-913d-bb760c8ba049,1656877138488,0,20000,31.91,1,1656877138488
edea2a09e5adebd7281172ef5daea8b8df7ec5a8d6e47f39879fe34982ad39d3,Non-Logged,1,efd0a839-a0f7-4b97-a9f8-5822c01d31ce,1657042020699,9,40000,39.42,1,1657042020699
bc174011c49a1a22f67d20ec631693f83d1922006fc0d2a7a576f9866d67e2ec,Non-Logged,1,d621b613-5439-435c-ad80-2a3051691182,1657264897394,28,80655,51.04,1,1657264897394
83b647f89c48500aee894eec48e8b900d5b3d83b5073a212a77cb70b5b51a41e,Non-Logged,1,83562047-f61e-4230-9a7f-f8a16bbcf789,1660430423013,10,10000,58.85,1,1660430423013
8d66f16515d1df1e931c8f36e688d8dda31eb8a4856c336f5776ec167a13bea7,Non-Logged,1,02eda4a6-3b1e-4c22-87c4-d627eb83af9e,1660177565847,29,61237,31.28,1,1660177565847
2d9f00622f6cacc9b14486216390e640896605a45330e08d7ec46d1830d4b9ce,Logged,1,d5d5c11d-7160-42f9-a6cc-c50331c75453,1660051983680,0,7450,6.48,1,1660051983680
8f36cc811093342c65d5a913c6e7fc04f5c97aef052cf81e4c29fa0c2ff9c238,Non-Logged,1,c8aab885-433d-4e46-8066-479f40ba7fb2,1657963288455,10,23952,18.93,1,1657963288455
f509db62d76104f5ce43441affcda7382f4744100382c95d25a3a419f23a35b3,Non-Logged,1,68510c52-5530-4c89-9a8a-0ee36ab61546,1659652884577,16,33125,57.72,1,1659652884577
fec9eed69013dafd2eac7cb7dd0cfa4b38b092ffa32656dd4d1d528f1452d337,Logged,1,6eff0a19-11d5-4182-9ceb-7b9167473432,1656895000815,0,40000,80.54,1,1656895000815
8c3f72f06039a844fcac50fdbcc9beaebb0ef1c723d7a0f1fb0cf9e3c34dfc23,Non-Logged,1,e60e77d9-0a19-42a3-806e-b7ec46a3bc96,1658711772663,20,74931,39.71,1,1658711772663
66ce70aa7496f6f98672f766ee70066603cdeec4af977a2e3b6551775fd57d3f,Non-Logged,1,27a38e5d-65e3-4a38-b570-c9ee4370f49f,1660177511055,6,10062,27.76,1,1660177511055
98fc8592e7a18764860342378898f2263eec5ca751c3e4d079d02e70373c5b90,Non-Logged,1,8458a5e5-beb3-48a4-ab9e-4b1a420a2496,1659479184276,0,49066,40.12,1,1659479184276
85df3ac4dabf383cdc06b4720df9189947c1e37b7d94e4d07e117d23854f87bb,Non-Logged,1,3a90ed22-ccc8-46ef-bc12-1d38494408f7,1656983416017,17,30000,65.95,1,1656983416017
193c3ae3b07ba7830d5deae890cc87f18a69430914e078ae704bf45fef14c1c7,Non-Logged,1,bb901db1-f317-436d-a4ba-00aaeb34debb,1656967244743,4,10000,23.45,1,1656967244743
7b0ce09ab7e51a80095077bb66f273056cd5f671d7e07eed70ea51380ec074e6,Non-Logged,1,44436235-632a-4414-994b-e207007f530b,1659630840750,1,20000,42.27,1,1659630840750
23b0ccaabe78bb70e3c6edbf608696c7ff12a303496b6eddf6ee8424a80293f4,Logged,1,08fdcaee-ec28-47ad-aa1f-3fb268a23d34,1656771016226,13,24019,46.39,1,1656771016226
98e4d0ae86b28ffe62cd3aa130801f1c7430e4334c016b4ecb0e8cd8eca56e99,Non-Logged,1,95dc1720-860f-4b5a-819b-dcde2f62de9a,1659023615230,2,10000,16.75,1,1659023615230
75ac8e1ea762a3c0ad6ffa983f27899c33f9a45ff01671b14afc29f7f293e23f,Non-Logged,1,caae3030-fbce-4598-9c6f-2f9922097e96,1657541999082,39,220000,68.63,1,1657541999082
c1eb7cc073da19fd73b2cbbe4a893684a854277d2446a68166c4e47566638f54,Non-Logged,1,4c8e2887-fc92-46b8-ae78-cae52960364b,1656787587361,0,10000,6.05,1,1656787587361
e081d3ffa1c38324aca775a9daab659edd3b947bac2e823ac65c2fa8e6758304,Non-Logged,1,12ad9c7a-2e98-49c8-9c15-0c1617339a9a,1659570144247,13,27667,78.96,1,1659570144247
11b5fdc28655895fee1d455d9dc03a0397f877aa9cae655297abdd3ae6cef8ed,Non-Logged,1,8c19f53c-4192-4a1d-a707-827eb25c2502,1658434686083,0,23302,24.51,1,1658434686083
3d680f0328ffb6b4e61f172c9ee73d26deff65a8abf31b3839e902b6cad5035d,Logged,1,459f476b-38b2-4190-be16-45a8c046ac06,1659882668297,9,6782,42.84,1,1659882668297
0d7110064a925ecee21f07a9e2ebfd94dfd910ba16ea56c0dd88c5f6730367f8,Non-Logged,1,8451f2dc-ff44-4435-b4c1-f7fe173b8945,1658911981026,22,40464,40.31,1,1658911981026
132543e3db89b11596fb924d775fecba920389ad847db5d4f08fc97e9ba2ea63,Non-Logged,1,2223c77d-5edb-487a-926e-0f87d4a8b475,1659368394112,7,21572,30.6,1,1659368394112
b20398e02b3283228100c07b819b3ea9adefde420b595b941630edef3439307d,Non-Logged,1,1cf36dc2-e144-4481-9a67-5f290b77f225,1657569884916,0,52824,33.23,1,1657569884916
5cc6a5c6760a2b762be1876ccbafc257ad9e92b8a547edb4ef2bc3719f931114,Logged,1,5acc3c8f-454d-4f57-b9e0-55f2cbe74985,1659455090475,12,20000,57.14,1,1659455090475
e2a104c6ff9591c9ebe3a3ba6a8d64a4c30fb65a78d4cd16e85e934ec62efdba,Logged,1,fb74d7dd-3ec1-45ae-a64b-0f97324ad71c,1659973657325,0,10000,33.35,1,1659973657325
534e477c92913774764ca40f3b41009c14373e2f40f309226b723e0c84ecb663,Non-Logged,1,c556a7b5-94f2-4d25-af5c-ab274886b1b3,1658861264976,0,20000,29.62,1,1658861264976
ea07ba5e636d0bc1bf63651b46cdf3d9045f795ce170f6882e31926eb94804b4,Non-Logged,1,5ba92b65-f1fb-4902-8a56-19634b01b95d,1658499647423,0,31406,28.73,1,1658499647423
774258d22bb21413394923c6d5bb506b0b982b7fdad246ebad195883ad324ccb,Non-Logged,1,91dd61bf-7c49-4276-bba6-1db2804921a9,1658537134202,10,40000,30.76,1,1658537134202
67a8e4604512277fb42cad9b9c88ded8eb20b4a491e3c39fc7f9314218aedf17,Non-Logged,1,7e2172f4-6cdb-4f2f-bcc4-ef9212ce7953,1659929427080,4,10694,10.88,1,1659929427080
ada61a5153a05d370af7960ac6d009cdb61fefb772ce4f0c863c3887703bd662,Non-Logged,1,bf00b8c6-13ba-4902-9d1c-400f125f949e,1657655468265,1,32777,30.66,1,1657655468265
8174402fff20cbe064b69cb422083f9d9ce6ed7e86f9431b20b0964bae3cc491,Non-Logged,1,9d04b022-d610-4b70-b232-c28c6f797e92,1657046326005,0,30000,19.64,1,1657046326005
9a3d2259dc148e8c5c2d5d9b8aaa1f909524cc04390c3a7c6bdd28a480f94a38,Non-Logged,1,759a6cf0-f15c-4191-a4a3-508df58b33ea,1657294798972,6,62207,56.38,1,1657294798972
9990edc63e56141f36398d852916b6729a413d1b677e54d5b1011c76db4fb9f5,Non-Logged,1,0bf3efb7-1801-4c8b-a322-0240783521fc,1658579182303,6,20000,29.45,1,1658579182303
57d57eda082881bf1eda47ac100004f206537063cb5a58e5f00ed38168f4a816,Non-Logged,1,e4ec2764-26ea-44e6-a608-5b0ab9f56909,1656954151558,0,10000,9.51,1,1656954151558
f3e0c7fb7435c909513ae1b4de6180a50d757f1c04789174804a473f3473c7c1,Logged,1,19ae09bb-6782-4b3e-851c-336b97996a66,1657381332601,12,50771,43.57,1,1657381332601
12e7a536939ec121a21557e4fc6ae5b9366c8a66a68295d1fe5f9dc5accd574c,Non-Logged,1,94b437e2-b2e2-4511-aafc-f226052bb7fa,1659845792560,0,198903,70.55,1,1659845792560
67f330e48160fe6a76250f690e54aec4a722aa8bdae4641e148283e53bb22c7b,Non-Logged,1,b4d8a02f-accb-41ac-8f20-5462a349aaf9,1657044074083,0,47409,39.67,1,1657044074083
a47564bf3e2520d44f78338358053adedba1759b3619818aa4f6a5a8e66b8475,Non-Logged,1,67e7a528-f6f6-49e2-876e-145329d5a6e6,1657493785491,9,40000,71.78,1,1657493785491
279dc5d4f63a46fa05d6553c0fa866e2ec28e5669ada5e0b8f72287e332ee9b2,Logged,1,d98dbec7-a123-4689-8440-357fdc3e6c90,1659710126662,27,110000,57.43,1,1659710126662
1032e1b6f33d18e46cdcee993ed9f4c27c1bdddc8ba772a4e53725eef9960289,Non-Logged,1,fd5f1dd1-0b91-41f4-b5b4-0e79ccc6cee3,1660018423053,0,10000,5.56,1,1660018423053
c3c6e823eb9c5119271e644398075825cec47dfd63316cd2de612d8a3f0c1cb1,Non-Logged,1,577cfefd-ec63-446a-8588-d606b2c7e885,1658175891481,4,10000,8.81,1,1658175891481
538a618cc6a21f20d015c95a4cd1341facc1dbe83d425f24745858732077d09d,Logged,1,091760e7-074e-490e-b057-e8bd5fb6abe0,1657841169941,15,50000,14.32,1,1657841169941
096c697388848bff42a6b0cb73e30f377f22d53b6e4e414f8095294828463cda,Non-Logged,1,e7c06b71-6d36-49c6-a272-7703b3799003,1657645550044,0,6763,12.3,1,1657645550044
5283c2a55b207a1f12bcdc7b8e958d3fa6b63bc9f78e6f0a58736a1af0e361b4,Logged,1,bf49355e-933a-4030-be63-fd77abc6ec2a,1660138562290,0,20000,8.29,1,1660138562290
860e87e866d7d13b0c8f69f2890d5b71cf5105638d2dfd2b2f3f0f0af3f917aa,Non-Logged,1,d6644c32-5828-4f88-ba44-a8d74c01d7bf,1659758294574,3,45789,21.34,1,1659758294574
66c7cc7e1464cdcf778248cf9dfcb7b4c2cf5b3db25a79b0affdc0cd1f8617e4,Non-Logged,1,64eee57f-894d-4b11-9c58-d43637b60b33,1657259174901,0,10000,7.07,1,1657259174901
2c1f7b7d4cfe188dcd44713415e2971c62b12a13d81efb52a36d2373c30add75,Non-Logged,1,602c8e47-4ed8-424d-a762-66d79de810d1,1659131253202,0,9341,40.64,1,1659131253202
a274f2765e1674aa1b4da6427a090a687230294b9afb7b10319b79a7fff93e56,Non-Logged,1,a3414edd-c6cd-4a38-a6c4-2df911a40ee1,1656798986629,0,11392,6.5,1,1656798986629
30cecb5100c88065ddb6c16d6adf51d03fb07c3896b075b434b7dad36184b773,Non-Logged,1,080fbfea-4f94-4d48-bced-aa52e7d24cf0,1658442409434,13,110000,47.67,1,1658442409434
154cfef0292654f7cf3a20ded310a6fa95aab6b51264490a59dc7fb27e2dbc3a,Logged,1,545bedbf-52f8-4eaa-a614-7b8eb967f8f0,1659565790908,35,55183,35.61,1,1659565790908
6377b968ea7f6765ce20498f8eb43d651469d7301bb256d5dafba68a6cce8979,Logged,1,0c56a2d4-87fa-4125-8348-9478c906e066,1658198877692,2,10000,9.43,1,1658198877692
561fb86a4dab4820ed68cc17b0ed8e94ab3c14653484911b300d26ab90860aff,Non-Logged,1,692e0697-658b-400f-9676-28817881b45f,1658250356923,4,160000,89.44,1,1658250356923
ac4a101e16ad802cdaef6d0e05a8591d606273e02097a6b3a47f2d29fee93392,Non-Logged,1,d3756201-1f31-492c-8601-4572883f6900,1659962457606,0,126233,70.81,1,1659962457606
a812308552c6ee9b0b63f30349c025e113e3d5dce28338a082bd74d436d932f7,Non-Logged,1,06e472cc-8764-4324-aafb-a3113d4f018b,1659297343657,3,10185,26.7,1,1659297343657
be3866dfa1989f524ca115cc7567cf9d18b403fea4440b733efc4e6fb5da3fea,Non-Logged,1,e7f670da-589c-4782-9f2b-ba392992bfcd,1657315531347,0,42190,43.29,1,1657315531347
e41289064c566c777ac319f389f7fd816b8ea84a775f20f347d2f032b61e2a5b,Non-Logged,1,147a2375-f448-400a-865f-2c4bb9965fc8,1657595222397,9,10000,11.21,1,1657595222397
0d4b58ab16517587f6cdb1c9610d3e9bfe0a2b5edb5b80f35c18b2b7a33f193a,Non-Logged,1,f3b4c342-983d-4d1c-85e0-bcd6939b7b58,1659010220769,1,5624,17.2,1,1659010220769
c84945ddcd11a9093cb69ca3534d78249c96aad45fe948c9d5c1a48a4ef89dfb,Non-Logged,1,759a6cf0-f15c-4191-a4a3-508df58b33ea,1658921140967,0,5989,37.43,1,1658921140967
abab0893b4998fc3f49a57f30a81dd8a68a23caceadc333d18c155b9897dc312,Logged,1,6c4e5a5d-cfc6-4c61-8ad5-1e1c12a84315,1658575899944,2,10000,19.71,1,1658575899944
5ac483dca1a84e2de680b809f63df789358340e0b9f3fdfe9f3cfc3879ed5fb2,Non-Logged,1,1b59baaa-0c90-4749-b574-909324e229c2,1658442931667,18,34437,58.8,1,1658442931667
6b35d5eac0431d70bb0bd069df207a1d20ca49574cbb2dae0a49a473508880bf,Non-Logged,1,3f9279a7-f13f-4311-96d2-ecd56dcaf1e7,1659650205406,2,110000,71.81,1,1659650205406
3a7b513646ba1a52492aa154473cff0960217f20b68ae7800ea3ba7ca1e53f17,Non-Logged,1,c8aab885-433d-4e46-8066-479f40ba7fb2,1658048693870,6,5083,15.0,1,1658048693870
a840be1df3f1551039883f6e2bf5a3924a829b9b04fa09e57a09c542cfe64c9d,Non-Logged,1,c52b8818-ff1f-486e-9b55-cdafb55cfb82,1659308990372,0,30000,28.55,1,1659308990372
ab604ee270fbb3fd093b3e8a1be7188336aa3a18453e4d377a3d6e5fa49d1209,Non-Logged,1,185a7b05-6e09-4e5e-9ead-1d2b168d3e4e,1657735566849,0,64908,38.16,1,1657735566849
b01572fc5164fc4599cd9a5282bd0d4bfabbad5a1331d4daebe560512dbef801,Non-Logged,1,b7e37213-d5cf-4d5d-b986-cd51d0a93d7c,1657224712672,0,9881,4.92,1,1657224712672
2543dcb1700ef1bbfb931819fe2ab53b6d1e1c09ded264def29060a023ab5dcf,Non-Logged,1,7b2fdf9b-3f32-4a7c-a6a7-34fbc047308c,1659911952857,30,24993,51.93,1,1659911952857
f32ce6ff8a6ee12483b13f7833819509e67c42827ddd53d1df50f559ee1d09f6,Logged,1,6e80bb88-0afb-4621-9c7c-d9450edbde01,1659646254388,34,134895,56.88,1,1659646254388
106586a041cff56fcfe84c74f04a7ce81fe5a68ed0f54df2a3485baab8edff0c,Non-Logged,1,84d701a7-6382-44f3-bd18-760de83444e7,1660447848795,0,10000,18.53,1,1660447848795
0ba4d12efe460fb8bd1238f3555c8bb32813d31c5bb11934d3cde09b8048c6cb,Non-Logged,1,b4f2d98a-13c7-487d-8fbc-79bedaebd950,1658602519225,0,110794,40.67,1,1658602519225
f35ecff48246a83438112e726121996e6d840e1f76d26c4ea3e38595992916e7,Non-Logged,1,20ffc98e-65ca-4cac-9440-7ce52c2b41ae,1658419211215,0,10000,9.23,1,1658419211215
e5bcbf3228ea65f4640e10759b1c9c1043096583f7d89b697b05eeec70a49a82,Non-Logged,1,ce5d6ef6-515a-40a9-923d-ec185e60a0a3,1657320274722,0,51589,75.53,1,1657320274722
1cd131c74c65b4c848df1a6a443454162c16f8b5e4b3f91f4a265ff3485acec8,Non-Logged,1,2e60f73e-c55c-4dcf-8821-a0482a05d27c,1659962253089,0,36646,42.48,1,1659962253089
71425733f9f745f6f468e5534708cd8749b5d8e40e36b91f1335dee029d39591,Non-Logged,1,e29e4cd7-c2e3-4e5f-8985-a464e96d990d,1659224578750,7,151944,60.95,1,1659224578750
c6a02971eed38418e69ad3e37a1b86a3ceef4dab289c4b34d379aaca901bea79,Non-Logged,1,ac2c2269-7d9a-4ebd-9afb-26dcef13b342,1656943562982,1,34926,15.3,1,1656943562982
e260863dca2f403181f0aaf445fa00c74d81c75e8446a89638648d059bc79ebb,Non-Logged,1,1b59baaa-0c90-4749-b574-909324e229c2,1659012260161,3,158070,37.12,1,1659012260161
de67d213dc3d97e66c32f50c8c8119c46b3283d8312dee039abbebcf6674f424,Non-Logged,1,9388c334-2fba-414f-bf6f-6354a8965b7e,1660155391249,0,37136,54.02,1,1660155391249
748f528b1d58d8ae09b2b601686cc856d4ac115b659ce02a63579fca5668b637,Non-Logged,1,545bedbf-52f8-4eaa-a614-7b8eb967f8f0,1660230003339,3,21298,28.54,1,1660230003339
0932ae04eb8a91c88d150e0757c6764f8592450e037be567dc37b449a9a55d04,Non-Logged,1,ffb9c374-12ec-4df1-9243-caf94a8cc4d5,1657133843922,0,10000,8.61,1,1657133843922
3947af8576c2400be89a4270cf6610fb71cac379a355df317a423d610b61587e,Non-Logged,1,574d47a2-94fb-4f69-81af-4d2d04489bb6,1658003590817,0,8404,46.78,1,1658003590817
4fbfa3c37b7f654c2ddfc87824df698a1d67ae556ba811cb71630c0c29c7c571,Non-Logged,1,66e39e8a-a029-4a42-9e47-7a67eb076f1d,1656673901384,0,10000,11.2,1,1656673901384
47289815cd2151d2c925297d2e018c0dfdf2104e0dd3544b1b708a10aa442238,Non-Logged,1,5e5342f0-080e-4102-b898-b2b3db76471b,1659160766485,1,90000,23.58,1,1659160766485
dda4794fa950c25561f78e0a9ae7e3e4f94cac2d531eafe03ecc228e85765a94,Non-Logged,1,e8066bb6-06ad-4dd3-a831-edd8bb6d77c1,1657977021432,12,25407,37.75,1,1657977021432
96e8636fb45dcd1e830eefd26a89f8756cb0fa94f7e256ce1243e75c19a0e362,Non-Logged,1,a9c99335-08fd-4f74-89ba-8f406dec99f7,1659382770766,3,128354,61.65,1,1659382770766
137c4b4b4a51cfa837dcdd0c92cf9dd010867d845de136fa14c24b9812431c96,Non-Logged,1,fb5391dd-e287-409b-85aa-a15a87d235f3,1656967834678,3,30000,64.13,1,1656967834678
4d42af263c8f0d8734eb4666c4d3f94b7a176a629b07f511e8a085bb0302f3fa,Non-Logged,1,9388c334-2fba-414f-bf6f-6354a8965b7e,1660326074067,25,143690,45.71,1,1660326074067
f932e19f33dca5aa6bd8c6a8e8c53364b070daa98ed8812da0bf0dfe2dc785ee,Non-Logged,1,734af486-bff5-4515-bd2d-cebb00ef125d,1656645027110,3,11176,23.36,1,1656645027110
c8ee64f201f61c5410e1e1c177d8385ff21e1d1b8e13b52a537c15393d13c509,Non-Logged,1,ad76a886-22e5-48af-b9fa-6b6cd47cea7c,1659108152300,2,20000,40.62,1,1659108152300
f03b2d5cc0d3dde7b911334ea7dbba5ae5ead282a5c489b0940a8d2b04b4dc46,Non-Logged,1,96b37a1f-da53-497e-8930-164526883914,1658657637539,0,20000,27.18,1,1658657637539
acea81c44ea38b0e39321e8f3f3dc503226af53b3971f14385b4d282d3b9f36d,Non-Logged,1,e41c008f-7e01-4cc6-85d8-dfe032052a2f,1658683458468,17,10003,67.16,1,1658683458468
6d2c7119a5468c56cee157b8f735ebbc30997333579fa35a0bfb785a62b547ee,Non-Logged,1,6f0fb2c2-b36e-4a17-97e9-ec3979688885,1657073423849,0,10143,13.24,1,1657073423849
4e04ec2bb0060774310e63c31622bbe631c178da38d3ef33f171503a75b3b652,Non-Logged,1,16bd7777-abb4-4a50-a51e-df8e5f7e4a5d,1657225750493,1,32560,75.21,1,1657225750493
da70afddc16606351f99182d0f747b977b455d88a3d0420e65654952c97af8a5,Non-Logged,1,e52eb079-3215-4b16-8738-c025062bcd34,1656695689808,1,78878,56.17,1,1656695689808
dae20b65a9a609605d649700a1177a06839a496495b9a743ad9d3930761cfa6d,Non-Logged,1,9a4f6d3d-3750-4846-b603-96c1a6f8d245,1658442914631,13,36130,21.77,1,1658442914631
0eaffeb900e59adbe3fa68d6a6885a4e200d0337d36437ae521bd7c7de67a06d,Non-Logged,1,3e9e135d-6494-47c5-86ba-e4417c81ba3c,1657264504984,0,5259,99.24,1,1657264504984
848483046e55ee350bad76880d3fa3858f3c7be6db9709da5cac1860c1dbbe7a,Non-Logged,1,1a0aedfb-d509-4538-9553-e43883f134ce,1658086290299,9,30000,46.96,1,1658086290299
4313919a39838bfc76fa70c8f4e3a6f3d10d28a2d2b3b9e49e1c999ba94a9a9c,Non-Logged,1,a9d44e59-4fba-44c5-9d52-c9733e81a3ec,1657582752585,33,98027,73.43,1,1657582752585
07a964a8407cfaf6fb5f51c28ace2a8b0235be8bae5a534857ae16e1d63af5f4,Non-Logged,1,51497744-3e43-431e-8b11-3af1128927e8,1657543268424,1,100000,77.41,1,1657543268424
3004cf0387fabbbdec17ba37a7b95ce5f8335fe416257f1d16c6e34a9323c4a0,Non-Logged,1,a471a3b0-6698-40b5-ab10-9c63d15a662c,1658244294209,0,10000,8.11,1,1658244294209
8196c54a7096e917e74b44a1e521f942e493062f687b58e49469a5334a2fef2e,Non-Logged,1,63f1cc75-f6a7-45a5-818e-5818170dc890,1660402648871,18,70000,30.41,1,1660402648871
38676cef6c43f525f02ba993711c46c6ce66803fb17d7fce2a8a7ea4eb586998,Non-Logged,1,cf9560c5-35ab-495c-a729-56c6cb9da68e,1660499758548,5,12704,29.94,1,1660499758548
dca49f3a3d45b3f547f185ed40c8d7dd9f079d2e5cf1534ec3a562294ab26450,Non-Logged,1,3e76a29c-f60e-4166-8ad0-34e29769f7ca,1660525860653,39,70765,52.79,1,1660525860653
5ba78cc454784ea04052109851c6802d112b8e019f55cd3af01d2c0adfec6378,Non-Logged,1,1f2b9c2f-a2d2-4192-b009-09065da8ec23,1660324164046,1,19629,39.25,1,1660324164046
2d1e1c324994265f56584d59315f9b7e9a55e94cefd642ea054737bf65542b90,Non-Logged,1,cd29f6e3-94b3-4640-990a-531ba6934df0,1659196475627,23,30897,29.56,1,1659196475627
044c548ec3262b38a85163cf7e4ddf4efd69bf60ca5a4cec2260e3229b3a089d,Non-Logged,1,b57043c8-9384-42b8-9398-8c7ca48d5456,1657902322704,0,29155,34.8,1,1657902322704
25b4fca297cd1018966b839cc2f817fb348f02b2b7387a1fc2a44da0a88bde6c,Non-Logged,1,ae6ab95e-0c43-4be4-8748-3eef5711fd10,1657649816148,1,118578,55.1,1,1657649816148
245aef9d7e9dcb7f9ed36ea9038789dcd67b86921ce5490bab830bd42ec33dfb,Non-Logged,1,a4ab66c5-fe7a-4c4c-9390-bac0f873bb75,1659807890241,0,30062,73.49,1,1659807890241
793d0b6a204e786365402e8212cd99a9413a5f4d6d7a2319faf81ccae74c99f9,Logged,1,f270a7ca-a817-452a-af86-18535ff3a3ef,1658183477449,4,8185,17.68,1,1658183477449
a9d64254f0d753bfb55788a543894ceda01cb8160b6ed7851ca42d7da7a0024f,Logged,1,6fc048aa-7b28-41a1-851e-387ca2cf2b46,1660291988359,0,100000,62.66,1,1660291988359
7e4710a84635b85b808346fa80e97ebfa33a5cfdf34a3e855539b0a126ad0d00,Non-Logged,1,2e2eb797-f50d-4c73-8aa3-65b379bb41d3,1658934841881,6,10000,19.05,1,1658934841881
8c11b851e62f3752571d07a59f0b0fffca33f247b1ca11f065c422a52b50ba8a,Non-Logged,1,5aa2f697-62ec-4434-8613-77642c0823a4,1656851052010,0,10566,8.94,1,1656851052010
0903c57063f69eedc0c2b0bd3b60dc931a2e97a6de112ef47d6cdc456a933ce9,Non-Logged,1,eaa8f31d-7c92-4750-9433-1225918e3046,1660071741284,0,20000,8.99,1,1660071741284
25738ad30c4b50323cc842ee5c8bcf5804f2a9017733b63d10151b4bf3b763cd,Non-Logged,1,8cd82ad5-bb03-4872-bdbb-a56cef1445aa,1657670745222,3,80000,47.52,1,1657670745222
66094d0031b1e745600198a80c78a1470be328aa2eba6e3d47f3bf4d894b24f2,Non-Logged,1,70f00bab-c347-4404-ae06-f06a99924f19,1659538325150,0,20000,19.01,1,1659538325150
afb7bf7ac900e98e05c183a6c27b86e0b22f289fe1dc4d8578d8e4d85074ee2c,Non-Logged,1,9f88c019-b5aa-4571-91ac-0c073dfec742,1657831442702,0,10000,9.41,1,1657831442702
fb23749ce1214676dda7bd98ddabd4989687c4e45098f5c0e5b076cae0398481,Non-Logged,1,d9d9aaac-d8ef-4cdb-bb5a-e8ffbfd30da2,1658348863252,0,62156,38.79,1,1658348863252
0975124b1f97e0d115264cb0348d5ac354535731c0108466d2fe475cf073ad9e,Logged,1,d5f66879-8167-4e21-8f81-b969a0c5e296,1658438609858,1,7543,38.17,1,1658438609858
976978be5557ab6e9532936794d2a50ff2faa08b555b5a6111596ef6a8bdd72f,Non-Logged,1,d9e08499-7871-4e17-b13c-9f00a868ef01,1657720607034,1,10000,23.65,1,1657720607034
9624f70c98efedb1d2ee51cc73b51c9944ae48b0d6be8f30b324e8cd5c8df4de,Non-Logged,1,1303c317-b66c-4d3e-9ada-24da8e09a2e3,1659365473340,0,10000,11.0,1,1659365473340
57b6791dbc968f0a318c49051111c8aaf1c5977ff9dd3b8c4f010380992f44a4,Non-Logged,1,8957afc6-9a85-462f-8764-85a443782c81,1659915419190,6,8623,7.28,1,1659915419190
42c4e8a239eb0d223f1299e08ad48fbf7347eab49fbda144f43898890dc5ef2a,Non-Logged,1,fdb5b981-ea7c-469f-8a49-eac498f2c0ff,1660316761889,15,19870,56.18,1,1660316761889
2f1e644c9dea43f976e614881dd5cc21ec5d94ec22b46e8cfbaf4e408c4f1268,Non-Logged,1,05f252aa-7671-40be-9fee-a45d62ada7b5,1657851415999,0,30003,12.5,1,1657851415999
78ef50865e0b531cbe6dfa931bd6f169e3f466bf8ba2039c23e17610e9b4f882,Non-Logged,1,ade4a732-4389-4466-ab6f-c703518b2c07,1656780298844,0,10000,10.22,1,1656780298844
c07578a9c17a5779dca814983f47d6345cd36c4ecbf98fe6d5b90f1a672e3512,Logged,1,7c67a9ae-1335-4a23-8ffe-7e56811a6266,1657886695590,0,10000,5.82,1,1657886695590
f505cbcc3425654a856db9f0cd2821241b869926f53277a1ef56255391b07178,Non-Logged,1,ab69458d-c96c-42bd-8f09-25c8a7481afa,1656930272681,0,87526,48.02,1,1656930272681
7deadd446bd255e0bcfcf16c2f60cad22368ee9eb68bac41341598bf3c9e80fc,Non-Logged,1,fd76e68d-1bbf-4d25-8ceb-f3d6812e2429,1657272479993,1,50768,51.43,1,1657272479993
f1f05c9c0ddeb0167b07cabff191f3a94b6435b1d92142b4c72c6627a039a6eb,Non-Logged,1,b6d6784c-6b91-4aef-84e3-8d410e595ae0,1659640533926,0,62909,53.44,1,1659640533926
85d2fed24544fc6b5a02d17e3a61404511cf00ac7817d497b9b38a48b5dd7654,Non-Logged,1,50caa5e8-5b26-4aac-93e1-656d85a337b8,1658541860246,4,31530,26.86,1,1658541860246
1011227a67a9951a6002cd7d195923f74e4a5ae4df29c58268407e7a87af6bd5,Non-Logged,1,d6b54ef7-447c-4821-b6a6-d940849f85f0,1657752535405,3,10045,18.78,1,1657752535405
55cd9f6d5b810653b8a335ac3c113bb1d880b69bdd418f97829555413f1d05b0,Logged,1,81a4f101-87e2-4782-b155-bf045e373ab7,1656760265561,13,50000,55.37,1,1656760265561
c2af111b7c2122c9024319f61e3a83fac1c2785f25dbbc1e3f0ce7b44fa6d563,Logged,1,eeb1877c-8272-4a70-9b61-73a6dc81548b,1659187266185,1,79548,55.1,1,1659187266185
d7a2f0c0b104ce1494df5db3bd634f6a886c2188c05e7ad0b438fec96d175abb,Non-Logged,1,355e12bf-0a9c-4342-9f81-6fe3d3f60e5a,1659468341602,0,12727,13.42,1,1659468341602
8f5a4c4bea59b0ac7215e93c774bd126a475e6f4fde8e02f5c2a246d3abb80d6,Non-Logged,1,3b59f02e-e8e1-46d8-bde5-02088e8919a8,1660140250232,0,11904,17.74,1,1660140250232
bbebc7e92c09f1c1e14878fa17d83f2fbb921dc0686a767d72be11b469d3cf26,Non-Logged,1,bf902dff-8008-4522-a7ce-fa76ca82d584,1658684296199,0,43927,36.62,1,1658684296199
d3def48755b661e184d5c4ef38c11ff8f9a875039cb76bf90b37ac35e705b515,Non-Logged,1,41006d27-11f0-4aa8-b2d0-97fc9bb32ef5,1657908917725,0,30000,23.03,1,1657908917725
a30371936c016817f394c21146aef1ec0421f8af7dbff1d0274cec31202e86ae,Non-Logged,1,35f4177b-9fc1-479f-9003-d66f4b11e9a0,1658516495413,1,120000,62.64,1,1658516495413
a0e2e1ceae01b07fa3cafcd42e6a631e603614a509838078a5ecf5a8df80727d,Non-Logged,1,692e417a-8820-4d65-bb87-8091b9703ecb,1659016672585,0,25815,40.95,1,1659016672585
642a4ddeee4234c4ff3ab6bc3e66ffafdf6d21faf6f14bd9cd6447048a5af07f,Non-Logged,1,5eb39e89-bcd3-44f8-ba2b-99510c8558f0,1660082192769,0,36485,47.37,1,1660082192769
1734db3a78972cb7186908c6b1efabed0308d314058af8832d08c218512c711b,Non-Logged,1,d92d1764-a909-4389-8bb3-1ea755dcfdc9,1657334690297,5,5320,41.0,1,1657334690297
b1ae5e611475857b8d06beaeedf037898d758eeff468161e88e7f8bbfc67829c,Non-Logged,1,4e8df4fe-960f-4ba7-9316-97119ec6345e,1656790424976,15,20000,52.39,1,1656790424976
b66748ab435f5b19fb6e313e34a00b410f12869016fe5806575737db184ad4d6,Non-Logged,1,0bff8e85-7ced-474f-bab7-40d6418172a5,1656852607907,0,20000,82.29,1,1656852607907
1ff3e0687cb7036492f56fac4feb90dfb451a68646283012e1bc77be73a50c96,Non-Logged,1,11ed8c9d-2312-41fc-b269-a2b4794c37f4,1658552463737,23,120000,73.26,1,1658552463737
ef859f25dbdfba15fb30862df6debee77d7908ecb979c47ea38a99e148d66a2a,Logged,1,19190701-2c67-4100-accd-1f9dba794917,1658236264857,11,43642,31.08,1,1658236264857
067278ff413324b6766524ef614ab85be165c3c8b62106fb3826e0bd115c76f6,Non-Logged,1,9cc02b66-860c-4fe9-899e-f9226b002504,1659397844300,0,10000,11.21,1,1659397844300
d2c4bf78f56f55a7ce7718e4e42186b9548ca743b8ae4432aca0167c19e1a491,Non-Logged,1,335da993-1c5d-4d13-ab29-5bb37ca56c1d,1659554617582,0,10000,5.31,1,1659554617582
b9b03b9a33ed2033233103fd0be70dfebe2821219feb301310c884a02e63e084,Non-Logged,1,0fbfbfbe-bf0f-402d-a556-0e8817822f4a,1659806270344,2,15136,16.38,1,1659806270344
7ed03d6118830d7f617146104690055b5bd7597038fbfd0f5a851d4c9e86e009,Non-Logged,1,89ba0f0b-26e7-4e05-bbd5-149d46c10a4a,1659645174979,2,10668,50.15,1,1659645174979
e6b3febdfba7778eb52bba02166d4e5c8dc9533c755c4a54cad8bb2bd4914d5b,Non-Logged,1,a3fdf9c4-7762-4ff5-8029-c6486d046c07,1657380713474,4,20000,17.55,1,1657380713474
35cff3eaa6cd79e581155e8b656eea93025bacf0073816e8bfc5d2f75c774cfc,Non-Logged,1,ea3a422d-892e-4e7b-81bd-f8735c840fad,1659635723646,0,36806,18.81,1,1659635723646
63f2430b40dc7e567383bf56036aaa70398d43bd44232e2817cef97fc0fffce1,Non-Logged,1,3c7f8992-7657-4fb4-832b-5ae611d57106,1658586330763,6,30000,25.04,1,1658586330763
153dc8827deee5cc0ea87e0be8ea5560d611a30ddcade681385bbff7b463a620,Non-Logged,1,89ba0f0b-26e7-4e05-bbd5-149d46c10a4a,1660090969736,16,20000,70.73,1,1660090969736
ee12e650991393047a7b8b692f116c9cd332d0c75a8035b5a050dfa2689a7262,Logged,1,25de6b28-d3a5-4220-82e0-5da2d8842632,1659578191636,34,110000,55.2,1,1659578191636
29ec75ff612a0c93564b5e7172f7593d00a46f507a2250fbb45d6ce1c734f662,Non-Logged,1,17af97db-7a72-421e-b96d-7d1832c00e11,1660289576584,8,10000,22.09,1,1660289576584
b1d7273f42429a08fcbe1b78b122ae35a760e6564870cbbb4190692bc151e823,Non-Logged,1,16d066fb-0449-4321-86a8-3414a67376ef,1659400165927,2,11841,24.89,1,1659400165927
8cbfc6f16283e439dd67ac9387d882b937f85aecd8aa1670038e064422db27ef,Non-Logged,1,881f83d3-bb4c-4064-820b-1c693ca13cdf,1658960054835,11,130000,58.98,1,1658960054835
eb98e5ef4a14e1e60f5b1d8a05e9dae1890aba591c99605ea27cedae2bfdcf3f,Non-Logged,1,9e2e4c03-856c-4c86-aba5-e0a77d095161,1657928399866,0,50000,28.09,1,1657928399866
db66625f1c2c1bb7bc9371579eb8f6bc3751a4c2265e8521a38eccfb103b8902,Non-Logged,1,92765e2f-9e23-4b1b-a45d-451c1c7998ee,1657287151903,2,30000,38.93,1,1657287151903
47ddbc4a1d4b6c54e481eae417952fa0fdd21669785306cd811d16715184f633,Non-Logged,1,01117223-fe8c-408c-84e8-904db92128cd,1658503490906,17,80000,39.09,1,1658503490906
eb8dc7150146b40b06a96a76f43c5d3db010fc08ea5c11332f13fbd18489f831,Non-Logged,1,b9b6c010-39c8-4e58-a815-82964f892540,1656779909630,26,56314,33.22,1,1656779909630
7a978b15c3aa7984e5d375d09eb5baf69d7b662bab614b679bd132000b932106,Non-Logged,1,50af1cf7-1ec0-4a7d-9c10-923544036a60,1657673389132,0,10828,12.5,1,1657673389132
4f92d22d5ae3074aabd17398009c0f79a68a687b8a2adea9c1156a6c5a5a5068,Logged,1,b8bca403-7d16-4f1a-9533-604387a3e0e9,1657563383746,1,134194,60.57,1,1657563383746
ae9e152eb72694d574eca8075a5ebaef7b248fb500b49ea564b2205b8ce886b1,Non-Logged,1,e2582adc-ec43-4b0f-8d03-79046f3d85ae,1660291520912,22,127282,84.84,1,1660291520912
4a1be6dda0be683179fd766fa68a5777aea9c7bb0725fd8174f8d188cd4fb598,Non-Logged,1,08ba574f-4546-48da-b1dd-7ae61fdbfd10,1659906817533,74,150000,82.16,1,1659906817533
dbb2dc51446045bc6ca489d86157d5a66a37a5b092c93627b7ffb1f97817fcf3,Non-Logged,1,45a23540-7c1b-4d3f-89bc-74d897e2a489,1660138858513,0,5146,35.11,1,1660138858513
c54106cca94dce6dca60610d375dd85bce00ee9a1c9367693fc67c8d71eec2ce,Non-Logged,1,9a310129-878d-4a02-a612-5d827fdcc843,1658962678440,3,20000,24.78,1,1658962678440
ce29e18e525e138004861e4a8db601c2eab0e56dd83ec816213bf32568dff4bd,Logged,1,dfa06fef-03a1-42ed-9df6-92cefe3f3ce3,1657461008800,12,70000,44.93,1,1657461008800
8c339e20a29ca46dccdd26f537b3138253427d4e6c66929bdf60086fbb3bd0be,Logged,1,4cc9c4e6-a913-4965-b3bb-f4720bd1b1f2,1656712086677,0,100000,53.41,1,1656712086677
f13c2b80caebc67f68fe266f942ea318adc221f647bac2fc8b7da60f70ecf50c,Non-Logged,1,e1e71f68-7dae-476f-8186-dd54200aba37,1660137479108,22,86664,40.32,1,1660137479108
0031c0e5a7fdba20e50c52976db1093a1e810d40fc2a76068c4a98b10a6c8cfe,Non-Logged,1,615beb40-ed99-474f-9d9e-ed5414e2a69d,1660422694635,4,20036,87.06,1,1660422694635
2825055d613daf3d703b46da54459697cd31174db8acb587084bc542836ecf97,Non-Logged,1,1543d6de-31a7-4521-a4da-d724962a8104,1656964462301,0,7607,55.47,1,1656964462301
86d8ced70652c41dedae788ddfe7f8b802975e0f4ad223b93507b174956e5cf8,Non-Logged,1,c83bc802-afc9-4a88-a164-05870fd22793,1658785835018,42,113137,41.16,1,1658785835018
e07b8677a060a6b4ce22e465e44ee92e000a2168b1e58bc3bc73c65fccad39c0,Non-Logged,1,7f57b17c-8786-43b4-baa0-2bbbcf68f3b1,1660132665079,2,170000,66.01,1,1660132665079
a169780f30000cccb1331e88555c96d95f25abcf7c484c06d83684c66c8b979a,Logged,1,459f476b-38b2-4190-be16-45a8c046ac06,1657128047161,10,10119,33.07,1,1657128047161
65bd42b1cac569e35232b287313be835edb0734a37ad3178a78773f5d223bb65,Non-Logged,1,95dc51a1-ccdf-4bd6-ba0a-34e71d959132,1659190719865,4,25846,25.38,1,1659190719865
33757db770d38ddafc14e737f0111a22fb6823b1a861956cf848eb3a5af4bb8a,Non-Logged,1,1953b7e2-58d6-4721-a1cd-cc9ed637b9a1,1659363852194,1,29318,90.02,1,1659363852194
708e488b03098c7a8c503036df54bc0e1a973427ff26cf1c256453feba6bc7b2,Non-Logged,1,a4b081bb-dcc2-49cf-a975-583d59cca0d1,1660515562611,2,22787,80.8,1,1660515562611
d5eae1a40f7838d97e1813b9ef1231438cf74e004e5cd47b987c40ac3faf2672,Non-Logged,1,31afd5b3-e3a4-40e3-aea3-735621dd34a5,1658096909471,17,55845,17.48,1,1658096909471
b240cafc9c9ef885ad9f80c2ba1111c138646f4bceb5d425e2f2328ca67e2d3b,Non-Logged,1,53295c63-b15d-4dc9-8626-4cc05fe298cb,1659563947739,0,37881,42.52,1,1659563947739
5bcb4a2ca3a6d13d8ce8336fa9ea3a2be46a73f01fb271e18d042f6cfd56c8d4,Non-Logged,1,250ceb5e-973f-435d-a300-332aa60295bd,1656690514593,2,40000,33.41,1,1656690514593
3b58f01e2df820199f82b250f9c153357f3d7db09757b1157f9a5ecb6f88087e,Non-Logged,1,c0a8d87a-f725-4d4f-8915-c681f4dfa94e,1658272874885,9,32345,39.5,1,1658272874885
3adcc128ccc5ca8c50a3214d9c933d0422c0dd981d67aabdd189a60f133d46f9,Non-Logged,1,5797efd1-3b5c-4cb8-9259-2937e9107e1c,1658696503873,1,29654,15.69,1,1658696503873
ea9775dcd332e24ac515921d9e8d412d1b314ecc46500fbc5183797cf954ee5e,Non-Logged,1,b27685dc-4722-47df-bff9-acbdbc0df3bb,1657982312040,0,11922,29.34,1,1657982312040
ba23e3d07fabbd045b6d4ea8641c8f57e662cee75b2bf57a646e1075a6484c6e,Non-Logged,1,66e96c40-e960-4d19-b52e-7c0382485640,1660068829975,0,16904,24.9,1,1660068829975
8649a7712e237cedb447ab62f7c71d4bba67c74704e4acdd59d883b39fdc0066,Non-Logged,1,aed49799-59f8-4f15-94be-566e753d9325,1659038278957,9,7204,14.36,1,1659038278957
a96386ad51a83173c560448450c4660b34f1a9a62eb6fdfb15c018a7ab33f471,Non-Logged,1,0fb47688-9812-4750-bdb0-896be399bdc8,1659872395489,6,10024,17.44,1,1659872395489
aefebafd4d778b1a065a7efcdc16b1e8e903506f929dfe0a8c89f1120e208a90,Non-Logged,1,49adbbed-3a2a-4c08-8943-f8a424259304,1657813189021,11,35200,31.84,1,1657813189021
96b2d016771b82994e8a84f41057c983518b3ae4109cf8aec74b24e1f4fb0332,Non-Logged,1,bdb20ced-c4ba-4b52-b73f-7156ea465521,1659726345265,3,28383,28.53,1,1659726345265
483df6dd3ecdf57a63794af52b0c9790c1f748152d8fe93939789b04b1873951,Non-Logged,1,292f52e8-880e-4e1e-bae0-223c36657a06,1658420605420,12,30000,47.84,1,1658420605420
220e1a6e75f95e0bd3d3a82c29445f0c0438d19ddacc906aa425f4f9918b728d,Non-Logged,1,fecba256-cd75-4bdf-a9ff-44f45d2d1981,1660162386943,1,30000,33.47,1,1660162386943
41bb82a3df281ae5e63dd91841d5833972d247bab4d2858c029e11d1c5275d32,Non-Logged,2,"4789c49e-b9ab-411c-a142-a911923bc909, 4a4c217e-5d33-4203-b1de-942b45d77970","1660087272789, 1660521090931","12, 10","10000, 20000","100.0, 21.88","1, 1","1660087272789, 1660521090931"
0961a52b37b18fa41998130e0331a1a59f7b8e18dc8cba49c8326d7032ca7100,Non-Logged,2,"ef583d9c-983d-4f91-aa66-0d114ab32398, 70146584-b20b-4600-8ddb-db588f79ebe1","1658289009858, 1659226020383","52, 11","80000, 10000","65.37, 38.33","1, 1","1658289009858, 1659226020383"
d0e229bff874b7bcba1d7a76c8cf91267618d21fe184b52ac672f83767467378,Non-Logged,2,"d4ac55b3-cc99-4b47-aba2-ed60be31c170, e0ddd20a-19be-4353-a0dc-d8389f62fcd4","1659351117237, 1659351681400","81, 31","360000, 110000","89.37, 67.02","1, 1","1659351117237, 1659351681400"
ff1442e6ce4d6455ed4453f59e6ff6c357f01ca6b236fb0875cbff801b739e4b,Non-Logged,2,"dc35bb7b-fd2e-4779-aef4-d67b35d3b536, 230d19cf-28f8-459a-ad3a-da60aa640639","1660087566194, 1660087696346","0, 2","10000, 6393","6.64, 13.69","1, 1","1660087566194, 1660087696346"
98b0afa169446947ba9fc7d7415b9a8cc8fd13874342ac647e94b4070a9ca237,Non-Logged,2,"80aa7bb2-adce-4a55-9711-912c407927a1, 27062850-890d-462c-b998-90a9617a1a6d","1657818484467, 1659622913430","0, 0","8471, 170000","8.81, 58.45","1, 1","1657818484467, 1659622913430"
bf058fcca1a9b994b40e6e4d8110ba79f9dfa6e785549f6af146d39a5de4d5d0,Non-Logged,2,"2c658066-8999-486a-8ef1-27825ebf88a2, 683fef3c-bbd9-4cb5-b893-acd1a1511574","1657330264909, 1657330289109","2, 0","18966, 10000","11.55, 11.08","1, 1","1657330264909, 1657330289109"
5824aaad84166360a924f0055f936a4de3f20929c0b40bd4ba92b484bbfca91f,Logged,2,"03c6084d-c6c3-4b93-aaef-3dd22850734b, d144d4b0-a3ff-428f-8665-2ebf02cb5089","1656879407674, 1656879423904","1, 0","7438, 39068","59.74, 77.08","1, 1","1656879407674, 1656879423904"
1d53a1f5300f997b0ed516a7df03d0f4158269d6d289f3412095feb9e7344829,Non-Logged,2,"3cf60bf6-ef3a-4481-abe3-cf699b51b4bd, 5bf12974-0d38-4451-94b7-cb59cea1c1f9","1660409727558, 1660411108657","0, 0","14499, 45492","19.64, 45.43","1, 1","1660409727558, 1660411108657"
cdc724fae769dd7e166567b04e96226d03bf5bc012b40e1d3e2455eb739717d5,Non-Logged,2,"69632f6d-3d1c-4f4f-8b94-6e45d817e88d, f7a46b5f-239e-4c39-a693-9ecf486cb606","1658417595397, 1658763993125","0, 3","10958, 180000","19.17, 32.84","1, 1","1658417595397, 1658763993125"
1f0009c37f930f80d1f1a10b57cef83c6b676f309ce74ee6da7e7cf105816f7b,Non-Logged,2,"754d4afa-623a-4a69-8874-158252334e2b, f0d5e401-8e21-462a-addc-d2d5e4f98960","1657479718001, 1657479871216","1, 0","154392, 350000","83.17, 41.89","1, 1","1657479718001, 1657479871216"
f7a247c9c9363885702e1f49274772059de656f81d50711151996e0ae081a24b,Non-Logged,2,"e3499f5b-c096-4be0-bbf1-0b63780d1244, 28806ed8-ca42-432e-9bb4-49089b0d0928","1659910265542, 1659913747374","1, 1","30000, 30000","9.01, 8.77","1, 1","1659910265542, 1659913747374"
d766f8346f98a8fb6b9971757f6fb0f44afd4814d979f9cbc77589f6dc73618c,Non-Logged,2,"5fe9a83c-1388-4858-b04b-aa4803d16b20, 5fb9e47e-df66-4ce2-bd37-d5554a6e05fd","1656696336541, 1656696591122","1, 0","25612, 11458","41.22, 46.32","1, 1","1656696336541, 1656696591122"
9d0181592a5c5f16f19f756249dd4d41501c58443fc8b39ab8ea9ef3d47f8d5f,Logged,2,"09d12b1e-2262-4ad4-a0a8-e8d86a7c1ca4, 6867c681-1abc-43ae-97aa-7015ea14b226","1656687379186, 1659107833211","1, 7","32639, 180735","54.26, 51.09","1, 1","1656687379186, 1659107833211"
5f416c276341eaf27ea58d96e049d6e4e45c29a35f8289bd6b83d44eebc054ef,Non-Logged,2,"76d6a4b9-663f-4277-a2a6-2ca3bfb7fc24, 4436ec05-781d-48e6-b63f-c700886f9a2a","1657217618238, 1657894035112","0, 1","46420, 20674","28.78, 43.61","1, 1","1657217618238, 1657894035112"
7be40999b2687e0f5e8a86398da7c847637b8742d546faae3dfaac53f1d38350,Non-Logged,2,"818b2565-dd6c-47b3-a868-2ea7ff3a782b, 0b86a5f1-e68a-4495-9e81-91fceafceaab","1657684307047, 1658109155873","0, 0","10000, 80000","28.47, 60.31","1, 1","1657684307047, 1658109155873"
a733fb048134747c7575d9213264ecd518cba9656abbed89e2123214e1116bed,Non-Logged,2,"bbff589a-b76c-4790-9117-78f78d5d2f4d, 0f106a3c-4dcb-4a37-a68d-16387857cba0","1660100268542, 1660279286108","0, 1","109586, 10000","46.91, 17.43","1, 1","1660100268542, 1660279286108"
3650e6aca0e8b46529371f3414f0ca0ca1e27718ca5c39a1bee91ca066d12cdd,Non-Logged,2,"2ef06451-36e2-42e6-932c-37484cd2968e, eaa850f8-0780-4470-9f83-eff984b51444","1657153598216, 1660260083610","0, 1","54078, 70000","68.66, 14.79","1, 1","1657153598216, 1660260083610"
6aa1bb5c6b49e8a32fc5454cbcb97faf31db6b8c032202fcf707be5022776072,Non-Logged,2,"3c0a9dba-b7a3-4736-bb17-08d2ec5e4f1b, 6df21142-f614-4c3c-bbbb-8361f0275446","1658256183312, 1658256307324","4, 52","20000, 140000","27.59, 61.77","1, 1","1658256183312, 1658256307324"
ef46360660cb2082d98c3b4fa3b5e3622eb806fe046a57eb70376105dbf61c31,Non-Logged,2,"c8fcc798-fcd1-4949-a59a-8f11a883fe5d, 1f36022e-71be-462f-a95f-07771b6326cf","1658188742860, 1658188835789","0, 0","30000, 10000","38.25, 11.01","1, 1","1658188742860, 1658188835789"
d5424e207c2776b3ba749f76abd424a7a548471fbd054ad01471cab452562572,Non-Logged,2,"e75e5a77-a860-4217-b15a-f22fdfde8ecc, 91266575-23d3-4ce6-91b1-5d0ad7c3936d","1657550256816, 1657553539635","2, 0","169440, 55540","67.16, 33.63","1, 1","1657550256816, 1657553539635"
2c15a2b0ed185b5a045f95fc596aa9832064b0905e91ed249fb0f471ca51d7c6,Non-Logged,2,"7b901e16-a051-4b2d-814c-810b602c3f4b, b1a01168-6acc-4f2b-8b53-fdc9a1cf6372","1659222106971, 1659222146725","12, 17","13805, 10001","29.49, 66.11","1, 1","1659222106971, 1659222146725"
5feb97c91e0bfe186476b34b478ffbeedb3a30cf79fc2674a7e46740c01c41e6,Logged,2,"3039fc3f-966c-4067-8ea9-33011ddee5d7, 8eb3641a-5571-4b9d-8682-0cc405e8bec1","1658019569179, 1658019656759","56, 28","83675, 49228","28.87, 31.37","1, 1","1658019569179, 1658019656759"
f9c604aa04fa19dfa98be012e215b9b6ac6430ee6a1993b2893e4b5aeb646328,Non-Logged,2,"ed8e06ae-46fc-4d27-b64d-1ef3f8999c2b, 5ab8af79-771a-4756-ad81-db03a40d6659","1657149528933, 1658425717644","0, 0","20000, 10000","55.21, 12.34","1, 1","1657149528933, 1658425717644"
0386824e285ab3bda74d15ffa2685ae8ea16bbd3689c5d24dcd131886d939813,Non-Logged,2,"0758f2fc-7e8e-4d71-b86a-fd8eece4b0a6, ed069cfe-149b-459c-9e1e-160497a2e99d","1657383153280, 1657475850208","6, 8","31654, 20000","43.38, 63.29","1, 1","1657383153280, 1657475850208"
0f67ddab1ef2ecd30e9c75515e8a1ed7b853db35f4a34e5aeac1beed2754fc38,Non-Logged,2,"7b3114e9-e124-4268-96d3-66c625c36966, f4aeac78-1545-4296-9459-756c033074ae","1656704173896, 1656704953577","0, 1","14650, 25578","27.52, 44.17","1, 1","1656704173896, 1656704953577"
fbe9992549194f5c0769c3aff158d1262c2bfa4647c5e3bfffa15e69c8c062ee,Non-Logged,2,"esid:conteudo_editorial_g1#materia#http://especiais.g1.globo.com/app-g1/, d89f33ee-9533-4231-b411-f0de6abc1544","1657206430808, 1659563028059","41, 4","147948, 9279","84.52, 11.44","1, 1","1657206430808, 1659563028059"
8a8513c3f0493eeed78c9eb4a511b7c21f6ea115fc17c2d109e0acf4344a6061,Non-Logged,2,"6379b731-23b9-49fd-9e2a-23ea6eceb3f6, 47f19186-f25d-4b1c-9303-b4524600ea87","1657735669776, 1657736436093","1, 0","35560, 130000","24.06, 66.9","1, 1","1657735669776, 1657736436093"
ffe6661372d66dc71a95933b862c5e028d7a317fe865f63b38164cdb482c5061,Non-Logged,2,"e65335dc-548d-49bd-addc-25826c343131, 687e908d-4ad0-4da0-beba-c9db4d5f5eb5","1657506371770, 1657506417839","13, 12","20152, 20000","39.6, 45.1","1, 1","1657506371770, 1657506417839"
dd61f1c39d6165b9affe3b6436bdcb16a1b47c20ce8c68c21cdd963e46e0d8c1,Non-Logged,2,"3f54a74a-cf6b-42ae-b372-b3e26e57afba, 53295c63-b15d-4dc9-8626-4cc05fe298cb","1659356482122, 1659356492710","6, 21","9525, 60000","93.07, 51.19","1, 1","1659356482122, 1659356492710"
f7be89495c9477a0b2efa52e5745674f394a8e77d389c66f9a8ef7a179d3c2e8,Non-Logged,2,"4d89c4b6-6827-4935-9ba1-0502025af270, 0f10088b-9c3e-4ea8-9b78-dcc2a3306cb9","1657145170670, 1659447190579","1, 0","100941, 11398","66.96, 58.25","1, 1","1657145170670, 1659447190579"
cbfe43c04944e5d3664b7fd3783f4db31394dfed20cec39d31e36d52f5ea1e79,Non-Logged,2,"1af5e9f3-8e61-4d94-826a-72c870f660b9, 5f14b829-9207-46dc-844a-0a91fad59e98","1659712852563, 1659714673240","4, 1","70000, 31817","61.63, 68.67","1, 1","1659712852563, 1659714673240"
204e474e410b2e8260364c53b9ced9145c849c22d138d3b876f50b5bd2e30cc8,Non-Logged,2,"f4b484a7-38f7-4246-be9e-4e2cd8373bcd, 9cead7c4-2f0f-4984-a6b7-41fbf2bb6cb7","1658675730766, 1659988028629","14, 0","30000, 10000","16.78, 14.54","1, 1","1658675730766, 1659988028629"
e4bec547d41db7bf1cb3fa8c6c0c099919918cfa47ac45aa2e84e819bd0b3315,Non-Logged,2,"37337971-dd7b-4728-8384-f412ddbadc19, 8a75f998-5a45-466e-9570-4889cbb5e664","1659114310965, 1659117633610","0, 0","10020, 60000","31.51, 16.87","1, 1","1659114310965, 1659117633610"
7b2e9a0a466a79d57068e3613c65d3b58fafb92d243d8737bc00f46db243a20d,Non-Logged,2,"56ec6f76-7d90-4b7f-9618-2f2008c72ad1, be486ae5-6d2b-4ece-be48-81d66dce57aa","1659801856832, 1659802686394","28, 17","33586, 23308","23.7, 55.24","1, 1","1659801856832, 1659802686394"
484e6810e442b7f831253f5a8972d92cd9c288c2a94d0e9bef2f30547eab2bd3,Non-Logged,2,"385044ad-3876-4188-83fa-f560435c1a9c, c370b626-8d8e-4c0e-9d06-0cf16473bd29","1659531942538, 1659531979875","20, 0","29584, 10000","55.86, 38.82","1, 1","1659531942538, 1659531979875"
600dcfac7190a0d9f565f71cd9ec2092b20af383e91e8433f5417b3cfc945ac3,Non-Logged,2,"55c57d64-ad96-46c9-8719-973013c3cd9c, 4c11ec15-f6a5-4582-bb2e-4a92608a8e9b","1657028567588, 1657028590707","0, 32","58653, 80000","48.03, 55.44","1, 1","1657028567588, 1657028590707"
10566c4cc0a1914cc44bdc8b9107a1c8a64ae69293cfccd3c932e71746190b32,Logged,2,"21f459f6-d84b-4c1c-9b2a-20873b46cc86, e2a21ce9-2962-4d09-b3ae-b8e8ca8eb051","1657139261775, 1657145747095","8, 130","17628, 460000","43.05, 93.18","1, 1","1657139261775, 1657145747095"
abdf27e322e194d00fbe44d90cf950e999f4121cc2adfe39365f0be8dec4f430,Non-Logged,2,"c6df8d63-3d49-424d-be7e-86894fdae02b, 6a22201b-8692-4e30-8d04-217c7325d8f6","1657222332929, 1657648475832","0, 0","11746, 15607","42.75, 58.28","1, 1","1657222332929, 1657648475832"
d64c95859d97d0a6343f0a79b3bfc32d09c299d828f2fdc06f11de6f8c7b9705,Non-Logged,2,"09a5a7c8-7687-4311-907c-d43fdb650b4c, e49376c0-fb98-4458-9cc3-0c18e4b6a0ca","1657123199454, 1658495105321","1, 2","80000, 200125","48.63, 71.42","1, 1","1657123199454, 1658495105321"
560e1c75f415a5f662ba480a4ee657aa0edfa55ffd58450d8b64f9b02fc6bd68,Logged,2,"5fc43290-06bd-49fe-8d23-b8cb0f892548, e2599c60-6556-4999-a775-97099c8dae9f","1660242666903, 1660242886191","0, 0","20093, 30000","7.17, 79.68","1, 1","1660242666903, 1660242886191"
6fbfb994e6974c7c7c31ffedd2f6e20015ff5d45bb597fe3f07666a45660c44d,Non-Logged,2,"c6057c6a-82d4-4343-9670-319f1843a9ce, f2cfca8e-ba58-446b-809f-a2fa7d2c6251","1657203129366, 1659973549270","0, 0","40000, 67032","42.39, 56.41","1, 1","1657203129366, 1659973549270"
fb0470e5bd9ae72b5a64dffd7b361a7939fea805567a8e5ea4c098cd2d02cbc8,Non-Logged,2,"9971bdc4-7a95-45e4-a087-83ff44baa7f5, e8e5910d-aff8-4f8c-a623-c6aad42f89e5","1656802926364, 1660048142832","2, 21","10000, 100000","19.01, 54.61","1, 1","1656802926364, 1660048142832"
2ff848290120096794bbcef94f2e85a55c7e699eec4f541c7a8ea664220fe25a,Non-Logged,2,"3d6f99f6-980f-4454-b3f2-6fb9a984b844, 18216297-fadd-44e4-b091-62a54552d0eb","1659785361289, 1659958432371","0, 0","50000, 20178","55.97, 35.48","1, 1","1659785361289, 1659958432371"
78fbc8d36e63637c4023c674d7be721dce554c1c82e394c2c58e19aade731c58,Non-Logged,2,"de139008-c324-4b9b-bb49-d71203d83c9a, 5b420aa8-c437-43e7-843c-dacfbd5ef3c3","1658606752382, 1658706933456","14, 46","54678, 126117","40.51, 45.07","1, 1","1658606752382, 1658706933456"
f3c6b138d706dda4b11e250e5d45a91e7fd15434343675c3cce3dc088eeee8a8,Logged,2,"23bd4838-cf3a-40d5-8b27-7d90c1abe71b, 3de2919f-ce2e-4af4-8993-7328e85244e8","1657153267362, 1659991350490","23, 2","64712, 90000","53.76, 62.91","1, 1","1657153267362, 1659991350490"
3d8260027776c71e9b244b26daf319827005d92c7220ba1ba5fea53a6f059529,Non-Logged,2,"0292a628-2e2d-4142-9fc8-087222f61ac9, 32ee8f21-434b-4830-ba9f-0cc1ff9bb325","1658949847627, 1659384476019","1, 0","95390, 58130","78.52, 57.17","1, 1","1658949847627, 1659384476019"
d172005f4a1721a3b0b5ac8a046961cf4397c47408f9b6ff22627363893a4c08,Non-Logged,2,"7266520a-760c-4d6a-96f9-b373ab789394, b03c0be0-29f3-4f0a-ae1b-c3daccb405d1","1657148389611, 1658424952498","0, 0","10000, 30000","5.18, 14.25","1, 1","1657148389611, 1658424952498"
702ff37d141502d834b0de9b5838faa4cb13fc7eb2716d12f01c65046cbf9272,Non-Logged,2,"d98df164-1b93-4723-aceb-363a686ab9bc, 9c8e62f6-cb72-4b1f-92f5-3157dcbfbf49","1659251618724, 1659251727324","1, 0","30000, 10000","16.98, 14.65","1, 1","1659251618724, 1659251727324"
e2ac832f866b09c9b3d15ed07d74c7163a65e7fbf4f34243a13eaf1b6bde6a05,Non-Logged,2,"6c594536-c46f-468a-a384-1b3af4a4db9f, 922c2935-930e-4c2e-a2f4-1f62aff95be1","1660520265907, 1660520835873","2, 1","77427, 43760","60.14, 54.05","1, 1","1660520265907, 1660520835873"
3f2d2ecbaa4770961333d5a75dfdb2b5f2187352da1f90d9b409ba9c0f3d05df,Non-Logged,2,"d0d96e0e-9be0-42d2-b047-da893831d30e, 3fe422bb-e610-4c15-9f27-88cca4890234","1659361794833, 1660044543854","26, 28","50000, 97331","67.57, 39.93","1, 1","1659361794833, 1660044543854"
5a509a157c87611c8d86e56895ea20aa07ce6d95a3cefe6f900afedd1ae6e356,Non-Logged,2,"6aad41df-2f21-490f-a737-55ab9f5b0a05, 428e5856-af24-4ddf-adef-1795f23efcaa","1660302159340, 1660529400281","23, 13","45283, 50000","92.77, 35.0","1, 1","1660302159340, 1660529400281"
30c9bc3d9909e2ab9c0c715003f3f1687c5a095adec9cba663fac2408bbf140c,Logged,2,"3e54b313-2fde-4180-9948-74e889dd9430, bf44b8ea-c737-4eec-a51b-01006202f303","1657281973027, 1658683595920","7, 33","50000, 95352","30.15, 34.26","1, 1","1657281973027, 1658683595920"
a82fc8a668f7ee07f61c9481d34cd2f67a0aba88872201d8c9fe0f3ce5891b34,Non-Logged,2,"47f35bcf-6d49-4075-a053-a654175ca17f, 3a54bc78-a1f6-4a3c-a1f8-d541597eb6a0","1657044817565, 1657533956754","0, 0","10002, 10002","100.0, 100.0","1, 1","1657044817565, 1657533956754"
ce458a345aa343ec0f7accb1155a56be6aa3ff430e0df7b51d5a80d8f827ec3e,Logged,2,"68951682-88e2-4494-8a21-0fc57fcdcd18, 86080ecc-7c61-4e16-a7aa-8eaafd62c8bf","1660519586312, 1660519856160","0, 0","18148, 11944","44.83, 78.94","1, 1","1660519586312, 1660519856160"
5c08b9d95b9434e835343378074e1c0c7f11a1ddafd6eadb657a167ea2e54674,Non-Logged,2,"752411e4-617d-430f-a97d-5b1be95539c5, 191d0d2b-b5eb-4b88-ac0c-ef4591d17dd1","1660320350769, 1660320421547","2, 0","52836, 21757","28.46, 27.6","1, 1","1660320350769, 1660320421547"
d1292751253aa6d07bfec868be9436364d7dc4e2715e4d3c59acc21e22d283a4,Non-Logged,2,"07488db9-98a2-4134-acb4-2dc5a22db8eb, f88cb4a0-9520-498d-bf9c-7038dbb4f7ad","1657191241106, 1658418790241","0, 0","20426, 60000","40.43, 96.21","1, 1","1657191241106, 1658418790241"
a91be9f0d2d1b7b9032567d3a65232536941d89dd51a04e3a241d17a0b94ccf0,Non-Logged,2,"a9db6d15-6e0f-415a-8192-29e9b9c525c4, bf257382-74fb-4392-ad6a-143240e39f81","1659696626584, 1659738021588","7, 6","58197, 20000","31.15, 9.48","1, 1","1659696626584, 1659738021588"
1ccdfa18233fe62d561843aca017a90066445c9b8dea899534fd09c2b74a0ff8,Logged,2,"b8e38bce-f3ca-4315-9668-6271fd4259db, 9f33fe63-5dda-4fb0-8b84-8472e0d80a22","1659289760499, 1659289830400","15, 18","34825, 78212","81.41, 56.24","1, 1","1659289760499, 1659289830400"
27c4efc601da6ca286a2552bf578ca17a677b4c8ad1a920f1f5c27abfc5c80e0,Non-Logged,2,"fe4415bd-49ef-4750-8e51-0fe43d2d8af1, fdab1161-53cc-433f-8c1f-636130bbaba1","1657716786190, 1658924911354","0, 0","130000, 94427","65.98, 79.1","1, 1","1657716786190, 1658924911354"
18700af410c86ff20b51eb1ae6fe8f21aee1a268956d363fa79efa73a85ae718,Non-Logged,2,"08c11a2e-b7e9-4d92-8782-4310b91975ee, dc6e708b-acb2-40d9-a639-67ce668ea177","1658254462344, 1658254502185","0, 0","36865, 80000","25.82, 46.98","1, 1","1658254462344, 1658254502185"
e7c737f8c3c5f6bca7ddc8577b6f8fd855ea0d8e410fcdae26e8b35d8c69ca7f,Logged,2,"2cd12219-7c03-4c5c-be58-bd62b1f6e624, 17aef017-86b7-47e5-b7e6-7c2b7396d4c0","1657809307706, 1657809360610","28, 2","20000, 10000","15.79, 14.06","1, 1","1657809307706, 1657809360610"
af4dffc6ea6a685ce208b8fb12af1563e1f517434799f7a4cd9d8178db560c1e,Non-Logged,2,"ac9e652f-ccb4-43e5-a141-526c96147595, 0f4f608f-963f-4051-a082-bfa5690e12e5","1660000363357, 1660001869010","20, 0","60656, 10000","30.59, 4.57","1, 1","1660000363357, 1660001869010"
877f313a8e9ce7a8298030c4433f22966756811a6bc888b107c7e65c365aed32,Logged,2,"50eb18db-d487-4f59-ab56-71dfcfee7e8d, f774e860-8103-49bf-b04e-63b316735e4b","1659498625150, 1660162251820","7, 24","38353, 100000","31.46, 30.89","1, 1","1659498625150, 1660162251820"
d865d0610f54fcf527e0b1b35821bb71c3e1710e130911034e5b0cc1d765e7b5,Non-Logged,2,"d8600dbd-3f0c-486b-b8c7-200d62bf13d1, ad694982-510f-41ff-b8c3-05c5eb223f8f","1657197963904, 1657198091314","1, 0","23569, 14980","52.82, 44.03","1, 1","1657197963904, 1657198091314"
caa390db1869d7085ab33afbc50fd8c301660c263c2166cf9dd72df393389e75,Non-Logged,2,"2d8fda3c-a9f4-4eb0-958a-4d9ca096dc2a, 00a31551-a3c4-4586-a5be-4766486583ed","1657055730056, 1659038975166","2, 2","12602, 10000","40.72, 36.05","1, 1","1657055730056, 1659038975166"
7a545599b6a1a024cfd9c03b245bbca9bf86e4737093ac9b14d9330da708b509,Non-Logged,2,"esid:conteudo_editorial_g1#materia#https://especiais.g1.globo.com/monitor-da-violencia/2018/mortos-por-policiais-no-brasil/, esid:conteudo_editorial_g1#materia#http://especiais.g1.globo.com/monitor-da-violencia/2018/mortos-por-policiais-no-brasil/","1657832504349, 1657832504349","6, 6","10320, 10320","39.37, 39.37","1, 1","1657832504349, 1657832504349"
b36a93f9a6e63c9b06e069ff31afe265ab88fec0a2af8df3abee4ef7820305b3,Non-Logged,2,"f42b46a8-f476-4996-98d8-7110f7e5d2c0, c2c9b14d-3c79-4035-aff7-c7cefae1b3f7","1658945296204, 1659837268992","0, 1","25772, 112231","66.56, 78.13","1, 1","1658945296204, 1659837268992"
9235d20e2eee1bf116fc5a718cfd7901f0c13ba512e6a03e7b1792b5e06d0dfc,Non-Logged,2,"a53f8098-57ba-49f2-93a1-8a3eb3667d7a, 77e806e4-82d6-4813-87e1-0e2701c21518","1657568079104, 1660010019608","0, 1","24905, 14569","40.93, 19.16","1, 1","1657568079104, 1660010019608"
a5dd2d34c19325ccd9ff4695dd0f3c8e33c3df232441ba2a01b00e06cb0f6dc1,Non-Logged,2,"241fd83b-e557-42f9-b19b-8f706a1f61d9, 7b6f9c10-eb99-49d9-8a9e-c2dabc20d71e","1657579410130, 1659793269026","4, 17","30253, 60000","32.11, 47.72","1, 1","1657579410130, 1659793269026"
dd270bd6236bdcde649a4ed015248188e7784a5793686ff1246c24c79acb680e,Non-Logged,2,"e7747dbe-ef2c-49bf-9da6-7dbf81bc8677, f7ea7632-eee3-457e-8131-1c53e6c07316","1658272064962, 1658339020091","3, 30","15701, 77211","30.79, 41.95","1, 1","1658272064962, 1658339020091"
8e853e95bc6c3d7bf4ee44c42121021e7350ec2bfd110bd665f50e5bcde26428,Non-Logged,2,"2b297b00-5676-429c-9b00-522d4be9be44, f0224d51-dc7b-4c19-9c72-4a98c39eda4c","1658440233721, 1659523105341","0, 4","5024, 10000","7.3, 23.28","1, 1","1658440233721, 1659523105341"
710b461ad8803cdf670c81e679ede52efdcd1873c4e83f004d3fec724a92b69f,Non-Logged,2,"d4ab62d1-023c-412c-831f-dfcb867a616a, a276a535-f582-4edd-abb5-db55c37854b0","1659968889017, 1660244800325","0, 0","30000, 70620","37.23, 29.82","1, 1","1659968889017, 1660244800325"
b2bb273e22a688c5afad8b1473736f9bcef804f0625e04bae1f483e1973e307c,Non-Logged,2,"d2eddef3-ca16-4286-b0f9-f1d0e42c9e53, e3f619b3-38dc-4063-b692-37c27068c058","1657800245872, 1657800597894","5, 0","104356, 110000","27.71, 84.72","1, 1","1657800245872, 1657800597894"
eb5cc173f3f9fd2f21f0942f826452e9757901b97ea7cc470b060e0e4af05c0a,Logged,2,"7dc1ff74-8515-4ff9-a737-e17d0b7c8e82, 6a54a58f-e450-43fe-9c1a-594f288ec8b9","1656799625998, 1657546400379","0, 1","50000, 90000","24.49, 38.51","1, 1","1656799625998, 1657546400379"
fb3bffffae9bccadb0ea83597c78057414c62ff4a60eacb78a75b0c1489edb6f,Non-Logged,2,"2e89486a-316f-45a7-9443-5a6b19e3dbe5, e6e27df4-af18-4937-acb9-6023f34e4b1e","1658247013426, 1658248571319","0, 0","50000, 32421","54.59, 40.94","1, 1","1658247013426, 1658248571319"
e100881443c32f383cc2dd70f88f3c8e15c94185ed2b69658a743ec2b35fe53c,Non-Logged,2,"914fe264-109c-4d4d-8f18-052785666a24, 21a6f595-03bf-4784-8790-a98601300139","1659617271884, 1659618761079","0, 1","380000, 20504","26.18, 6.33","1, 1","1659617271884, 1659618761079"
3a7f87986842fdd6f647cdf44c5e8b1884f121da6eb7290e9a0cbbcac5d8a530,Non-Logged,2,"3e54b313-2fde-4180-9948-74e889dd9430, 8706854b-5b4e-4b1f-a460-8513e46f64be","1657644469060, 1658685732892","3, 13","10000, 40000","16.76, 37.41","1, 1","1657644469060, 1658685732892"
6d1d8907b1e1a5338c49d756c865207a623be5ba3e5d76817ac1628630ea481b,Logged,2,"d59aaa31-2f59-4cd6-b430-2bb567d1598a, 227760ba-f550-4119-90fc-5d8abe7aec3a","1657297550293, 1658254251766","19, 3","66914, 52565","47.74, 38.59","1, 1","1657297550293, 1658254251766"
501279936d707559baca2162f303de6df90eff18f35856f5d48ef0d833bb5ed7,Non-Logged,2,"ff9bc975-f2b9-4840-a4e2-757a1ec39c94, ccf9227d-0cec-414c-812e-40fedf3ce43e","1657842224059, 1658937730175","1, 1","65554, 19444","36.24, 18.1","1, 1","1657842224059, 1658937730175"
c394f5ab37f0468ff454f3d9bcb4243ae14bb6924b1c0e0c17fe1f3e6e9aa266,Non-Logged,2,"2f20a111-2707-4318-a3c4-ed7936f9d096, 15fbb779-6786-4fc0-a764-72dbfa44026b","1658610727603, 1658700913895","0, 0","50000, 20185","45.39, 21.47","1, 1","1658610727603, 1658700913895"
01a0368215d0431e94103378a19a1fa71974ef0586e18dacdcd193963c06dd2d,Non-Logged,2,"79588a4f-c5bb-43d7-9a10-9ee82b4d0d20, 7078151b-7dfa-4a8a-af75-d41d3a3e9d26","1657234111594, 1657485841335","0, 1","10000, 121986","11.92, 72.66","1, 1","1657234111594, 1657485841335"
70d8ffbbd4fe8865dd63f10f1b4e22eef3cc1a75b0da54c82632b7294b579064,Non-Logged,2,"ea3a422d-892e-4e7b-81bd-f8735c840fad, 73c414d2-2cbf-4331-bfd2-ad37037fd985","1658237228728, 1658511104160","1, 1","70000, 22890","43.02, 21.1","1, 1","1658237228728, 1658511104160"
b8ef69dcb855fa08143051f2f1c85ec8fead71fa3dd504255cde0a84730c590d,Non-Logged,2,"1809369c-3fda-432a-a1ca-fa5ed3058f36, 8e2b6155-df1e-48bc-8106-c54bbfd6fab2","1656936368244, 1658819095636","33, 0","260000, 20000","75.51, 5.34","1, 1","1656936368244, 1658819095636"
d8bab110acc2b2aa2fea012803dc58527d72338bac2652d9e9e749d663d871da,Logged,2,"09b39d47-7dfd-4f99-b6f4-fbbe855c9463, f99b18af-54d4-45ae-acf7-459fc5605699","1656965010570, 1658952342876","2, 0","10000, 20000","33.14, 58.64","1, 1","1656965010570, 1658952342876"
af52dc8a74f90b323b363a6af266c9619300dfc73c2154959b638f656c9bc23e,Non-Logged,2,"2dc96e27-f87b-4803-b3e6-c1288ad2fce9, a076eec0-3a9f-4b2b-a70b-5d30ca06cf08","1659709288625, 1660059883547","0, 0","37457, 14246","54.73, 38.5","1, 1","1659709288625, 1660059883547"
8d7537c63015debdc572342a0b92304a1becae2a589891ba34ffde108110c9e6,Non-Logged,2,"b9f1d8ce-a591-4b32-965d-40dc34756325, e769f5a1-d593-411b-a1ea-152aa458235f","1658496916173, 1659116504374","0, 3","10000, 109350","9.4, 36.34","1, 1","1658496916173, 1659116504374"
2987cb1bb3e885712c547d5ba58da21f0bdfe8acb93b625d5db9d8f926134c90,Non-Logged,2,"7a47e533-e034-4b7b-86b5-6ff47e48a4bb, d6e2dc35-4a38-403c-a7f7-4e5f6a6dddd7","1659969775455, 1659969880792","6, 5","260000, 90000","43.3, 14.5","1, 1","1659969775455, 1659969880792"
f7d3a50b56988239c201a7abd67143a2622d9f1f6476284ff9a1adca21a50bb4,Non-Logged,2,"29b6b142-4173-4ec4-832f-7d0a32255c10, 8c37ed33-976c-4100-b831-5a776c7a6716","1659552737966, 1660241761583","5, 1","157576, 62374","58.15, 72.93","1, 1","1659552737966, 1660241761583"
67bf0f31224fa3cc12a0cbf829dc5a0bde74f23a3d4fe59281c49b5a68de6b52,Non-Logged,2,"40e9b870-7b4a-4b97-907a-e0e35afb5b46, 14e903d2-606b-4b21-8bb4-b0bc18099f5e","1657755421849, 1658099900393","8, 20","10103, 38368","41.52, 40.43","1, 1","1657755421849, 1658099900393"
b8a7cc0c1c348e8f3dc30405c8a35e211143185bd155c2993d45076ac3f7318e,Non-Logged,2,"0baa8cd7-1eef-4960-aeb4-4128e58efba3, 66e39ec6-62c6-428e-b8fe-a097204ff00d","1658788762513, 1658788836050","19, 3","72288, 70000","56.63, 75.62","1, 1","1658788762513, 1658788836050"
1c7855b5835318663129923e6a8dd33646d9da453911175d272b45bae8afa3f8,Non-Logged,2,"aba3898f-4949-498b-85b6-11163ea0ea9b, 8b021b88-3cfc-4068-8688-8d5ca6887faf","1658350804782, 1658350936290","0, 0","10426, 30259","54.22, 52.61","1, 1","1658350804782, 1658350936290"
ced2994f3c42cd99918b5e33e5b98ca1b4117384879657445883a1689392f786,Logged,2,"2ab292ee-9ec7-449f-a507-daa9f5b60e62, ac1e6c6a-9403-45b1-902e-60f4b6914854","1657645390871, 1658508523334","5, 0","10000, 8726","38.29, 28.12","1, 1","1657645390871, 1658508523334"
0ee5f763c12b347f6c721590b7ad346454dd4a1a48fd3c3b4125b4a678b2dcce,Non-Logged,2,"1a22b67e-f530-4bc8-9333-9695169f25b7, 5019f89d-dabc-4cb6-afba-6696b756a535","1657724108808, 1658337159706","6, 16","39128, 80000","19.27, 42.15","1, 1","1657724108808, 1658337159706"
edb4fa62bc5fb576bc76cd89757093bc65c01265536f38d0c8a3558ba689f3e7,Non-Logged,2,"a6737571-a611-4734-8f83-b3abd13ff15b, 538ccfc0-ca57-4059-b795-4b6384fe00c8","1658798513098, 1658798565393","0, 3","120665, 120000","66.25, 79.02","1, 1","1658798513098, 1658798565393"
763cc22dfb57a7c1d0944c449652c463b4ca18a9dccba92b1f2ab10e5a6bc0d8,Non-Logged,2,"0dfce7af-6115-46ac-b0aa-08109f195937, 36893442-ff90-4f2e-830a-f44abf56c87a","1656956113349, 1656956125363","1, 4","24525, 80000","24.72, 62.03","1, 1","1656956113349, 1656956125363"
2996d36ff856b3bd0ece25f75be67d9cac0bcdc6f4bb0d179f07c2ef0b91d5ea,Non-Logged,2,"a29eb6f7-3d67-4fb2-adcb-d533a957f2a2, cca44351-d60c-403d-ba50-21800232f671","1657138360744, 1657138560653","2, 2","77281, 37193","55.59, 28.88","1, 1","1657138360744, 1657138560653"
a7387662dd15720b72fbaf46f22c35dc3c86778dcff644aac7f8f8c8194ed8f8,Non-Logged,2,"ca81c71a-7c7e-4c8c-9c7d-3b3116dc17ac, ca2fbab0-13df-4aac-9652-2393fdc96a51","1659646278904, 1659652302673","0, 0","85560, 37896","68.2, 23.6","1, 1","1659646278904, 1659652302673"
757475ae803f3813168e05ad66fcf5f11a1665994d42bf25f202706f7f7535f0,Logged,2,"67ec7f19-ce12-4115-91b2-b07e803481b3, 18119e32-4d0a-44b1-86b6-89c424108c8e","1657133753108, 1658951380042","1, 1","10000, 10927","14.21, 18.79","1, 1","1657133753108, 1658951380042"
8223c5272e3524b3bb01886e8ca340e935d9041686cd9c184ca5c408117ad54d,Non-Logged,2,"9d598d19-d6be-4c7e-a963-b8fedfa8f24f, 54c48964-0ffa-4905-a015-eded1089381e","1658754293582, 1659122139658","0, 1","40905, 156103","45.43, 62.24","1, 1","1658754293582, 1659122139658"
1f6044e78a6584cc6033379bcc86dcf50e59f96fe5889310b01095c38faa9964,Logged,2,"82206221-05a0-4f89-aa10-e8c8dc0cc418, 141f4f55-3a63-4a4a-b5b7-e0cf282d6b8b","1657328610361, 1660165323560","40, 2","150000, 10000","60.95, 8.66","1, 1","1657328610361, 1660165323560"
dcabeec7664fe34edfb0c276ed27886a81e253342a1e7a678b094df9134ddf48,Logged,2,"2c8d0162-7a7c-420b-ac35-1f7f1e9f7ba4, de4f8e2b-4df3-429d-b4a9-c7c937337c11","1658250024098, 1659696114433","2, 3","80000, 20000","34.43, 55.16","1, 1","1658250024098, 1659696114433"
41f396fc17bc0d61b76442749dc7fbfd90e99c71f7c02149d869c75751ed7a8e,Non-Logged,2,"5af5b81c-8d50-4538-9e6a-c28421b59c21, e0f5b4c8-e751-42b1-a9eb-6f205cbb4e59","1660241370832, 1660245264401","0, 0","281921, 24263","78.77, 43.27","1, 1","1660241370832, 1660245264401"
fa29b5b83806aee7342690b1cf3b60ca608c8051955234738569d66aba43025d,Non-Logged,2,"cd32cbf0-4709-4c7d-b49b-ac56dd3d728c, e88f8469-075d-42d1-ac9b-f8708ca40e76","1659376026258, 1659376028897","1, 0","110673, 10000","68.28, 5.97","1, 1","1659376026258, 1659376028897"
0738348c370bc3c9f5df6404e54e0df317ec465977b3640a02e163b59990723e,Logged,2,"0ab3092f-590b-4caa-a4ad-17bfeef0fd0d, 8956c97a-6d85-4d4b-a6f7-6d42c6be97cc","1659175746319, 1659176345058","27, 72","120000, 170000","70.85, 50.35","1, 1","1659175746319, 1659176345058"
27a71a85305d5ff8042433b153c31c1dd88e1db26ea9e3f9f14beb8df66c7f0e,Non-Logged,2,"8b64b810-cff4-40e0-9de9-25b809ae6009, 0a99758a-6696-4d49-a8df-4f3284594c14","1659259302628, 1659259386229","9, 24","77593, 60000","46.14, 84.93","1, 1","1659259302628, 1659259386229"
992eb3970de62db744a91d0107b93234a3843dacf2bb4216faae85aac70705b4,Non-Logged,2,"b7b90e18-7613-4ca0-a8fc-fd69addfcd85, f2a2d436-9a5a-4a25-b4f8-b44d25eeb36a","1660528805472, 1660528825681","21, 24","50000, 50000","13.05, 27.82","1, 1","1660528805472, 1660528825681"
7924001f49d53086a8cff1699586fd979124ad5bbb1a9b5c257e2d16471140bd,Non-Logged,2,"955c9988-9e5c-4cae-aaba-cde1e387ee46, 545bedbf-52f8-4eaa-a614-7b8eb967f8f0","1659634860910, 1659985090193","0, 2","10048, 60000","22.37, 48.86","1, 1","1659634860910, 1659985090193"
7a930db18161b33a3a1fa1d1a91f2fdf8fa314ca7771dcbcc24851c40c8ff5f0,Non-Logged,3,"db8ca0bf-9e02-45e9-bbbc-3d24fc5fa572, c0d363c8-1907-452d-a7b7-c071502a2946, d1a51aac-d277-4784-96fe-5510deeddee0","1656765831696, 1658084277453, 1659315832280","0, 0, 0","30000, 20000, 60009","17.5, 13.76, 12.66","1, 1, 1","1656765831696, 1658084277453, 1659315832280"
0ad35b8fbde5e153fe6ffd23d46bdfbdc64e0ffc952bd2947000d5024aa67895,Non-Logged,3,"48eddf29-6e0a-4433-a71d-451993f4b2ec, 6fd7873c-74c8-4344-bdf0-e9c3ac2be4aa, 2dcac344-3db4-4805-91af-db3ea5c3b1e5","1657049589700, 1657582371395, 1659475111212","0, 0, 0","7931, 43223, 91200","39.29, 57.48, 77.9","1, 1, 1","1657049589700, 1657582371395, 1659475111212"
ca1cdd351bfa00dcc7f19a0f65602eb702c2ce8bbe018045ac0d9ef0f7306786,Logged,3,"5df5a85a-d965-44a5-be82-29f2c2244691, 6ef11b45-aaa1-4949-83e9-d186b8c5bb7f, bfb700b7-8ecf-433a-8e59-946009e8b225","1658177788655, 1658672210345, 1658776533262","1, 0, 0","117298, 192597, 163428","89.44, 86.17, 74.23","1, 1, 1","1658177788655, 1658672210345, 1658776533262"
6aefc76dad9ee76a6e064d6e881eb836fad334ef7cc16fdf1f8622bfd127a519,Non-Logged,3,"7f807785-f281-449a-a526-78f50405ef71, 4eff3ccf-a878-4912-8a2b-fa2bf1bd5442, 465e8a77-8f02-4953-9b2b-f601b3098a92","1658580831124, 1658584616565, 1658584622959","100, 9, 12","160000, 60000, 12552","75.59, 20.86, 33.59","1, 1, 1","1658580831124, 1658584616565, 1658584622959"
6df3e28e2b08578c4ccf7aac51aa210f24580c1c877fe06d80ca24f253d80a58,Non-Logged,3,"ef70e660-f257-428e-ba09-9866205bb1bd, 2746a7cc-a1f9-4c0d-a1b7-006d5b7302f8, a09b778a-7da6-412e-adb5-aed7fefb3b16","1659745934308, 1660365129068, 1660428781275","1, 1, 1","20000, 60000, 110000","30.63, 18.06, 19.3","1, 1, 1","1659745934308, 1660365129068, 1660428781275"
6549481b4bebebb18cf83976c53374bfeac35fd206bffba88287a7cc8738968f,Logged,3,"ddde55da-305a-4790-ac49-56b538855488, c6804bd4-273d-4d28-861b-264e690335e9, ac2fa11f-992e-49d7-bca2-a2b64947f45f","1657132597535, 1658508221396, 1659374002902","0, 2, 3","10000, 39974, 10000","15.96, 29.55, 10.56","1, 1, 1","1657132597535, 1658508221396, 1659374002902"
95e38b0a52ebe53a37e4b3700d560a1acb01d4451d3fce23bb4bc59e54209aba,Non-Logged,3,"66cfa1ee-3acf-473b-8a88-4c2db0384817, d75f59c3-deeb-473d-a83d-25e4fbe07437, 253339a1-92b6-44d1-8fa2-59236c5251b1","1659716092607, 1659716103681, 1659720641220","0, 0, 0","10000, 20000, 100000","6.92, 22.7, 26.71","1, 1, 1","1659716092607, 1659716103681, 1659720641220"
4842bb07f84a773b0d69ff9ccff0eea898bc1e7e3523f756f6f4008610d0fde3,Logged,3,"11a60e3e-557f-4c37-b982-2e6b8988b683, 3fe9ae87-4d22-438a-a573-695adc42d800, 53062145-19b0-40df-acba-facc95a76024","1657384626762, 1657384838604, 1657389578881","0, 4, 12","64827, 78148, 160000","44.52, 50.04, 92.64","1, 1, 1","1657384626762, 1657384838604, 1657389578881"
4f02a71fc0dc1b59df1f76b5170955cc2a162988e4dd2740442bd9acdf0a2b3c,Non-Logged,3,"573336dc-df95-4d52-a9a8-adafdb377d12, deada21e-d0ad-4c46-bc18-eb4ea30a8d9a, e5e697ee-a909-4d72-930b-2c7898822be1","1656962485752, 1657203103279, 1658263305192","0, 0, 2","29783, 28567, 103662","52.39, 48.74, 36.2","1, 1, 1","1656962485752, 1657203103279, 1658263305192"
11cbdd88233b0693af5c8d5df194da415dfb47379ebcb91531e7977bfde08291,Non-Logged,3,"d187a96d-e749-400d-bc80-550e5f5ece62, e0375985-9d31-4af7-a06a-a3d93b202f2f, aad7c07d-f160-44f7-ac1b-ae8defab3cdc","1660262893764, 1660263706719, 1660264108394","32, 20, 26","280000, 160000, 170000","25.66, 26.83, 27.06","1, 1, 1","1660262893764, 1660263706719, 1660264108394"
39e5c825fd0b487be7690c09da21225b3ce8bc0a95935ec4126b333a75f4e20b,Non-Logged,3,"00466de8-9c59-4202-b9eb-ede7ae65e1b9, 5437d2ce-8e7f-4c78-add9-9809c3a78b04, 04c0b6aa-ac7b-4a55-97b1-6ea2edc000d5","1660072934946, 1660073109395, 1660074591205","1, 2, 0","26364, 40000, 26713","49.27, 22.79, 49.49","1, 1, 1","1660072934946, 1660073109395, 1660074591205"
14c8bfb4f1c175a0e9e238269ad877dabc1d245431ac3f8ad382de58f14aec6d,Non-Logged,3,"756f1fd7-703f-4ba3-ac49-a7c9bff1b1ec, 6a83890a-d9e9-4f6b-a6c6-90d031785bbf, c49a743c-7ac6-4b87-bdc6-ba82060fd5e7","1657716869137, 1658932887721, 1658933113211","0, 0, 0","50847, 181024, 70000","61.05, 61.44, 62.04","1, 1, 1","1657716869137, 1658932887721, 1658933113211"
8cea50e5dfcbec533f55793d3d1078ac690cf2fc17c7f30d936988a1ef352dff,Non-Logged,3,"f5aac284-3817-4d56-96a7-0ea1595aef5c, 97ae1973-9900-43dd-becd-272e0cf3d454, 99058cb1-da5d-492c-8553-f9aa0718697c","1657643768482, 1657643964468, 1657644010624","2, 5, 3","40000, 30887, 59287","17.75, 25.36, 38.79","1, 1, 1","1657643768482, 1657643964468, 1657644010624"
15d5d90c47080c79fac901a6eb9d19d7a7c99d24fbe611d1f124d2504a3c7532,Non-Logged,3,"66abbc4b-a541-4802-8ef5-b169786e44ba, d6c686f3-84de-4fd9-ac12-16ddb676a613, e483ae2b-dc5c-46b2-acf1-aa433bb20851","1659438717824, 1659440804214, 1659440987180","0, 1, 0","73405, 116254, 104721","52.62, 88.82, 54.05","1, 1, 1","1659438717824, 1659440804214, 1659440987180"
d03f58b4b9fc67e1f0d4e9180664534cc22bfd5509beeea80d0711711b81c0da,Non-Logged,3,"564f0976-781b-44e7-96c8-7377097d0101, 435136d1-7204-4527-a94d-8c6d19dc570f, 0f1a45c9-ef5f-4c70-bad7-a7746751b4e8","1659362372675, 1659362581632, 1660419658073","7, 11, 108","6016, 17866, 370000","38.01, 28.15, 78.47","1, 1, 1","1659362372675, 1659362581632, 1660419658073"
ff341fda1c78c6842c35a8e90576d06b593be94fb644d09fba5b12e692ce0e50,Non-Logged,3,"370d60b4-7936-4239-9745-f1ecac5a1bbc, f20ec499-4138-4724-a727-67f025028961, 632d2afc-9901-4e7e-8ced-e567bfb45eaa","1657908544710, 1659138413551, 1659396461515","5, 0, 0","160000, 13101, 30000","54.75, 16.74, 29.13","1, 1, 1","1657908544710, 1659138413551, 1659396461515"
bababd6e089559081ad6d0925031720f6dd708c24a2304aca58bb5cd6f6da5ca,Non-Logged,3,"843bffd9-645d-4462-ab6c-bf410a57a06f, dc4f5a8d-5d90-4170-be83-73478a23e551, 9b69c6da-5f3c-4506-b99e-54a07ec4208d","1657586587744, 1657586881695, 1657593419981","106, 6, 3","570000, 170000, 23343","70.06, 67.87, 9.58","1, 1, 1","1657586587744, 1657586881695, 1657593419981"
24008e675873506e25d73e00c10e57e91b6199daf46ea0fed233738658cf86a5,Non-Logged,3,"2008f497-c05f-49e0-88dd-86aa1e395f15, c616ca4a-810c-4634-92bd-7a85f6bba351, a9c454c8-9493-4622-a499-43d20c525f81","1658244864517, 1659458029935, 1660141236073","0, 1, 1","24347, 14289, 42669","32.11, 35.66, 25.13","1, 1, 1","1658244864517, 1659458029935, 1660141236073"
16965719d971674930448f5dbf91323cbae2493e12f058867de5c70c79b091a6,Non-Logged,3,"82552380-49d5-40ba-82e4-536dec2a3123, 31bc4b2d-08f6-4057-9514-d599b1aa872f, f31d542e-fa12-423e-86a5-04cdb9e9ff4f","1657757892268, 1657758044945, 1657758112302","0, 0, 0","10000, 10000, 10000","7.41, 13.23, 10.73","1, 1, 1","1657757892268, 1657758044945, 1657758112302"
2cb468e23e8ad532d2c37fee54e28eec84ef08aa9886332bcaea9c63a3bcb568,Non-Logged,3,"500db392-f5ea-44c1-8fe6-653ab845d87a, e5ecbdb7-58bd-49c5-81b6-03e8a7f03086, c18e0844-7873-4dc7-ab4a-17c0b6d9b8a8","1657160532544, 1657180952796, 1657307664072","1, 0, 0","80000, 260000, 45811","58.17, 62.98, 51.92","1, 1, 1","1657160532544, 1657180952796, 1657307664072"
6e958fae95a59549df867a5b8555b9b7370311ea7ff7ff1860e753bab2aafd33,Non-Logged,3,"c1c08b3d-69ac-44bb-8d17-8e914e2c227b, 1d899325-ad3c-4287-804a-3d994492dad8, d8dafc36-184b-49aa-8bc8-defb1f812f1c","1659570199677, 1660349305065, 1660349340106","26, 2, 9","50000, 8874, 21053","16.85, 18.77, 38.4","1, 1, 1","1659570199677, 1660349305065, 1660349340106"
0fa7996e0b14c048522fa9dcc6cebadee6c5a5226e2f124c23cb4c359a1b357f,Non-Logged,3,"ea921119-edd8-466d-8d3c-a6c0c8c93087, 93d70d71-e919-420c-acea-e041a972a28d, 7f5d16d5-cb20-4854-a9ac-20c8e077591b","1659219206025, 1659219395542, 1659219871005","0, 0, 0","10215, 42799, 16248","17.63, 35.99, 45.13","1, 1, 1","1659219206025, 1659219395542, 1659219871005"
f72bd81c1991f351d7ea8c85988dbf5c7307d6ea8f63ca85c2e0c59eaf211946,Non-Logged,3,"69d13af6-4d0b-4769-9543-ada380af5fcf, a5b58d45-f2a7-4391-ae37-a72e6e7cf455, adfe9ac9-69aa-4ea1-b866-8331fd0f2b8e","1659502622325, 1659502727648, 1659502988988","8, 3, 25","9685, 5033, 65963","39.49, 41.58, 27.83","1, 1, 1","1659502622325, 1659502727648, 1659502988988"
331bd2e5f1487d7bf35088e0df81e56a452681d6ebd2e0f97dbd6a320a7667fb,Non-Logged,3,"2c8d0162-7a7c-420b-ac35-1f7f1e9f7ba4, 5bf8b3a3-3916-40ca-8672-a9f3df311825, 7482a810-d1aa-4893-bf95-56d4a84f3f67","1658485210023, 1659670707765, 1659670800876","6, 16, 7","25772, 91889, 37743","34.4, 59.79, 32.53","1, 1, 1","1658485210023, 1659670707765, 1659670800876"
eb8fb212f3c106f7c0c23c21e1adf9a57e928956cfdc1eb5aff3b91e9c72c4fa,Non-Logged,3,"05f01d19-400a-4ea7-8296-b141ac40553d, d11c3614-b733-4b1a-88a6-41672ddfe1b3, 9f625b37-0758-4f23-ad93-fbc8d508b36f","1659745507086, 1659986690631, 1659986781642","16, 15, 26","40000, 80325, 70000","39.94, 32.8, 79.74","1, 1, 1","1659745507086, 1659986690631, 1659986781642"
e537dd6b53fae29b64146ae0b5a7ee1da2dec0714879e91bbfbd73a24bdd1c7c,Non-Logged,3,"53d632da-9107-429e-b8ae-f502fef2dc0c, 5adc7083-1afa-4736-86be-ef05bb2890d8, dd4d0068-ae1b-4e78-a7e5-7e8c2a4a5615","1657205482161, 1657304661408, 1657305068771","0, 4, 0","20000, 190000, 80000","14.41, 77.57, 71.83","1, 1, 1","1657205482161, 1657304661408, 1657305068771"
65e12f8bbd48e8aac74e542d218cf2b8ba94c3169f95f09036c27be376ba25cf,Non-Logged,3,"ab91fb19-8e8c-4f8b-99af-9178cfd7a771, da58811f-618e-4b3f-8332-4828cf9af296, 33aeff06-44e9-434a-828e-cbcd17217d73","1656866368198, 1660072008403, 1660339488608","24, 3, 5","44136, 10711, 28989","78.74, 46.37, 62.79","1, 1, 1","1656866368198, 1660072008403, 1660339488608"
68dabbf0a1045cda0ad692640824c0c980f255d7636f4ad67df02cff9048ad43,Non-Logged,3,"14ea94b4-9d11-4c6b-9a8f-f7d3fcd1caaf, e75b4a8b-b87f-4b0b-abf8-08ad6fccb4e1, b943006f-bf05-47ec-8666-4dbe5866ac55","1658149796163, 1658867677358, 1659979676553","1, 1, 1","100933, 9950, 39863","38.68, 25.47, 34.29","1, 1, 1","1658149796163, 1658867677358, 1659979676553"
8337e895f56bf9196ab70a3f5b04eb4b6d2ff72c34ffd22fa0eccad4e9aeb671,Non-Logged,3,"48926621-0d52-4a1b-8bbd-77ff0d5b03b7, 3ab2b4e8-d6cf-458a-ac25-0305283c2efc, 4dfb32c2-98b5-448b-9a10-3561da42e4e3","1656706397238, 1659465526689, 1659465851466","0, 1, 0","41267, 110000, 181055","52.96, 51.64, 63.07","1, 1, 1","1656706397238, 1659465526689, 1659465851466"
b5cf5da6bd9c303bed3e251ce6eaecf21993174e09556090b0b4bb010098c154,Non-Logged,3,"355cd5ad-d0b0-482f-9807-5507ffffeb1b, 6aef8a32-6964-4593-8e20-bd162adf8b50, 49cc9ae6-1f0a-4ad0-b25b-274945f67c4c","1658834600778, 1660169777942, 1660394968158","20, 7, 7","45461, 36679, 20000","55.08, 34.77, 51.36","1, 1, 1","1658834600778, 1660169777942, 1660394968158"
665671f0bc6ec5c7a7171fc289300286eb52734448358ee2ea878421ab11b4fb,Non-Logged,3,"564f0976-781b-44e7-96c8-7377097d0101, 1c80d31b-ad6b-4c8e-b08a-ec8b69c156ac, feee3eb1-d625-4766-9da5-d855ac2f557c","1656954163116, 1657307713606, 1657628053063","0, 1, 1","10000, 90000, 40000","18.46, 50.83, 25.52","1, 1, 1","1656954163116, 1657307713606, 1657628053063"
6e097aeea61defd15b15c4d7a6e6cea79563b6ef39f6d75beef19584f774085e,Non-Logged,3,"f6b5d170-48b9-4f8e-88d4-c84b6668f3bd, d0187d8b-6cd2-458b-b441-0e79c37469c2, ca361779-0059-451e-9369-c2dfaa3cc971","1658142458703, 1658155763638, 1658321568051","0, 18, 10","10000, 45642, 31695","39.83, 32.51, 34.68","1, 1, 1","1658142458703, 1658155763638, 1658321568051"
56b3cbe504f5fc7f89772855d250adacc74bafd6131bdf481cdf714c2f0496d4,Non-Logged,3,"c1aa3034-f341-41c9-a79d-3fe3fa051217, bb36854d-64d4-4a3a-aa1a-22efb9026522, 22107b98-3348-4db3-a038-758c11964be1","1660462739687, 1660463344695, 1660463572454","0, 0, 0","110000, 42257, 12092","16.45, 42.72, 9.87","1, 1, 1","1660462739687, 1660463344695, 1660463572454"
ca262ed817acaea2af3cf1d12a341a4798e7f20d247dfd2b0a7358cda21bc313,Non-Logged,3,"6077fd15-5fc7-40f8-9670-8f911c89c585, a9d44e59-4fba-44c5-9d52-c9733e81a3ec, 8d8ce0b2-fc69-4c09-9377-ea26b0250f7e","1658533782457, 1659839227413, 1660013378201","1, 1, 0","374437, 130000, 122411","99.49, 75.7, 62.85","1, 1, 1","1658533782457, 1659839227413, 1660013378201"
633e1994b2b0f899bc7e4f8a3dcc22249c5a1d12129dd5e9cb36bf56d2355c8e,Non-Logged,3,"4228f4e9-3601-4e53-9cf5-61c4ea9787fe, 4c63d7cd-4902-4ffb-9b94-578b1b2151f0, 61e07f64-cddf-46f2-b50c-ea0a39c22050","1657286088680, 1657286514638, 1657737659455","3, 0, 5","280000, 90000, 90000","92.76, 70.49, 39.2","1, 1, 1","1657286088680, 1657286514638, 1657737659455"
5f677197202b95dfcdbfc3cd9fb015a761517d87c772f0bbe060a5d996131ca5,Logged,3,"49a08c47-e429-41de-b7bd-9029e2559a46, 55455526-a0e9-40c7-94e1-08824f4e1b52, 54cb252a-78b5-463d-b31f-f54f63d85a29","1657567835173, 1659549549775, 1660509339384","17, 19, 10","70000, 30000, 30124","58.72, 43.76, 33.87","1, 1, 1","1657567835173, 1659549549775, 1660509339384"
c914d00a90c5d9457054cfcb1955a46224110cf69c3817c215be90b3527069f5,Non-Logged,3,"7fc8369d-0984-4d14-a470-112a269fde56, 16f1f4a7-5c5b-4a51-ba3b-11e86372bdd2, a664e40d-4cf8-4abe-a442-1abec2ee1590","1658153569012, 1659462125968, 1660136211529","1, 1, 1","43324, 40000, 135018","26.41, 63.47, 49.72","1, 1, 1","1658153569012, 1659462125968, 1660136211529"
bd944a7ac43638f7f5826587a4054089848f2a6e563f69f58d78df4db9857f64,Non-Logged,3,"327b9665-97a3-471a-991a-dc129cb98377, a0c3ee8e-f55f-4a8d-9505-6e57005a81c6, 25b5b53f-3438-4343-95b5-90e38ed2f089","1657579674136, 1657655028589, 1660228869902","6, 15, 6","10000, 40000, 10005","25.07, 30.46, 12.2","1, 1, 1","1657579674136, 1657655028589, 1660228869902"
e63625cf1a413b02e91b747ca42b1da1e74f99d43cc30e64c3d00e0cb212ddcb,Logged,3,"8e068fc6-6630-4cb8-9faf-bd1e5a632a76, 4f91db69-3dae-4737-830f-3f88b7a100c8, ae4c3f01-42d5-4275-b336-172df8a293d9","1660341691859, 1660341770803, 1660341830840","8, 3, 12","58038, 23792, 50000","36.7, 31.95, 14.34","1, 1, 1","1660341691859, 1660341770803, 1660341830840"
0cb8f6f2d1d6832d70981d285a4f482b30a81357306ada3e57bfb4f453ffe016,Non-Logged,3,"27a890a3-063b-4a02-b712-5b8926545c94, bf257382-74fb-4392-ad6a-143240e39f81, 4c60502f-ffc7-4d5e-a9ad-7aa262d57346","1659415012572, 1659695980126, 1659797828053","0, 8, 33","20000, 90000, 100000","24.32, 83.34, 80.52","1, 1, 1","1659415012572, 1659695980126, 1659797828053"
6ec872ee94aaffffd24118c09efdd19d9b405fd5d3d07032915948d62222819b,Non-Logged,3,"6166a4b4-2ce1-4afa-a4d1-c7636c9921b1, 813bc117-2d41-4b2d-862d-a39c3afca7ec, ce51b475-cb88-48d1-bc8f-eab250e5df36","1656955143055, 1656964206948, 1658281023227","11, 3, 11","40000, 13657, 41321","35.1, 23.3, 32.66","1, 1, 1","1656955143055, 1656964206948, 1658281023227"
dcbb741ea30d016b098951667dcba6ac8f4f21b936aa94d13750d55a65f86b12,Non-Logged,3,"ce42521d-3daa-4e35-aee0-9a405cfbbec2, 1bbd2274-dd70-490a-a929-b5e33de85e42, ec1c6b1e-e1bc-4417-b950-eefeaccb674e","1657748090220, 1657748095489, 1657748270513","1, 2, 0","51755, 37172, 43615","50.8, 21.46, 56.56","1, 1, 1","1657748090220, 1657748095489, 1657748270513"
8f6d135d33eb5fbe402daf5877d0a824ee7912f810ba40640688e11345f9c6d5,Non-Logged,3,"39637899-fc4a-47f2-b5aa-266a97d54cb0, d7d065bf-8318-4e01-a521-956f0ab5f8e6, 3dd91f1a-ecf3-4af3-9746-9b0148539655","1658850360688, 1658850606830, 1659963706050","1, 0, 1","70000, 5920, 60000","21.0, 28.67, 61.11","1, 1, 1","1658850360688, 1658850606830, 1659963706050"
ac367e2c056b4978318ebc61beacb4008b5e1f798846c95ff5f35948abc1497f,Logged,3,"a55fd6c8-73a8-40d1-8216-24fbe99e5b2c, ba047097-04d5-4cb2-9037-07b6bcaca2ee, 276f7f61-277a-401d-b086-bf3eb4a6483b","1657007148536, 1657185525941, 1660185717940","0, 0, 7","67610, 339842, 20771","40.28, 82.02, 44.19","1, 1, 1","1657007148536, 1657185525941, 1660185717940"
60aa3641c9c39119c7f6c062b62b19a38f202e57f7ce3d9c9248ad70c3d6c9a4,Non-Logged,3,"ca6bd424-4fb6-4a22-80ce-f61d2ff895e4, 6bb7c28c-fad6-4ecd-8283-1e126207b878, 9c167837-d337-4ad5-b0d7-26466bcfdb06","1658253874141, 1658583703264, 1658892879393","1, 0, 0","15518, 79273, 11897","29.76, 49.16, 54.66","1, 1, 1","1658253874141, 1658583703264, 1658892879393"
11d741aaf6ebc19980e7b6f8c326a830aeb72fad181b79e4c691d44d052c30b4,Non-Logged,3,"77e806e4-82d6-4813-87e1-0e2701c21518, ee892c35-2adb-47b9-a3ba-a1737a76eee2, 8cc4959c-abef-4209-8c48-9481d3e56302","1658431140523, 1659613951979, 1660312815135","1, 0, 0","54560, 15493, 9869","68.44, 24.52, 26.32","1, 1, 1","1658431140523, 1659613951979, 1660312815135"
712232845887d0613f1c8d8bf3bac585415d9a4d1d666d6dce5e69a171128d06,Logged,3,"ec8f6cb0-5249-4132-b662-9208388ab5b4, 3f6e3a53-89da-4aaf-90b2-383fa28cfc1a, 44901a6f-b112-40e3-ae62-b3559bdf99d3","1657548047256, 1659364359993, 1659718677658","21, 0, 1","70595, 6932, 54960","48.04, 38.63, 77.83","1, 1, 1","1657548047256, 1659364359993, 1659718677658"
c53ac1cf768b3cfc1bddc985a1fdad279a7e58310b8c092f47f046b44a005b09,Non-Logged,3,"fd45d4e9-cc04-4bdb-b724-9a3d50d718b9, f6b5d170-48b9-4f8e-88d4-c84b6668f3bd, 75063c9b-bb00-4bcb-ae82-971bd162e78e","1657716444606, 1658323913534, 1659444689414","1, 0, 0","165471, 30000, 62087","68.42, 41.68, 67.89","1, 1, 1","1657716444606, 1658323913534, 1659444689414"
b9f1aedb550088526f86d7bb9635ee93a3a5306dc81821f30c884341bdb38091,Logged,3,"13d53812-8c9c-4d64-a971-9779d1425a2b, 1d7723ab-1d19-49d9-8195-96ebd56c14f2, 13d5e52d-5622-4624-a2d5-01808b28845d","1656850718157, 1656850861273, 1656850909078","74, 26, 67","139304, 45680, 197499","55.36, 40.55, 58.77","1, 1, 1","1656850718157, 1656850861273, 1656850909078"
5075b3b3a8337dab8fc13162775a4c07ac041991c197226b4585c1f4fa3ab6a1,Non-Logged,3,"46d89b78-571d-4402-bab7-e42403333754, 84dea2f2-3af9-4970-8035-f4bcd1209601, 93f3643d-73f7-4427-8cb5-93e0792a77ce","1657648495604, 1657649436539, 1660054206132","0, 0, 2","16667, 10000, 42984","17.59, 9.79, 30.28","1, 1, 1","1657648495604, 1657649436539, 1660054206132"
e0d41a22bf71dce5f17f16008b949e261d811abb309ebc3c24f943cb96131125,Non-Logged,3,"ae33ced5-ff99-4245-beb6-4ed9cc2ab0c6, 33601da9-7a15-428d-a576-7cdcceda05a8, 23bd61e5-e50c-416a-826a-3ea2f830dd67","1660128771185, 1660128771305, 1660128785520","9, 5, 1","180000, 180000, 70000","52.63, 82.33, 39.62","1, 1, 1","1660128771185, 1660128771305, 1660128785520"
d8676c2d0386e7c438efd45f1b4eda7833933d97d442da6543d9df6db2df127b,Non-Logged,4,"b1afc0bd-96b3-48ea-94a5-04d04dcbc30e, 6211a6c6-c04d-4ec7-885b-8a8e84adeed1, a5cfe208-a4e4-40a3-98b5-cd8ddfea8485, bd1bc41b-79a2-4b09-9ca1-b1e26805810c","1658363292352, 1658424474744, 1658874619999, 1659835958981","14, 9, 19, 13","77665, 62264, 106660, 39362","37.51, 35.88, 41.79, 30.44","1, 1, 1, 1","1658363292352, 1658424474744, 1658874619999, 1659835958981"
f6a0134f5d050bfc83246cb700abf937a4c381d5f356dcfdb61aa7ace6c4bc9d,Non-Logged,4,"9d829593-f294-4542-8d24-bd8f7fb77169, 6848cc58-c425-4cd5-a369-1c9bcfbbb996, 4fd3fb44-cb91-4322-9f82-7cca79c7267a, d2593c3d-2347-40d9-948c-b6065e8459a9","1657677292835, 1658341646899, 1658341740711, 1658341919160","6, 15, 64, 26","28121, 55373, 90000, 40000","41.88, 34.35, 35.74, 19.23","1, 1, 1, 1","1657677292835, 1658341646899, 1658341740711, 1658341919160"
9e77f2fcf6d3e2aee742427f4ec86aa16af0cd7c3f26b8289358fd14ce3f802a,Logged,4,"426e9777-7ad8-4b0f-98f4-48e8ee96ace5, 882e7c95-935a-4eab-9ece-f85f5f7d0f4e, edd38be7-9372-406d-983e-e1ff8ab9dd22, 7c2c0c12-6dee-4f32-ac9b-15bc975ebbbc","1658261885564, 1658761465679, 1659030725032, 1660335059906","5, 0, 7, 0","10023, 10000, 241720, 10000","27.28, 37.77, 55.66, 31.25","1, 1, 1, 1","1658261885564, 1658761465679, 1659030725032, 1660335059906"
fe916ea1e1a1effbcc959a71bec15e0c90d9dd710643b4193ef39767f2fe4c3f,Non-Logged,4,"2c5bb512-e8e5-4515-985f-e682a2fab56f, 840b6d5c-5201-453f-b106-19e1dc6d3dda, 92ecb67e-11a0-4daf-95e2-70251ecfc5cb, ec7dbae8-2ef3-4fa0-8b70-22b425f09f5f","1658927689428, 1659380692121, 1659449875675, 1659532710101","1, 1, 0, 0","21076, 160000, 9825, 6766","67.99, 68.87, 12.17, 8.2","1, 1, 1, 1","1658927689428, 1659380692121, 1659449875675, 1659532710101"
7a0f573acdb3b01cd00faf846d4c662c8e8711ce6c6a37c59205d46466701f5a,Non-Logged,4,"a336a91e-d1c0-4098-8d39-3ac8345742a8, 0e7b1e1f-41c8-4b34-99bf-78d543513450, 47d8b57e-7333-438c-ad48-011e59a963fe, 127dc467-cdde-4738-aa8c-e18ab0e3e81c","1657723445092, 1658749002981, 1658749317177, 1659361670622","0, 0, 0, 0","87464, 20000, 60000, 117832","76.23, 32.36, 37.35, 43.33","1, 1, 1, 1","1657723445092, 1658749002981, 1658749317177, 1659361670622"
1b43d77c244e533532cf70bf1f72a85035ca9e7369fd92d652c3ef3912837806,Non-Logged,4,"7fcf82cf-6a19-4e1f-a054-d5356546bf31, b4a5680b-d0e1-4260-bc54-82fbe328d3a0, f89de8c4-8aef-434c-96ac-893ae5174f37, 66a9efac-fd43-4fd1-9824-c404b08efa5d","1659359753011, 1659359861625, 1659359952117, 1659360085323","1, 0, 0, 0","85267, 32940, 70629, 60000","51.85, 39.78, 48.04, 47.4","1, 1, 1, 1","1659359753011, 1659359861625, 1659359952117, 1659360085323"
4fd4c179272af6529f1df01bc1fa5e80956bcc418223ea958dc2257cdb3099f8,Non-Logged,4,"83ebda93-e1cf-422d-ae6b-18298c55ed8e, ef0b460d-a23b-4317-82c8-41647d58100c, cdcc5266-d485-4262-acfa-f69a9737892b, 8864af44-c4a2-4862-82de-be58579ac4f3","1657903858124, 1658164954482, 1659558250326, 1660340383127","1, 0, 1, 2","50000, 60000, 102672, 20027","26.64, 45.13, 65.74, 56.63","1, 1, 1, 1","1657903858124, 1658164954482, 1659558250326, 1660340383127"
035c01123912422aec4951a0830384335f285faef58b456cf752b92885a5d61b,Non-Logged,4,"330c84ea-9e36-4580-903c-e40ee4d6ead6, 0b5caeed-ff6f-4b9d-8375-9ad25827a4ae, f59aebea-a859-401c-a593-74684984f18c, e60567b0-6cbe-44ae-935a-3b9c9643e8d3","1657289409946, 1657646594000, 1657646754876, 1658841517344","1, 1, 0, 4","140000, 151253, 170000, 242552","47.73, 20.4, 67.65, 68.35","1, 1, 1, 1","1657289409946, 1657646594000, 1657646754876, 1658841517344"
1bc636192730994c1af4ee5379110e4f961f5324f56674e70289e0cf94d2a02f,Logged,4,"d8b8c65f-a7c3-48b2-9391-ba0ef8a069fd, d7f17a3c-3885-4b47-95a8-c4204a3698f5, 61a568cc-2855-4e0b-ae86-8b4c41a1e61b, 3beb9788-4eee-4c88-a3de-dda387333710","1659089394820, 1659790308018, 1660175205802, 1660504326905","37, 8, 12, 14","210000, 30000, 72425, 60000","62.36, 28.59, 28.65, 32.6","1, 1, 1, 1","1659089394820, 1659790308018, 1660175205802, 1660504326905"
bf5bc6f0ba4b3978bdc3735d7f9341efd5b820e5d5312cb91e1ae7083650d73e,Non-Logged,4,"49c429cc-24bf-4c90-8c9f-3ab299021f2a, a8f0cda0-6c9c-45f6-b72a-3c20ba9624ea, 4899337d-3f6b-4565-a45f-efb4ba473b80, 48a29d81-161c-4131-b08b-18605a75ed61","1656890858880, 1657761393367, 1658050086898, 1658113236411","6, 20, 2, 13","20000, 60000, 11943, 51573","41.93, 68.3, 9.01, 50.49","1, 1, 1, 1","1656890858880, 1657761393367, 1658050086898, 1658113236411"
7a9888272fde6b8eae41149eb0879c49cdb1755786fdfbb0dba60cab2d91b9da,Non-Logged,4,"0f2829a8-eb60-40f0-93c2-5eb70b87574a, 9b54edb9-27a0-4c8c-9d89-76d379edf0f0, 6946c337-c126-4b60-9fba-e58945661976, 48eddf29-6e0a-4433-a71d-451993f4b2ec","1659556279100, 1659974932002, 1660318235027, 1660319200367","2, 6, 5, 0","118789, 83692, 60784, 34561","80.86, 86.98, 63.5, 58.16","1, 1, 1, 1","1659556279100, 1659974932002, 1660318235027, 1660319200367"
ad7a24349d0e1b4be08bc35a05534de51e5d80fcbb167d17731c40f79744c161,Non-Logged,4,"21c390d6-bb6e-48cc-b56d-30113cffc463, 0ad53bf0-a48b-41b9-8300-5e0e08ee0de8, 5b5fa102-1066-48cf-bb76-6d24f7b77409, f849fc45-d9b2-4d2f-90d4-619103d90e43","1657705060971, 1657705686087, 1657709980488, 1657754908790","1, 0, 1, 1","20000, 10000, 30000, 20000","19.63, 11.92, 26.54, 100.0","1, 1, 1, 1","1657705060971, 1657705686087, 1657709980488, 1657754908790"
6d4afd6b27f9cd2982e7bc29342b4fc004ed560647a8770e2ff68636b19db3d0,Non-Logged,4,"afda2c42-0ffd-437b-9ff9-710e229e9946, 650f2d35-9a4d-4c2b-997c-49a8c7706a51, a3a12ebc-92fb-4a41-9781-d0f2dd9c7c5d, 34fe3479-5f99-489b-a4c9-562eada3fc1f","1657669875900, 1657670542597, 1657670982445, 1657672432979","17, 32, 16, 35","62349, 50000, 20030, 70000","43.1, 65.21, 58.76, 73.11","1, 1, 1, 1","1657669875900, 1657670542597, 1657670982445, 1657672432979"
5fce8c63ae672243c60cb297ee99b1d0099661512e79fc266e7211315abbb3f7,Logged,4,"4e163060-2488-4627-a8ba-bbfc54a4d57d, 9d598d19-d6be-4c7e-a963-b8fedfa8f24f, 064e7cfb-32c4-4785-ac91-f26fa05e4237, d35f927a-e593-4221-bfd7-3762ce799347","1659117604141, 1659117676993, 1659118324184, 1659119118462","7, 25, 2, 6","71823, 130000, 30000, 41880","54.49, 72.15, 29.96, 36.79","1, 1, 1, 1","1659117604141, 1659117676993, 1659118324184, 1659119118462"
b7bbc62fa093fba2e5a0e1b2a544e0cab3934583c367bdbaf9c3aaaa10aae6e2,Non-Logged,4,"bf1eab72-5f40-45bc-8d8f-4790e8d088e2, f179cc7b-2976-41a8-95ee-17579141de9a, 47b61ba1-32ae-48c9-a16b-90734bbe2399, d27db1e4-e90b-40f3-8be9-5b1c6086c52a","1659047889492, 1659055112884, 1659105417729, 1659219738518","0, 0, 0, 0","50214, 10000, 38688, 20000","57.06, 18.76, 33.6, 26.71","1, 1, 1, 1","1659047889492, 1659055112884, 1659105417729, 1659219738518"
0b27719841f3a48b282956a9f687df981b98dab51f71e6550ef021ffb071f9f9,Non-Logged,4,"68bcd037-cf0e-4a5f-899b-79d97ce2827a, 9663d9e1-ce9f-42aa-981c-ef9e527d1427, 02dd1448-4909-44c1-8ad0-c8a02d16d9a9, 25b336b3-bffa-48e2-9893-6f5a7ee317d1","1658089282025, 1658593002052, 1660357331863, 1660357448323","14, 76, 12, 30","40000, 283050, 33416, 78321","34.88, 82.7, 29.23, 35.71","1, 1, 1, 1","1658089282025, 1658593002052, 1660357331863, 1660357448323"
e1a5ae407e33298abc85ad21eb4a9345c355149b51dcc5af9dc90b1f59811c21,Non-Logged,4,"c47c3cc9-bb15-461e-915e-d94f64400fdf, 07d84405-1f24-40c4-9f0a-7553e8423c4a, 0e931714-6fb2-4d34-9268-753f7bcc558a, b2c159a6-94f2-4475-93ce-71e87b1fda00","1657023692531, 1657401871624, 1657401999483, 1657818679736","1, 0, 0, 1","150000, 47341, 60000, 168394","49.52, 40.58, 58.91, 60.29","1, 1, 1, 1","1657023692531, 1657401871624, 1657401999483, 1657818679736"
47f420d761312537db62b4b4bde14ce6971c38b2c94e9e8a9ac9a4362fe585a8,Non-Logged,4,"8d477e04-3bab-4ad9-8fe3-799059238a9c, 1990f44d-c894-45f5-b200-5c6f6c873fe8, 4439969f-9104-4ace-9243-3f3ab17eeca7, d2593c3d-2347-40d9-948c-b6065e8459a9","1657553222839, 1657553286392, 1657553356715, 1657554164148","8, 2, 2, 0","80000, 10000, 46153, 10000","70.9, 31.5, 83.42, 6.78","1, 1, 1, 1","1657553222839, 1657553286392, 1657553356715, 1657554164148"
21c435c1dfc48c80c94c268ad4c24c98d0979aeb6ad1588e31b6c790679c28e7,Non-Logged,4,"9a992b4a-aa26-48b0-87a6-c18f93d5dcf5, 84a900fa-8a76-4815-9e1d-a3327316dcd7, a1c969d8-fe10-4ed5-ab5c-cc1bd49cc882, 633e934b-a3b6-41bf-8cbc-f871f24748fd","1657894757189, 1658755082196, 1658780414968, 1660068351794","1, 0, 0, 6","18156, 50000, 91248, 130000","35.54, 50.65, 24.26, 56.08","1, 1, 1, 1","1657894757189, 1658755082196, 1658780414968, 1660068351794"
668fa0f29a99d7345f1d4fdf211a955a6878a744d8f38119e8f8e7f1d8457ca6,Non-Logged,4,"10db7533-c62e-4fc7-a010-9d30fa502c67, a578d1f1-b314-4948-a58f-23b444c91976, 62ee84e5-beaa-4cb5-b834-4aca073ba595, a17fd3c6-dcda-4e5c-9195-42422fedb2e7","1658767016895, 1658767260172, 1658767705011, 1658767911070","9, 0, 0, 0","50000, 20000, 10000, 10000","39.73, 8.43, 9.05, 12.54","1, 1, 1, 1","1658767016895, 1658767260172, 1658767705011, 1658767911070"
6a1e15782538107ac79bdff257f461670c076cfd3f2322cce93b492fd5d58a76,Logged,4,"c9e2ac55-4e0f-4317-b314-65cca48253a3, bdc2dff6-cf12-4737-94a6-635ebd440cc5, dccce65b-8982-46e1-afcb-01db956e2cd6, 8f958b5c-00f9-47a5-b7cc-6844bd0cb92f","1658060406285, 1658060479059, 1659032363455, 1659915702659","14, 23, 5, 5","71907, 60000, 120000, 20000","59.32, 42.53, 66.7, 37.67","1, 1, 1, 1","1658060406285, 1658060479059, 1659032363455, 1659915702659"
430701173b0b4353ae43da1c388490d7154a49282f7fb831af932d78a5e71645,Non-Logged,4,"c8d0c3c3-ff8e-4238-86f5-408d15983465, 28737ebf-d358-479e-ad78-faf00f2021a5, ec883e0c-0733-4506-93d5-af1ecb301139, 0d7e906c-d3d5-4ae1-b2c9-da80b3108242","1657459590839, 1658756299595, 1659128322192, 1659128509030","0, 0, 1, 0","10000, 9860, 40000, 40000","6.18, 70.3, 55.21, 30.1","1, 1, 1, 1","1657459590839, 1658756299595, 1659128322192, 1659128509030"
a118f9ebfd15d64fc03b34d3bdef791762a3b7798244b420bf086440c3fbe6cf,Non-Logged,5,"59e55514-e48c-4d7c-afd9-3696f9cba1d4, f2e0d918-139c-4c99-9d14-72ae4c843a42, 09d12b1e-2262-4ad4-a0a8-e8d86a7c1ca4, 5c37a504-0ed8-49c1-a6a9-d237d90664e3, 4e73dd4e-0e2b-4a11-8f5b-658619b08027","1657807763933, 1657807891657, 1659122698482, 1660140732915, 1660140805406","26, 70, 18, 11, 0","70000, 190000, 20000, 24028, 10000","47.21, 79.44, 65.0, 83.83, 8.25","1, 1, 1, 1, 1","1657807763933, 1657807891657, 1659122698482, 1660140732915, 1660140805406"
c4bb010cb916c4d5d0fd27be0ca3c9e34adfb3abb56960decb7f110382ca6a06,Logged,5,"53fadf2e-ff25-4778-8c0d-0780abf42439, 3fb7858c-33f9-412a-b0cc-c847df3e2be0, 230d19cf-28f8-459a-ad3a-da60aa640639, 7500befe-87c6-4be1-93ab-b78e3fb84fc2, a2200d09-93d3-406a-93f0-b29d93b9cb0d","1657111025790, 1657490896950, 1659616903676, 1660055681463, 1660496471977","351, 1, 54, 34, 8","972912, 10371, 152586, 100000, 40000","87.56, 12.93, 57.29, 49.71, 25.76","1, 1, 1, 1, 1","1657111025790, 1657490896950, 1659616903676, 1660055681463, 1660496471977"
b02f67f4f18c3447702dba9ecc4923bafaea191420861af4babeb98cc0cff93e,Non-Logged,5,"698804ce-1002-4757-9955-36ecfcf76772, b314bdb3-b712-4db4-b0f2-12752369e731, 11cdab41-edc5-4af3-ba9a-bf53e5681263, 286428b0-dd16-46e6-8189-2908a23967ea, d439889e-1000-4f72-9610-595519df669a","1660181973542, 1660182003230, 1660182224778, 1660182595158, 1660327279896","5, 61, 28, 8, 1","30630, 110000, 107713, 11303, 10261","59.08, 40.41, 48.12, 49.42, 26.66","1, 1, 1, 1, 1","1660181973542, 1660182003230, 1660182224778, 1660182595158, 1660327279896"
fa5075592008e44341899aa3d40cd2802efbe73568fec1bff0df7f6243733d5e,Non-Logged,5,"0650a691-26f6-4a08-85c8-4716ae0d5388, f774e860-8103-49bf-b04e-63b316735e4b, 97544df2-d05b-4154-a7b6-d2dd8c0a39b6, 4db03e9e-386e-494a-97a4-a56b570df2f0, a6e7224d-da3e-468f-bc51-26331659e06a","1658955908453, 1658956543893, 1659122799164, 1659481990490, 1660103089245","21, 2, 46, 16, 101","79046, 10000, 130000, 80000, 400000","20.93, 9.46, 40.62, 34.0, 77.23","1, 1, 1, 1, 1","1658955908453, 1658956543893, 1659122799164, 1659481990490, 1660103089245"
4d3e147e80285741fe3135b223999d1629f4872d01adf7ead777346f2548cd56,Logged,5,"17bb6191-69bc-414b-97bc-02fb6c4d3250, ba59dbee-6964-481b-af09-966e59a885d0, 89af4c0c-5bc7-4630-a4b4-464132301b89, 6452a218-de3c-4511-b482-d58f26b7ecda, 83cf1546-5235-491f-ae0c-90949a2ab3c2","1659622252855, 1659636477545, 1659716895591, 1660334139608, 1660425540903","3, 1, 2, 3, 0","30000, 84956, 50000, 150000, 30000","15.13, 71.15, 26.85, 61.8, 27.18","1, 1, 1, 1, 1","1659622252855, 1659636477545, 1659716895591, 1660334139608, 1660425540903"
19a60e8138fa5fc84075fbbb2cdf079cf4c14507eeef51990e13d714b594809e,Non-Logged,5,"2008f497-c05f-49e0-88dd-86aa1e395f15, 242a3ced-bcbe-4083-8099-eae08787ebbd, 1f32787b-de2b-49be-8c20-ddaeae34cc22, 7d995bf5-0b9b-41ee-8f0f-ed2c502dc229, 99cee40b-98dd-49a0-b741-41296aaea59e","1660068090781, 1660068111739, 1660128894659, 1660129083806, 1660132199784","1, 0, 0, 0, 0","9321, 10476, 19297, 90130, 12838","20.99, 14.68, 26.55, 68.66, 22.3","1, 1, 1, 1, 1","1660068090781, 1660068111739, 1660128894659, 1660129083806, 1660132199784"
328e11c880607de2321faec34dcfe6972f43330692e2ad369087cc0333299038,Non-Logged,5,"4b30ef89-4c38-4e46-b1cf-702bf62ff85e, 0b5caeed-ff6f-4b9d-8375-9ad25827a4ae, d2593c3d-2347-40d9-948c-b6065e8459a9, 2cd12219-7c03-4c5c-be58-bd62b1f6e624, 17aef017-86b7-47e5-b7e6-7c2b7396d4c0","1657587862094, 1657588392492, 1657588918512, 1657589005797, 1657589100600","11, 38, 31, 5, 4","20000, 110000, 72942, 10834, 20000","14.88, 56.08, 92.33, 77.21, 17.3","1, 1, 1, 1, 1","1657587862094, 1657588392492, 1657588918512, 1657589005797, 1657589100600"
1a58c80f619d008470b67650156bb5585dd142e324f5f5f7b991214b455796a8,Logged,5,"ffe56be2-f822-44ac-b7c2-6bef6e8833a6, 11055e00-6ed9-46c9-9795-392ab21c61ef, b442d94e-f0c5-4fc1-9406-a4b64b595d71, 56708fbe-d642-4b61-82d1-188c0bbaf53f, cf84c695-4234-4f5b-a553-2b2cf67ba683","1656929399539, 1657590490636, 1657755759051, 1658504560475, 1659008015108","5, 25, 49, 12, 21","30000, 65797, 129827, 40000, 70972","26.24, 34.64, 58.03, 34.95, 46.66","1, 1, 1, 1, 1","1656929399539, 1657590490636, 1657755759051, 1658504560475, 1659008015108"
1aeee5cb25236819efa81301dacbb19aa2695fceec9309451b7696b120cb4021,Non-Logged,5,"88db8574-10eb-40a9-8659-b27c00a5768b, bacab81b-4dd0-4047-8d51-a9cb03a8e18e, 58187910-27b8-4e13-b9a4-a1af687558c1, 09092757-a6a5-49e6-b2b4-a59856c6ea81, 665b6471-0d73-4611-9320-f5937aa41338","1658371531942, 1658371580169, 1659275631410, 1659275656170, 1659296133534","11, 35, 49, 25, 36","30000, 182997, 30000, 99624, 161174","66.16, 57.09, 65.91, 43.47, 55.42","1, 1, 1, 1, 1","1658371531942, 1658371580169, 1659275631410, 1659275656170, 1659296133534"
9de6a7e8b1985e8da001afedaf65baf710b44cf321529212b4375186ac18e551,Non-Logged,5,"bb8a99cb-83ad-44b6-854b-8e3f8c492164, fd6c9b48-7f21-4c1d-b5b1-5062137664a5, d1ae6fc9-e82c-41ec-90d5-793c8f3e2eb7, 91a8256e-64c9-4da9-9692-c2828bb1893b, 33cb15b5-b086-41e8-a02c-ce9b19ccea71","1656779207457, 1656779546085, 1657224749243, 1657427203315, 1657711456113","0, 0, 0, 0, 0","40000, 40000, 40000, 9164, 33211","12.5, 12.5, 12.5, 12.5, 12.5","1, 1, 1, 1, 1","1656779207457, 1656779546085, 1657224749243, 1657427203315, 1657711456113"
3c1ba0639519d53f8036cbc10060c7743e9aea8727c724e1bdccbbf0e116c3ac,Logged,5,"cc47ee95-eb6c-4c42-b9d7-ff77e0076fee, 50361012-78e8-4d4f-92f8-7387524ccf82, a5a48923-4db9-47f2-9ab8-e9220f8b471a, d96b55d0-b352-4e2b-9592-aec12e2efca1, 9f95b714-bde8-4044-bb34-27ec3c5f1b10","1657613081284, 1657613480973, 1657613867025, 1657614364759, 1657614526910","36, 21, 14, 14, 8","140000, 147342, 70000, 101337, 40163","86.26, 32.68, 32.02, 43.47, 42.62","1, 1, 1, 1, 1","1657613081284, 1657613480973, 1657613867025, 1657614364759, 1657614526910"
618d01840de99efdbfaa50d26b7b9fa7c061c4429ee0fdb952dd2cb3f320d626,Logged,5,"fe2438e7-db30-4b38-852b-ab48ef96fb50, 55c197cd-2e07-47dd-90ca-12808c2f9e72, 36589f80-de15-4af1-be35-b453b47c4c4a, 951b7ab3-0034-4aa3-9a1f-ce1b4df9f21a, ed069cfe-149b-459c-9e1e-160497a2e99d","1658842321959, 1658843524383, 1659112514060, 1659450442216, 1660047544339","0, 1, 2, 1, 0","10000, 14529, 40000, 10000, 7729","32.9, 25.25, 19.71, 34.78, 12.42","1, 1, 1, 1, 1","1658842321959, 1658843524383, 1659112514060, 1659450442216, 1660047544339"
ac0a7c0605936948fa28859856b6acc43331ae9a1509c646ae15c3eaf2487e3b,Logged,5,"0e13fc1c-399c-4e52-bae2-778001e4aa90, 760b1225-7fe2-42ad-808a-eedac09ec477, b16c876a-339d-4d7b-82b0-3b8c07a1ff58, 47929081-8da5-4fb0-ac11-d8e83181a6f7, 60c0fb97-c96c-4c0d-a87b-0a3f5ad338c9","1658499509333, 1658519816057, 1658519878427, 1658519879458, 1659633654974","0, 0, 0, 0, 0","102209, 338778, 111649, 59429, 16209","46.3, 74.69, 54.98, 81.65, 28.79","1, 1, 1, 1, 1","1658499509333, 1658519816057, 1658519878427, 1658519879458, 1659633654974"
2394a7faa9c384a6b0ec05af6eea53c3bd4ab27e10dc1d2d3f632b58cc586628,Non-Logged,5,"8539595a-8f2a-48ec-bfef-7cd73b6fea29, 286428b0-dd16-46e6-8189-2908a23967ea, fd9b3a59-d9d0-4663-98b5-3fde4cdc06d3, c3ad9b5e-5fe6-497f-85d6-428988875a01, 05b56a9b-37f3-4f6f-879b-3654dbe0ca87","1659706434200, 1659706440761, 1660230317053, 1660230724088, 1660230741786","0, 0, 0, 1, 2","50000, 60000, 398380, 117690, 180000","63.27, 10.45, 90.27, 49.84, 60.35","1, 1, 1, 1, 1","1659706434200, 1659706440761, 1660230317053, 1660230724088, 1660230741786"
e962b159fdab74159bac1418d05dcedc98d144a05e5e914d37015c20509f1d2c,Non-Logged,5,"4780be1c-b7af-4bc1-ac7a-e68de27868ad, 471117f5-d27a-4cf3-b1ae-f31fe5ec20b7, bcedf0d6-0e5e-4f12-99f9-344c0fbf5dfb, 6cfefe32-99ae-43d6-aa24-5973842cd65e, e1a3aca8-525d-49bc-9f71-c9fbde26fcb6","1659580671403, 1659842876628, 1660101696331, 1660101696423, 1660105331388","0, 0, 0, 0, 24","40000, 16340, 10000, 10000, 245719","17.32, 41.05, 9.43, 8.78, 75.3","1, 1, 1, 1, 1","1659580671403, 1659842876628, 1660101696331, 1660101696423, 1660105331388"
e398c6711b2ff5a25d256288f50f013691c1584a5309780f57b84aece33a2e74,Logged,5,"58292775-9ced-498a-beab-1c715b4cd982, 9e1b4571-e55d-4a26-8c5a-1ddd6ecf53ba, a6ec1174-3e10-4c18-beb9-729d3c11d6eb, 80c795a2-81e3-481f-b5e4-78c2dd7ae4ca, 2404bd0b-d625-4d65-9a5e-1620c64a6d86","1657223281488, 1657522421054, 1657522457674, 1657522597529, 1658465897629","0, 8, 21, 8, 12","24757, 20000, 125380, 30000, 30000","28.19, 23.4, 55.45, 35.34, 27.66","1, 1, 1, 1, 1","1657223281488, 1657522421054, 1657522457674, 1657522597529, 1658465897629"
0301e33993437480fd31a9ec70163d8561e6871adb3055363c6be6c7f6bfb8a5,Non-Logged,6,"2e05bbe0-3a61-4f7f-a30d-a72530379df9, 855d7f14-0d48-4f42-9733-edc4345e9b66, fb5cc5c4-ebfb-4380-bd65-7695d99e8699, dba9978f-7000-4053-9c29-bab000c80bdb, c370b626-8d8e-4c0e-9d06-0cf16473bd29, esid:conteudo_editorial_g1#materia#https://especiais.g1.globo.com/bemestar/vacina/2021/mapa-brasil-vacina-covid/","1659402977603, 1659650624277, 1659651864518, 1659653260035, 1659653373863, 1659831732408","6, 34, 14, 17, 0, 0","17486, 80000, 60000, 90000, 10000, 10000","16.46, 47.62, 20.22, 38.06, 14.14, 12.89","1, 1, 1, 1, 1, 1","1659402977603, 1659650624277, 1659651864518, 1659653260035, 1659653373863, 1659831732408"
be7ca895180503dc60c1e44be6f6b9c5d2746d700630838f8aefe41f94c5a91f,Logged,6,"99cee40b-98dd-49a0-b741-41296aaea59e, 465112c5-21ba-4031-853b-852744647d03, e3ccb6c1-0a55-4cd3-b818-f98be256f193, f9f0cb85-61b4-4f1d-87ae-1499826eea22, ac3032ba-f271-4f17-9a52-3b26f97389cb, 5ad189e3-77e6-4c5e-9eed-8979ba58e283","1656945269544, 1656954661539, 1656954869137, 1656955036831, 1659836874060, 1660057536124","0, 0, 1, 0, 0, 0","140000, 120000, 110000, 185907, 58670, 20000","83.34, 35.51, 86.82, 72.16, 88.2, 39.94","1, 1, 1, 1, 1, 1","1656945269544, 1656954661539, 1656954869137, 1656955036831, 1659836874060, 1660057536124"
a2335859ee04767698ace7827d3930a552b7844a08c1b569c5b5864188607c86,Non-Logged,6,"ad5ce6bc-e91e-408d-915d-1f45b7385d76, 2e8d8fb4-8c3c-4be5-9e98-dbb03c133c50, 949a81ac-5df1-4e7b-9f4e-e364b5603e68, b3618dc0-8d65-4dee-adec-f6b9dce2442a, eb350e83-7d59-47f5-835b-65ada808a4ab, 083231a0-d492-4d00-ae37-84f146fd8939","1658922955102, 1659136397328, 1659215428596, 1659396730396, 1659469181659, 1659508156402","14, 0, 76, 68, 21, 14","70000, 10000, 300000, 240000, 30000, 59111","25.64, 16.3, 71.61, 55.66, 31.31, 29.05","1, 1, 1, 1, 1, 1","1658922955102, 1659136397328, 1659215428596, 1659396730396, 1659469181659, 1659508156402"
2098ac9c817f5b473166fc62e50e815ee1b3478014286734f552e75ad18a8f01,Logged,6,"e1c14cdf-8a07-468d-bb5d-ea62a2897f3f, dcff9641-01ed-4854-ae5f-cb35449e2e51, 2c8d0162-7a7c-420b-ac35-1f7f1e9f7ba4, ba73f5a9-e49f-4f90-992a-48a15e7f83a2, f9926257-ac12-4b22-b6a9-ea1409cf3bbc, 855d20b7-53f2-4678-a10f-55402d085018","1656935944851, 1657136681439, 1657136729439, 1659726612639, 1659730315538, 1660222124803","0, 0, 0, 1, 2, 1","73352, 26573, 10000, 50000, 70000, 11809","53.41, 23.2, 10.43, 63.03, 54.9, 11.95","1, 1, 1, 1, 1, 1","1656935944851, 1657136681439, 1657136729439, 1659726612639, 1659730315538, 1660222124803"
916905b563e38c139fbb0402c6e0baad109caf35d0b7cf32817b7bcea74c03eb,Non-Logged,6,"esid:conteudo_editorial_g1#materia#https://especiais.g1.globo.com/sp/sao-paulo/eleicoes/2018/apuracao-zona-eleitoral-presidente/sao-paulo/1-turno/, esid:conteudo_editorial_g1#materia#https://especiais.g1.globo.com/mg/triangulo-mineiro/eleicoes/2018/apuracao-zona-eleitoral-presidente/uberlandia/1-turno/, esid:conteudo_editorial_g1#materia#https://especiais.g1.globo.com/sp/mogi-das-cruzes-suzano/eleicoes/2018/apuracao-zona-eleitoral-presidente/itaquaquecetuba/1-turno/, esid:conteudo_editorial_g1#materia#https://especiais.g1.globo.com/go/goias/eleicoes/2018/apuracao-zona-eleitoral-presidente/goiania/1-turno/, esid:conteudo_editorial_g1#materia#https://especiais.g1.globo.com/pb/paraiba/eleicoes/2018/apuracao-zona-eleitoral-presidente/campina-grande/1-turno/, esid:conteudo_editorial_g1#materia#https://especiais.g1.globo.com/pa/para/eleicoes/2018/apuracao-zona-eleitoral-presidente/belem/1-turno/","1659388807460, 1659388954976, 1659389042777, 1659389078791, 1659389089041, 1659389102183","11, 38, 18, 9, 15, 15","13132, 85846, 34195, 8829, 11187, 28188","32.03, 70.2, 64.68, 23.71, 27.43, 39.54","1, 1, 1, 1, 1, 1","1659388807460, 1659388954976, 1659389042777, 1659389078791, 1659389089041, 1659389102183"
98d22ed2893c0777f9c138c3d35ac8b7feaa38bf08c96ef836c9b4bb1f0f980f,Non-Logged,6,"0cfe899d-b44b-4b55-8427-0486d0804338, 9b062394-6992-4251-8f91-0a43fd73581f, 02f0763a-8618-4e53-b989-4a3f4f67a8e7, 563a8fb8-ed8a-4267-b654-36b37989e927, 0a375ac7-c517-443a-a371-c8399300807d, 252a26b2-ff49-44d5-9733-16166e690bbd","1659035629051, 1659035656541, 1659035673683, 1659035715290, 1659035762804, 1659035794471","7, 0, 0, 3, 7, 3","10000, 7715, 8706, 10000, 14846, 8962","13.0, 12.0, 22.61, 13.23, 10.09, 8.29","1, 1, 1, 1, 1, 1","1659035629051, 1659035656541, 1659035673683, 1659035715290, 1659035762804, 1659035794471"
d0a37a0a7b806b9d0be84820597416dce89a0eb7e16bece4c130a8da9f1395e1,Logged,6,"05a05d1c-6b8b-4203-96fa-99e21efeb915, 58e51927-3021-4a7a-917d-8d7256c074a6, 77c04c2b-6446-44d2-b76f-9b871a27a3e1, d2ca05a8-db42-44fa-9a4e-695d9b3a4c51, 9c8465e1-65d5-44d6-817e-a8657d38fd32, 106e6c31-5aa8-4d21-8d76-2fd90d35dba1","1657218032347, 1657223335620, 1657223806648, 1657224298831, 1657893756752, 1658945816232","1, 0, 1, 0, 1, 0","30000, 25067, 30000, 40000, 30000, 38563","40.8, 63.13, 65.31, 44.8, 37.7, 79.08","1, 1, 1, 1, 1, 1","1657218032347, 1657223335620, 1657223806648, 1657224298831, 1657893756752, 1658945816232"
62a818342760701ce03cd89673880910321472b4a3515aaf08a0ccaf3a505d18,Logged,6,"c7b6f56c-3304-4fe5-994a-50c8937d6431, 40dfdb2b-8ab2-45bf-ba79-7973caca09b9, a91ef6a4-710d-4c76-9492-89f1d0b666ee, 1ef9fd31-ab6f-4e06-ab10-e18322b06b18, 092ec987-3d47-402e-b496-f2562eb1ed6f, d2593c3d-2347-40d9-948c-b6065e8459a9","1657538662695, 1658001257926, 1658489754486, 1658489758652, 1658489982041, 1658516321597","44, 11, 0, 0, 2, 5","204746, 46076, 20383, 37249, 171793, 130000","53.41, 31.49, 65.16, 71.75, 80.09, 71.67","1, 1, 1, 1, 1, 1","1657538662695, 1658001257926, 1658489754486, 1658489758652, 1658489982041, 1658516321597"
a77d3626730c62f1c14675211a661e0a15b111fd22ae20346c70aa76dac4be81,Non-Logged,6,"b9008bb6-1d5e-4eb3-94c4-62fdba6741f2, 6b1a4ee6-c84d-4424-950c-ab5fe8118587, 2bc5f21d-c488-4e67-b672-2cda7600345b, 030f9338-4f5c-469c-9aa1-1b5924d9bca9, 5e690b8b-2d01-4446-bbf9-c3f08a6018a5, 13805186-8b3c-40eb-9067-8c462c1f3446","1658517810866, 1658587641065, 1658587641508, 1658660461858, 1658660463123, 1658683227383","1, 1, 0, 0, 0, 2","27373, 15521, 10000, 9210, 74454, 88313","25.09, 35.4, 7.94, 8.1, 30.29, 83.94","1, 1, 1, 1, 1, 1","1658517810866, 1658587641065, 1658587641508, 1658660461858, 1658660463123, 1658683227383"
4da36661003be6d55936a9fb9dbd0245c465a1f108dbad33ec0c191a17028df5,Non-Logged,6,"c49fd156-39bf-481b-a25c-7e156fa894bb, 5f1ba072-689c-40fc-a524-4a73fa0e5dd6, 7c5eda7d-229a-4729-8ff2-85a3d6ef5abc, 83ee71a0-cb5d-4281-9d97-8a577805ff7b, 7326e2f9-c289-4e88-8f0b-5bebf4361384, 6bc8f320-4056-4359-aebb-825a9ffedae0","1659981908152, 1659994580264, 1660076555195, 1660076942984, 1660082766465, 1660083683231","13, 5, 25, 49, 8, 11","80000, 11588, 60000, 194524, 20000, 20518","32.88, 22.41, 48.82, 29.84, 32.74, 10.55","1, 1, 1, 1, 1, 1","1659981908152, 1659994580264, 1660076555195, 1660076942984, 1660082766465, 1660083683231"
2158c6d1eae9f296bb37c82915640b3bdfc06b4849c5759bca1d3b715a6d4931,Non-Logged,7,"c1ee25ec-8981-48fd-8711-76f59870503d, d7f17a3c-3885-4b47-95a8-c4204a3698f5, 598ed114-fd5a-4d82-90d8-f1e893cb0892, ced7fe89-46e6-4bc2-b5c8-ecfcfd33c577, d173164f-dcfc-4e32-8006-64ab44a57c66, be324cb8-dec8-4a71-bb89-6b249cae8e11, b8a40760-6d7a-47f7-95a6-1fa90a3090f0","1660257309369, 1660257310820, 1660257421175, 1660257461149, 1660257848470, 1660257933649, 1660258017573","2, 0, 2, 0, 1, 2, 0","109697, 20000, 283001, 119708, 81219, 79738, 63377","92.6, 10.25, 93.17, 78.55, 67.61, 44.12, 81.06","1, 1, 1, 1, 1, 1, 1","1660257309369, 1660257310820, 1660257421175, 1660257461149, 1660257848470, 1660257933649, 1660258017573"
bd88d3ecbd46c51360f3545407bae93e9ab4e087f25796a90304f3ed598d04d5,Non-Logged,7,"5aedf6f8-afe9-49de-9cf4-b348e98c5efc, 253339a1-92b6-44d1-8fa2-59236c5251b1, 0078d370-84d7-4745-9918-bf1ec35fe3b8, d97e1a5c-ad77-4fe3-991b-6301a9063bce, 7ac12601-9766-4df4-9371-c6d2aa4a3cf8, a0808c45-e00e-4942-8511-dc7a8da77a7f, c4a64d0d-09b8-4f82-8e32-4d2ec6067226","1657017657705, 1657017675537, 1657273195796, 1657466234216, 1657466688851, 1657641630070, 1660405682224","0, 57, 24, 145, 13, 86, 13","10000, 215310, 60000, 574715, 13108, 240000, 30000","19.57, 38.94, 35.36, 49.74, 49.0, 80.83, 44.97","1, 1, 1, 1, 1, 1, 1","1657017657705, 1657017675537, 1657273195796, 1657466234216, 1657466688851, 1657641630070, 1660405682224"
6e3b22e05cde8a6c56b25ab0cf900b09d5180ce0405becdda3933bdf7928920c,Logged,7,"cb82d624-c8e1-496b-8f64-a0e944486240, 5ab65f6f-c29a-44fa-b9ef-49d9d4c2638d, 38f206b8-17eb-4f60-8a20-27e808061ef5, 9e1b4571-e55d-4a26-8c5a-1ddd6ecf53ba, 4c63d7cd-4902-4ffb-9b94-578b1b2151f0, 61e07f64-cddf-46f2-b50c-ea0a39c22050, 26796131-e3b5-4e24-aa2a-8c8247c02bed","1656687438485, 1657280205460, 1657280235701, 1657507039057, 1658030547903, 1658030564474, 1660251830558","2, 17, 6, 3, 4, 14, 1","50218, 26372, 20000, 10188, 154797, 128237, 150250","69.06, 49.63, 27.98, 16.97, 35.33, 54.83, 56.02","1, 1, 1, 1, 1, 1, 1","1656687438485, 1657280205460, 1657280235701, 1657507039057, 1658030547903, 1658030564474, 1660251830558"
226f638e108891b618011c41cde28d555fdb83966acc212fa991fdb4ee2e0a9b,Non-Logged,7,"e2cd1c23-e372-4525-8b2b-b6886428f444, fa571e66-a5b4-448f-905f-59e398a673b5, b4e732ba-beed-413b-9c5a-7c409992dcfe, b7e37213-d5cf-4d5d-b986-cd51d0a93d7c, 074b796e-4a70-4604-9b50-3713505a1275, 04a6688f-bb07-4dfa-a1bb-432bf540f841, c4a64d0d-09b8-4f82-8e32-4d2ec6067226","1657026787256, 1657042550251, 1657042656959, 1657048977193, 1657111307628, 1657301031059, 1657301144101","0, 0, 0, 0, 0, 0, 0","24875, 64454, 56082, 64098, 35517, 54312, 21056","34.37, 58.33, 68.37, 63.3, 42.92, 61.24, 41.25","1, 1, 1, 1, 1, 1, 1","1657026787256, 1657042550251, 1657042656959, 1657048977193, 1657111307628, 1657301031059, 1657301144101"
7e301510eb42d140628042e02659980a279b445d9c3f4da44e23492271e9d730,Non-Logged,7,"c35f9d36-653c-4cb2-bc0f-9911da1c9c1a, 11718fef-63f5-401d-bd49-2e67886068b9, 9acbe488-227c-4bb1-b483-cd81afa5c2b3, d4612051-b01b-484a-82de-835b92810851, 356d433a-bd69-4594-9fc8-061d4ec29391, 23907af7-484f-4d4a-8a76-d7c34672b607, 71b01665-e9fb-405b-9aaf-cf58f5b04942","1658251024029, 1658268041402, 1658857202573, 1658945839075, 1659042234248, 1659048084915, 1659395462973","1, 13, 0, 1, 0, 7, 9","50000, 90000, 26635, 10000, 46396, 80000, 100000","30.44, 35.91, 23.6, 30.02, 22.53, 33.68, 33.77","1, 1, 1, 1, 1, 1, 1","1658251024029, 1658268041402, 1658857202573, 1658945839075, 1659042234248, 1659048084915, 1659395462973"
d8692fbec386c515fc790f0e2c9925e67037c7a93917a0a5f34a8498699d51d0,Non-Logged,7,"3bd9f24b-cb02-4cc4-b6b7-da5c1389463d, fdab1161-53cc-433f-8c1f-636130bbaba1, fd593fb8-0558-4a67-aa02-3cbf95a9469f, 61e07f64-cddf-46f2-b50c-ea0a39c22050, 855d20b7-53f2-4678-a10f-55402d085018, esid:conteudo_editorial_g1#materia#https://especiais.g1.globo.com/economia/concursos-e-emprego/lista-de-concursos-publicos-e-vagas-de-emprego/, esid:conteudo_editorial_g1#materia#http://especiais.g1.globo.com/economia/concursos-e-emprego/lista-de-concursos-publicos-e-vagas-de-emprego/","1656852193611, 1656852193611, 1656946149149, 1657288067510, 1657288362442, 1657714470466, 1659971522686","2, 2, 2, 6, 1, 8, 1","201822, 201822, 73013, 148957, 60000, 313463, 137724","93.41, 93.41, 65.78, 27.32, 15.57, 71.4, 85.56","1, 1, 1, 1, 1, 1, 1","1656852193611, 1656852193611, 1656946149149, 1657288067510, 1657288362442, 1657714470466, 1659971522686"
eb6a8d5e06f00eb3c56078b06366c5d0deaf7491d9ee196d3a0dd4093478ba16,Logged,7,"a36c98b5-f159-48f8-9f5a-1fc6ea9956c8, ecc37a22-b730-4e3a-bc87-c3ba3403acbc, 0906fe9c-99b4-4fbf-b879-47674953717b, d6b4d7b3-1721-4721-aa00-29fc7b97a567, 5ff06450-cfa0-4e6f-ba87-ca6f412c9b44, ee32df8d-d066-4711-b678-e0f5876efe20, 97ac6c4c-5b3d-4e36-9816-0791226573e5","1656678243227, 1657023115901, 1658320242550, 1658841603996, 1659801274354, 1659919544291, 1659919608522","4, 21, 3, 16, 9, 50, 2","10000, 26811, 7891, 26548, 12428, 61349, 10000","14.16, 45.41, 25.47, 37.94, 28.76, 42.72, 10.56","1, 1, 1, 1, 1, 1, 1","1656678243227, 1657023115901, 1658320242550, 1658841603996, 1659801274354, 1659919544291, 1659919608522"
099951f07595776e79cd2e9c7f44a37a4a4ca6dcf9838713d95032959fe35876,Logged,7,"c75f6c0a-e828-46d1-b946-be3930329072, b87df245-e6bd-489a-ae5a-f6701b579b64, fcdc961b-9239-4c94-a775-bff667a105a4, aeab0e46-f1e4-41e9-821b-571255c41f69, 426e9777-7ad8-4b0f-98f4-48e8ee96ace5, 88ad851f-b69d-41a6-81d3-12f354df2e17, 83ebda93-e1cf-422d-ae6b-18298c55ed8e","1660333919817, 1660334065489, 1660334135243, 1660398275368, 1660419630331, 1660420706818, 1660475437826","79, 4, 129, 116, 4, 2, 33","130426, 10010, 210645, 405302, 10005, 10063, 66575","50.36, 38.01, 62.99, 65.92, 54.49, 69.03, 83.51","1, 1, 1, 1, 1, 1, 1","1660333919817, 1660334065489, 1660334135243, 1660398275368, 1660419630331, 1660420706818, 1660475437826"
131abc02578d1029ec581f72515ccb30a0d1b7e3c8daa3ae2363b66871e3a15b,Non-Logged,7,"c553aff5-d77f-4bc2-8430-15a98ba7c03b, 46ac3ce6-3097-4cc8-b4d9-71a1776a48a0, 97494a99-1a6b-482d-9c6e-3789ffaa9c65, 9675606a-f570-4003-8fcf-59d08cc99178, f92f0aab-05c8-44ef-9637-e7ac5f36e7dc, 7456c88d-6473-46ed-83a6-dfc406994162, 03040fff-ae61-493c-a864-6ec896feb5cc","1658154903728, 1658250530145, 1658497116087, 1658942238656, 1659358085780, 1659532276720, 1660141339992","2, 0, 0, 23, 0, 0, 1","13853, 20000, 10000, 50000, 20000, 10000, 6488","9.85, 20.26, 7.32, 44.78, 9.38, 8.35, 22.36","1, 1, 1, 1, 1, 1, 1","1658154903728, 1658250530145, 1658497116087, 1658942238656, 1659358085780, 1659532276720, 1660141339992"
e2a1b7412236e9a23bed1c426ea0bee6f615925776a02b1f661ffac4cf597ec1,Logged,7,"914fe264-109c-4d4d-8f18-052785666a24, f0a78e58-ec7e-494c-9462-fbd6446a9a89, 23acbbe8-30b8-4c4a-ba8b-88782e651380, c9aeae09-77f5-49ad-ad58-0a9768426c64, 83e8814f-7de7-4cd9-b616-327008b86f0a, d2593c3d-2347-40d9-948c-b6065e8459a9, 037155f4-4db8-4f07-8d0a-3e559605b8ad","1656905038765, 1657548227901, 1657978494447, 1659037804052, 1659038184819, 1659579178002, 1659579327801","0, 3, 0, 3, 0, 1, 2","170000, 163722, 158610, 250000, 68777, 147690, 316248","48.46, 64.88, 96.7, 78.69, 55.02, 90.3, 62.6","1, 1, 1, 1, 1, 1, 1","1656905038765, 1657548227901, 1657978494447, 1659037804052, 1659038184819, 1659579178002, 1659579327801"
320507741ec531975a3c24960eee82196c25222c08cbcb72db761769d72c90ad,Non-Logged,8,"de88f5bd-5bde-4372-a449-1794447186dc, 65d076be-ba03-4b0b-b362-eb6bf23412b4, 6c0282ae-f70e-4fba-b688-d1b87d9c1fad, f3222a61-566e-4a9f-a3f5-f1367cbabcab, 730095f5-daf0-4e81-a2a8-fd3aad49fd92, f5b99f2a-b4b9-4886-8d95-9788df19ca13, 21c390d6-bb6e-48cc-b56d-30113cffc463, 01e434ce-065b-4484-944b-2518e8748eb0","1656676201224, 1656681220771, 1656685081431, 1656695451203, 1656704931522, 1656714850789, 1656718150062, 1656718780410","0, 0, 0, 0, 0, 0, 0, 0","10000, 10080, 10000, 10000, 10000, 10000, 10000, 10000","8.21, 18.26, 5.97, 6.08, 5.19, 9.61, 6.08, 6.58","1, 1, 1, 1, 1, 1, 1, 1","1656676201224, 1656681220771, 1656685081431, 1656695451203, 1656704931522, 1656714850789, 1656718150062, 1656718780410"
da4ca3345f775eb4f5c009b6831d226f2d02defe991e10523db7d36f2deef3da,Logged,8,"fbfb6e00-6da6-43ac-beb4-c0c1b317c12c, 2283d7b7-3197-4927-ba72-a5598b8cbd5e, 38a7b38e-a238-4e18-b9ab-853210e3574a, a26c923e-c158-4136-a669-57d9f21f638b, ea3b1e84-69a9-461a-92b4-8206903def33, 0f127333-ea15-453a-8dd5-7629fb8ef851, 6083f1ff-92b9-4781-a90d-301c854e9fcd, efb25d13-9212-42b2-87a2-a67e896bb768","1657217945592, 1657566066064, 1657567273632, 1658711541056, 1658711608712, 1658711719075, 1658711783351, 1658711825885","0, 1, 1, 0, 1, 0, 0, 1","36227, 83100, 159525, 40000, 5854, 46945, 33139, 140000","57.28, 67.26, 45.92, 47.26, 60.61, 26.32, 20.49, 59.93","1, 1, 1, 1, 1, 1, 1, 1","1657217945592, 1657566066064, 1657567273632, 1658711541056, 1658711608712, 1658711719075, 1658711783351, 1658711825885"
45bcd1e580a29987abf17aca6097771119b7841e4a53852dd3c00780d105c931,Non-Logged,8,"5ab7036c-793e-4554-b40c-99f998e7db66, d31b4be0-874d-413c-a24c-7645ad29ca0d, c7318905-6ff2-4f59-b614-442cb8d5834d, bc17d65d-aea1-4c9c-82d5-7528730e1d0c, 7b3c1eca-ebe9-4d18-9c9c-217ef24645f8, 2a7d1670-88e0-4066-835d-21113fed240f, 47f35bcf-6d49-4075-a053-a654175ca17f, 8dc92250-27c2-4544-8acc-bb848fa9e383","1657314192973, 1657459622638, 1657460368540, 1657637137967, 1657997481406, 1659104768178, 1659622131898, 1660225585948","0, 3, 3, 3, 16, 3, 7, 5","10000, 60000, 60000, 60000, 130000, 80000, 180000, 210000","6.72, 39.56, 33.06, 30.01, 44.9, 47.54, 37.17, 51.09","1, 1, 1, 1, 1, 1, 1, 1","1657314192973, 1657459622638, 1657460368540, 1657637137967, 1657997481406, 1659104768178, 1659622131898, 1660225585948"
818a160482d7afdb6deb84cb2a94639d30e5940a7941f54c58945fcb7f9dc0fd,Non-Logged,8,"3b59f02e-e8e1-46d8-bde5-02088e8919a8, 2dd15d83-5cb6-4d69-a230-11480d86bb74, 6f24ab1a-0b23-438a-ba50-ce1d063918d6, 255a7f49-ea72-4caa-9e77-48aff4aae740, 92ecb67e-11a0-4daf-95e2-70251ecfc5cb, 1c27cf97-b20c-4e40-b1f1-288b721517b3, e39e3609-0577-4d98-945f-d66adbc245ac, aa1c1a1e-d610-4518-b8c3-8351bd68b1a8","1656821000686, 1656893571723, 1658920065667, 1659305089952, 1659434909061, 1659436136361, 1660098455914, 1660133054745","0, 0, 0, 0, 0, 0, 0, 0","28952, 40000, 49554, 40000, 13871, 40000, 45199, 57425","12.5, 12.5, 12.5, 12.5, 12.5, 12.5, 12.5, 12.5","1, 1, 1, 1, 1, 1, 1, 1","1656821000686, 1656893571723, 1658920065667, 1659305089952, 1659434909061, 1659436136361, 1660098455914, 1660133054745"
242aa3eef17b00415535a2dfb1ff5d18a886155e28f89add196864b545160887,Non-Logged,8,"52305c5a-0485-4117-9c94-b6754267287f, d3d04b5b-147d-4b9d-9d00-f599410fcfd7, 750020b7-cec3-40a6-91b4-5d944febbfc2, db143e47-b9f2-4212-9d7f-8e2a7c93b18c, 65130184-c9c0-4e4c-9289-3ca8f1c9af31, 99ef43dd-5c88-4734-a8d6-12a47fadd2b5, 81c42c29-f007-4e94-b0c7-2f39cdd02fb9, 68ed45c8-71b7-4b88-bcde-1695d741aa42","1657106694525, 1657546079400, 1657566818473, 1658103621643, 1658453643047, 1658494409243, 1659400505581, 1659400707814","6, 3, 0, 2, 0, 3, 7, 13","91738, 90000, 12597, 80000, 10978, 45038, 449485, 196882","68.98, 14.87, 69.91, 72.1, 45.13, 15.23, 64.75, 40.01","1, 1, 1, 1, 1, 1, 1, 1","1657106694525, 1657546079400, 1657566818473, 1658103621643, 1658453643047, 1658494409243, 1659400505581, 1659400707814"
aba51f8a4f8d539293d69a41937b8645ee8f27c068c5368456e77b555570cf09,Non-Logged,9,"d7f17a3c-3885-4b47-95a8-c4204a3698f5, bf257382-74fb-4392-ad6a-143240e39f81, 8c246d2b-81bd-4c1f-b563-2c905675f984, 7b056bf6-c232-46bd-8903-59145ff7ce46, 008d7a48-0864-4202-9a4e-b5d4f3c08e8b, 4700f517-5c5d-483c-81b7-d77aca04991c, 5f2f1833-d203-486a-ac56-665fc3767018, 7f747187-72e4-4791-996b-4518742dc672, b442d94e-f0c5-4fc1-9406-a4b64b595d71","1657759616839, 1657845360348, 1657921334877, 1658442867900, 1658922177260, 1659312792989, 1659483042197, 1659693360042, 1660213245977","1, 26, 4, 9, 2, 4, 19, 9, 11","10000, 99851, 20000, 54537, 10335, 80000, 60000, 43110, 67620","23.42, 28.42, 39.43, 39.28, 35.11, 47.04, 34.66, 30.23, 42.47","1, 1, 1, 1, 1, 1, 1, 1, 1","1657759616839, 1657845360348, 1657921334877, 1658442867900, 1658922177260, 1659312792989, 1659483042197, 1659693360042, 1660213245977"
c6f98e5b9e9ec042becd2d338f6ba498e424afc4370ed886d92cca7add72cac7,Non-Logged,9,"9ac66005-92b6-47ec-a64c-a41db1235f4a, 381adb94-3098-45c7-8a0b-257ff0911392, 9930ad3b-a506-4129-8efd-20c573365d74, f4ac3eb5-e145-4685-b9e9-b61f3551aa58, c370b626-8d8e-4c0e-9d06-0cf16473bd29, 96d328b9-5da7-4389-a9ac-765e98971ab7, e384ec29-136e-4241-9321-49b367b8cbd5, 1f8c0562-a740-4f88-8531-d3c358670428, cbc832d6-af68-41bf-91d4-8740d71c5952","1657649350926, 1657822047705, 1657895575773, 1659549998327, 1659550129844, 1659636328502, 1659963591964, 1660129712995, 1660153803257","0, 1, 0, 2, 0, 0, 0, 0, 0","348805, 13805, 60000, 130000, 14937, 81026, 200000, 64582, 100000","74.8, 21.25, 57.21, 65.86, 22.16, 62.18, 89.07, 65.91, 72.52","1, 1, 1, 1, 1, 1, 1, 1, 1","1657649350926, 1657822047705, 1657895575773, 1659549998327, 1659550129844, 1659636328502, 1659963591964, 1660129712995, 1660153803257"
f085c1de01710b53fa1eeb8c1e8aafeafbd00c9548e05161e6b44561de6765ff,Non-Logged,9,"1221b946-8b99-4a05-84f0-53236fcc9537, 89e19170-9ad6-4a7d-afbf-1721b2fae186, 54bd9fc4-40ba-4cfb-ab68-272b44bf7656, 28349789-19ee-4f64-8062-41361eca914e, 4cffbe6d-92e4-488f-81d2-9588cd3f8012, 43b2cc3d-cfb7-46da-9e3a-da6a8d82840b, 2ba62eab-694e-4c51-96d4-578bce5e2d8d, 08a27175-61cb-4462-b0cf-4f9ec2d9d9f0, a7e26e3f-59fc-4c02-806a-89ed6a1bd475","1656963277210, 1656984210558, 1657054556909, 1657054709745, 1657054885492, 1657141990004, 1657207891644, 1657307599344, 1657499434056","0, 0, 2, 0, 0, 0, 0, 0, 0","44640, 9276, 51195, 126279, 6086, 16613, 10000, 120000, 85175","38.88, 12.08, 30.95, 60.42, 30.17, 24.5, 9.58, 58.54, 47.25","1, 1, 1, 1, 1, 1, 1, 1, 1","1656963277210, 1656984210558, 1657054556909, 1657054709745, 1657054885492, 1657141990004, 1657207891644, 1657307599344, 1657499434056"
92289dc875a9b03ac81b6c97cfb9a7f68e5bf46ae64cc5ec57625f10c308d71a,Non-Logged,9,"9c8cc464-6aeb-47b7-9e0d-c5e01aa24859, e63ea28f-87e4-4a99-9587-3ee9597c9ddc, 5af379e6-1bd1-4cf8-a23c-03266fb77b2c, f6b5d170-48b9-4f8e-88d4-c84b6668f3bd, aa540e40-821d-43df-a5d2-f0beba7b86e3, bda283cb-b26e-4cb2-99f4-11951781b3f5, 4a589844-f6e4-4634-974e-3284349f0041, 8ea57596-382b-4180-b6ba-6d298a20c68b, 3b5e35e8-8fdc-453a-b708-af8358e26c2b","1656683941026, 1657022889618, 1657022926810, 1657022998452, 1658062856800, 1658319254830, 1658403090125, 1658485656123, 1658583341384","0, 0, 0, 0, 0, 1, 2, 2, 0","10000, 11827, 40735, 46767, 10000, 57348, 110000, 20000, 10000","9.69, 43.17, 14.66, 40.53, 8.35, 43.14, 68.28, 27.76, 20.9","1, 1, 1, 1, 1, 1, 1, 1, 1","1656683941026, 1657022889618, 1657022926810, 1657022998452, 1658062856800, 1658319254830, 1658403090125, 1658485656123, 1658583341384"
8160dc2f4f59d41bcc6c7136a9651ec884f66e659d08465807e18868f6b15eca,Non-Logged,9,"90679a64-9984-4c9f-baac-e605d5b1290c, 87b7c93a-809a-4709-8e59-c56b02fec7c2, d61c5cc7-2a4f-42c5-ab06-bef4a6314808, 17d0a275-8223-472c-8c9c-cafdbd6b5739, 914fe264-109c-4d4d-8f18-052785666a24, 5299f529-c3f7-48a5-96eb-e30fb0dbdf2e, 0306487b-37be-4eda-bd8e-ad0a60886480, ee4e3b80-caf5-4e83-a66a-01e38f2b8475, 0b5caeed-ff6f-4b9d-8375-9ad25827a4ae","1657586625503, 1657587002252, 1657587604500, 1659552899401, 1659559138579, 1659843186853, 1659843354324, 1659843380043, 1660082226467","2, 1, 0, 2, 1, 1, 0, 0, 1","190000, 270000, 12591, 133124, 110000, 147212, 21927, 118649, 84533","45.43, 92.29, 36.1, 60.45, 46.09, 49.13, 69.07, 68.28, 37.89","1, 1, 1, 1, 1, 1, 1, 1, 1","1657586625503, 1657587002252, 1657587604500, 1659552899401, 1659559138579, 1659843186853, 1659843354324, 1659843380043, 1660082226467"
4db7e2f209cc5570ca3e56ff754bbdf0c9ee5027131ac824531fcc73b606eec8,Non-Logged,9,"1186f5b2-26f8-4da9-a230-d2acb5f3c5aa, 529a23e0-baa8-4824-9554-416ceba464ae, 2718be04-8638-4736-93b4-6352142dd86f, 564f0976-781b-44e7-96c8-7377097d0101, cbd5caa8-568d-408e-909f-056c32d6b75a, a68bd3bb-3ffc-4426-ad2f-ad530b9fafb3, 6b93f25b-c493-4e72-8b1d-53a60a4acd12, 5c0f83ea-162b-4fb9-955d-8e339b94f48b, 7ee3f504-6d12-48a6-a595-8bf6d03031d9","1656954120957, 1657025459240, 1657028878907, 1657543748847, 1657635759715, 1657635829526, 1657711302620, 1657915207679, 1658154742244","1, 0, 0, 0, 0, 0, 0, 0, 1","120000, 70000, 70000, 30000, 30000, 20000, 106507, 171681, 10000","24.58, 55.05, 43.98, 26.95, 34.1, 4.84, 46.76, 43.2, 25.39","1, 1, 1, 1, 1, 1, 1, 1, 1","1656954120957, 1657025459240, 1657028878907, 1657543748847, 1657635759715, 1657635829526, 1657711302620, 1657915207679, 1658154742244"
62bce3c93f51be34009195331727af1b1cdd41f0a010f022592e31f3511601a2,Non-Logged,10,"72f43c48-632d-48e9-b702-ebaaa8b18514, ec20e2c3-6fe6-40f3-9556-b767616537c8, c2e3320b-f202-4acc-a436-8742f1f6a02d, 66a8f57b-df0a-4aa9-b658-b3a14a4ccb93, 8f943d36-5d5e-4836-aa4d-11c0658d2f14, 2b297b00-5676-429c-9b00-522d4be9be44, 5d3d2776-c247-41e5-a090-9b936fa056c3, e72826ab-be14-4344-b5a8-7bf454dc557c, 4b482e6f-632d-438c-bd53-2815479e42c6, 21478cb1-8762-4205-b7d6-c4244487dfb4","1656958089716, 1656958105310, 1657649387470, 1657649463326, 1657649489804, 1657649559467, 1658759374916, 1659024799152, 1659454264515, 1659454390811","2, 0, 0, 0, 0, 1, 0, 1, 0, 0","10692, 18780, 51410, 16943, 19777, 33938, 49761, 93454, 20000, 90000","24.15, 26.58, 40.23, 47.64, 38.53, 66.73, 43.37, 72.51, 7.69, 52.48","1, 1, 1, 1, 1, 1, 1, 1, 1, 1","1656958089716, 1656958105310, 1657649387470, 1657649463326, 1657649489804, 1657649559467, 1658759374916, 1659024799152, 1659454264515, 1659454390811"
856b10ebbf538695f93f25d67507e1b99e2a5168f4dbe4aa35aeaed8612eb654,Logged,10,"3560dc2f-cb8d-4c62-b024-16dd68aeb3d0, 7532d43b-ab92-415d-98c3-fe3c51bba50b, e154d6bb-a29a-43c8-965f-45b3629e521f, 97c0af3c-294d-4621-b522-8685841de70c, 0f00b783-3f86-4f98-9292-fb415e45a47b, 97e8e756-49fa-466a-881c-4eb583b57308, f9bfc83d-3fe3-4c5d-994f-c78bf46a5612, d5f5e1da-c3c8-49ab-b0a6-e027f3d4d724, 444db2d3-2856-4307-8a36-09b15651fb8b, 9c989bd5-2987-451b-a4af-1143e774f2a0","1658010644820, 1659732176630, 1660329284247, 1660514594442, 1660515423988, 1660515447831, 1660516286742, 1660516333053, 1660516394351, 1660516687756","52, 32, 26, 0, 4, 0, 0, 4, 0, 0","130000, 70000, 70000, 10000, 80000, 10000, 19536, 20000, 9323, 33591","63.79, 52.54, 48.78, 14.4, 29.27, 36.81, 27.53, 25.98, 10.45, 33.38","1, 1, 1, 1, 1, 1, 1, 1, 1, 1","1658010644820, 1659732176630, 1660329284247, 1660514594442, 1660515423988, 1660515447831, 1660516286742, 1660516333053, 1660516394351, 1660516687756"
e5e88f2ae17ba8b4bec8075ec2f5782bec65739d12306bf0946f1f151d2da423,Non-Logged,10,"e6f987c1-546f-4a9e-9a88-b2e2eb2a9068, 39637899-fc4a-47f2-b5aa-266a97d54cb0, df29aa4e-6429-4deb-93b3-88e88813ab60, e8ab098c-f017-4323-9233-004a0781c946, b2e0fc5f-b999-4cda-b004-5e7da2430ba0, 1c27cf97-b20c-4e40-b1f1-288b721517b3, c818878c-c100-4fff-8ae8-0117b34ce33b, 12dd3c0b-92d4-4791-a999-756849bf28a9, 119c9753-fd82-422b-b6d1-e255cfbc5d42, 4cdba510-1de8-4d01-b161-e6d00b0e75fc","1657048570185, 1657378084381, 1657752202418, 1658089283269, 1658785409843, 1659139932113, 1659187557501, 1659750964099, 1659987920229, 1659988567684","0, 1, 0, 1, 2, 0, 1, 1, 1, 0","10000, 58822, 40752, 60000, 231293, 50000, 68556, 20000, 159049, 17515","13.23, 42.98, 54.34, 14.51, 54.55, 22.0, 35.76, 40.59, 47.58, 14.43","1, 1, 1, 1, 1, 1, 1, 1, 1, 1","1657048570185, 1657378084381, 1657752202418, 1658089283269, 1658785409843, 1659139932113, 1659187557501, 1659750964099, 1659987920229, 1659988567684"
ea5d144d245a1f891b06e749f5d19b26c211e08a4344968451348c0457fa0a3a,Non-Logged,10,"87feaa00-c162-4d0a-8dbc-20f504646d04, 58c69cde-570a-4558-bca6-987480110522, 1f59877a-6e53-4e34-a24a-0e2283dd745b, a9d7094a-dabe-42bc-abbe-d703783abd13, 5f2f1833-d203-486a-ac56-665fc3767018, cb324527-6a66-491d-b53c-6a6d7ece566f, b01634ec-54e6-4991-820a-72dabc9aa9a4, 43ef7f95-d4a6-4926-a5d4-1e28569a4e9f, 4c63d7cd-4902-4ffb-9b94-578b1b2151f0, c0b5909f-fa31-4cfa-afba-550d0b5d9935","1657222292142, 1657301881046, 1657376140873, 1657376389492, 1657656329523, 1657919048822, 1658152543135, 1658152655033, 1658425145824, 1658433451305","3, 2, 0, 6, 0, 12, 2, 1, 0, 3","35414, 44005, 10270, 110000, 50000, 70000, 42480, 8373, 20000, 52646","66.44, 11.95, 43.63, 21.83, 65.83, 25.82, 49.19, 73.74, 11.59, 63.92","1, 1, 1, 1, 1, 1, 1, 1, 1, 1","1657222292142, 1657301881046, 1657376140873, 1657376389492, 1657656329523, 1657919048822, 1658152543135, 1658152655033, 1658425145824, 1658433451305"
f2e6a52a6b6b07c8ab010eb6be56318c74ca93efa979746287c1bb5cc589ae5b,Non-Logged,10,"290c3a55-b7e8-4344-a66f-a789166cc1d7, af617145-c750-4973-81eb-a1ff00e6ed1c, c34bc409-bdbc-4d58-875c-16d9ab4cd209, a1c96be2-5708-4bb3-861a-659123ade1cc, bbc1b096-fc04-424d-a8bb-000cdb45337c, b7f30490-0b67-4ccc-b032-1eeeb179b464, d7f17a3c-3885-4b47-95a8-c4204a3698f5, 598ed114-fd5a-4d82-90d8-f1e893cb0892, d173164f-dcfc-4e32-8006-64ab44a57c66, e48096f7-49c2-4d27-bb83-9faeaa0a27f6","1659371503391, 1660235781518, 1660236116888, 1660236248680, 1660236373228, 1660236448706, 1660236667704, 1660236755602, 1660422841575, 1660422909869","3, 93, 35, 40, 27, 57, 43, 9, 6, 5","10000, 330100, 126111, 119151, 67938, 212088, 81512, 30144, 20000, 25098","32.23, 80.69, 78.03, 88.92, 44.88, 91.92, 87.56, 35.75, 35.79, 37.52","1, 1, 1, 1, 1, 1, 1, 1, 1, 1","1659371503391, 1660235781518, 1660236116888, 1660236248680, 1660236373228, 1660236448706, 1660236667704, 1660236755602, 1660422841575, 1660422909869"
2415a88b1e5932c63142cd2604115358ce961cba5efc0f35dbacee95d25ca35a,Logged,10,"eb03251a-9898-4f4a-8bbf-0aa6820ab023, 2c7fc882-8f07-4dbb-9f9b-59d70c3a8da4, 4fecbc7c-5a70-4d01-b73a-475df00f057f, 8bd07eb3-d4ef-41bc-9713-0fe039806894, bec02397-631e-43f1-ad8f-c4ee13a10a9c, 7e4b550b-2f1c-40da-94ac-18f92bf34b78, e475ec3a-44df-4f8b-98cf-4ae9403024b1, 6490eba3-9137-4072-aab4-bbbb35b7e956, 76336ebf-b0ce-4083-80c0-ae95e57e270d, 69e86635-45ba-4ad4-91ed-ca28315558d5","1656901550979, 1656901573315, 1656901770682, 1657974107060, 1658090599038, 1658090619197, 1658108746211, 1658108750591, 1658355564267, 1658951408225","4, 13, 38, 9, 10, 0, 1, 7, 8, 10","10138, 47997, 153451, 70000, 44521, 7955, 10000, 77316, 21348, 40000","15.16, 31.35, 63.37, 36.51, 17.73, 13.16, 13.5, 43.94, 34.26, 24.68","1, 1, 1, 1, 1, 1, 1, 1, 1, 1","1656901550979, 1656901573315, 1656901770682, 1657974107060, 1658090599038, 1658090619197, 1658108746211, 1658108750591, 1658355564267, 1658951408225"
b26673c34e4fc30a09bd7bc331c44c687dac9766ac316275d77f94aa8486efc7,Non-Logged,1,1c044129-0d20-4377-8cb5-4d96b4e8e57b,1659221780664,7,377988,21.68,2,1659221780664
89ef61aec20ceaa21ed81cf106d4025e430a9f452823a1c7c7cc25363ecc1791,Non-Logged,1,b0123c2b-f470-4c46-82fa-d7b296c2bbdf,1658442570483,0,40000,20.78,2,1658442570483
79bacee78a648aee5d13bee4b03886208328452fdcb0a429f8d957c16ff77db9,Non-Logged,1,a70fefee-e4f7-4023-821f-2f0a260295c1,1659951833352,20,70392,37.56,2,1659951833352
cdc74351581e2e81e300bce0fccadb294133d50aeb7fb93215f5b3e7640c61a2,Non-Logged,1,759a6cf0-f15c-4191-a4a3-508df58b33ea,1657205783720,4,164728,59.79,2,1657205783720
ad3c4bbe4b71ade4511769113cc3a451b6ff4d6540164c90acdfd58337453337,Non-Logged,1,839203a6-914f-4a39-a9b0-105b9a5ef1f4,1656950591765,0,38043,27.57,2,1656950591765
cef7a0553a4bc8260a98cecd211d3f8180868188dc20e033c2e5a1c41c4f713e,Non-Logged,1,b1171950-8e54-465c-8850-380b380d2a0e,1658918167249,107,330000,28.73,2,1658918167249
cbcde0a65a7b4fd8c024cbd5616cc18672046d7c0efd8866cbead1d4b594ab55,Non-Logged,1,48f2ef9f-0fe9-4b8d-846e-715fa0b9599b,1657501582481,37,170000,28.97,2,1657501582481
